_id,PK,CCR,HIERARCHY,INCIDENTTIME,Date,Time,INCIDENTLOCATION,Zip_Code,CLEAREDFLAG,Neighborhood,Police_Zone,Incident_Description,OFFENSES,INCIDENTTRACT,Council_District,PUBLIC_WORKS_DIVISION,Latitude ,Longitude 
5,147232544,17002219,0,2017-01-04T17:00:00,2017-01-04,17:00:00,"5000 Block Glenwood Ave Pittsburgh, PA 15207",15207,N,Hazelwood,4,99,9999 9999 - (Misc. Incident): Harassment,1515,5,3,-79.940323,40.4092963
6,147236261,17002214,0,2017-01-04T16:25:00,2017-01-04,16:25:00,"Fort Duquesne Blvd & Stanwix St Pittsburgh, PA 15222",15222,Y,Central Business District,2,99,627.02(b)(i) Possessing a small amount of marijuana / 3334 Turning Movements and Required Signals.,201,6,6,-80.0046759,40.44345815
16,147435012,17004301,0,2017-01-08T01:45:00,2017-01-08,01:45:00,"N Pa Rt 28 & Anderson St Pittsburgh, PA 15212",15212,Y,North Shore,1,99,3733 Fleeing or Attempting to Elude Police Officer / 3323 Stop Signs and Yield Signs. / 3802(a)(1) DUI - General Impairment,2205,1,1,-80.00136795,40.45080004
30,147327792,17002939,0,2017-01-05T18:00:00,2017-01-05,18:00:00,"400 Block mt pleasant Rd Pittsburgh, PA 15214",15214,N,Northview Heights,1,99,9999 9999 - (Misc. Incident): Non violent domestic,2609,1,1,-80.00190144,40.47982925
58,146823562,16241141,0,2016-12-29T09:59:00,2016-12-29,09:59:00,"5600 Block Munhall Rd Pittsburgh, PA 15217",15217,N,Squirrel Hill South,4,99,2709(a)(5) Harassment Communicates Repeatedly in Anonymous Manner,1413,5,3,-79.92460144,40.43335804
69,146702238,16239808,0,2016-12-26T22:00:00,2016-12-26,22:00:00,"3800 Block O'Hara St Pittsburgh, PA 15213",15213,N,West Oakland,4,99,9999 9999 - (Misc. Incident): possible cyber luring of a juvenile,402,8,3,-79.95956034,40.44331555
79,146924040,16242197,0,2016-12-31T02:14:00,2016-12-31,02:14:00,"700 Block E Warrington Ave Pittsburgh, PA 15210",15210,N,Allentown,3,99,9999 9999 - (Misc. Incident): ,1803,3,4,-79.99548539,40.42151101
84,146714936,16240311,0,2016-12-27T20:25:00,2016-12-27,20:25:00,"200 Block Grandview Ave Pittsburgh, PA 15211",15211,N,Mount Washington,3,99,9999 9999 - (Misc. Incident): ,1914,2,5,-80.00806432,40.43237752
160,146886176,16241685,0,2016-12-30T07:29:00,2016-12-30,07:29:00,"2100 Block Brownsville Rd Pittsburgh, PA 15210",15210,N,Carrick,3,99,9998 Overdose Other,2902,4,4,-79.98735091,40.39183252
98,146678861,16240107,0,2016-12-27T14:00:00,2016-12-27,14:00:00,"900 Block Western Ave Pittsburgh, PA 15233",15233,N,Allegheny West,1,99,9999 9999 - (Misc. Incident): ,2201,1,1,-80.01680324,40.45207945
115,146937378,16242894,0,2016-12-31T13:05:00,2016-12-31,13:05:00,"Lilac St & Murray Ave Pittsburgh, PA 15217",15217,N,Greenfield,4,99,9134 Pedestrian Hit by Vehicle/Non-Reportable Accident,1517,5,3,-79.92865165,40.42320644
118,146783253,16240824,0,2016-12-28T18:30:00,2016-12-28,18:30:00,"4200 Block Mc Caslin St Pittsburgh, PA 15217",15217,Y,Greenfield,4,99,9133 Noise Complaint - No Citation,1517,5,3,-79.9367067,40.42298243
120,146783836,16240352,0,2016-12-27T21:30:00,2016-12-27,21:30:00,"3400 Block 5th Ave Pittsburgh, PA 15213",15213,N,West Oakland,4,99,2709(a)(2) Harassment by Following Person in Public Place(s),402,6,3,-79.96178778,40.43912007
121,146793464,16240912,0,2016-12-28T21:02:00,2016-12-28,21:02:00,"30 Block Almeda St Pittsburgh, PA 15207",15207,Y,Hazelwood,4,99,9093 Indirect Criminal Contempt,1515,5,3,-79.94055761,40.40302252
129,146704068,16240153,0,2016-12-27T15:58:00,2016-12-27,15:58:00,"Gaskel St Pittsburgh, PA 15211",15211,N,Mount Washington,3,99,9094 Recovered Stolen Vehicle (OUTSIDE CITY),1914,2,5,-80.0095497,40.42978374
130,146728299,16240477,0,2016-12-28T05:22:00,2016-12-28,05:22:00,"800 Block Suismon St Pittsburgh, PA 15212",15212,N,East Allegheny,1,99,9998 Overdose Other,2304,1,1,-79.99735506,40.45581482
139,146947810,16242637,0,2016-12-31T21:30:00,2016-12-31,21:30:00,"900 Block Watson St Pittsburgh, PA 15219",15219,N,Bluff,2,99,2709(a)(5) Harassment Communicates Repeatedly in Anonymous Manner,103,6,6,-79.99155821,40.43824766
143,146960429,17000269,0,2017-01-01T10:51:00,2017-01-01,10:51:00,"3000 Block Vensel Way Pittsburgh, PA 15212",15212,N,Marshall-Shadeland,1,99,9999 9999 - (Misc. Incident): Dog Bite,2715,1,1,-80.02872837,40.47202205
152,146870488,16241619,0,2016-12-30T03:00:00,2016-12-30,03:00:00,"100 Block Millbridge St Pittsburgh, PA 15210",15210,N,Allentown,3,99,9999 9999 - (Misc. Incident): ,1803,3,4,-79.99588771,40.42175627
165,146976687,17000579,0,2017-01-01T05:11:00,2017-01-01,05:11:00,"2000 Block E Carson St Pittsburgh, PA 15203",15203,N,South Side Flats,3,99,9999 9999 - (Misc. Incident): ,1702,3,4,-79.97750748,40.42831022
170,146629122,16239682,0,2016-12-26T17:09:00,2016-12-26,17:09:00,"90 Block S 24th St Pittsburgh, PA 15203",15203,N,South Side Flats,3,99,9998 Overdose Other,1609,3,4,-79.97117559,40.42886706
177,146637785,16239812,0,2016-12-26T22:15:00,2016-12-26,22:15:00,"2100 Block Lowrie St Pittsburgh, PA 15212",15212,N,Troy Hill,1,99,9998 Overdose Other,2406,1,1,-79.97884646,40.46925739
197,146955200,17000152,0,2017-01-01T04:04:00,2017-01-01,04:04:00,"1500 Block Eckert St Pittsburgh, PA 15212",15212,N,Marshall-Shadeland,1,99,9999 9999 - (Misc. Incident): Intox Females,2715,1,1,-80.03374978,40.47143042
212,146695556,16240142,0,2016-12-27T16:19:00,2016-12-27,16:19:00,"700 Block Doolittle St Carnegie, PA 15106",15106,N,Outside City,OSC,99,9094 Recovered Stolen Vehicle (OUTSIDE CITY),5599,,,-80.09514019,40.40762387
214,146727909,16240456,0,2016-12-28T03:30:00,2016-12-28,03:30:00,"50 Block Grape St Pittsburgh, PA 15210",15210,N,Knoxville,3,99,9999 9999 - (Misc. Incident): ,3001,3,4,-79.99015911,40.41260708
219,146974805,17000522,0,2017-01-01T19:37:00,2017-01-01,19:37:00,"400 Block Ardary St Pittsburgh, PA 15206",15206,N,Garfield,5,99,607.03 Discharging Firearm or Airgun,1114,9,2,-79.93240294,40.4680773
231,147205962,17002125,0,2017-01-04T13:18:00,2017-01-04,13:18:00,"800 Block Allegheny Ave Pittsburgh, PA 15233",15233,N,Chateau,1,99,9998 Overdose Other,2108,1,1,-80.01853444,40.45062996
243,146793496,16240876,0,2016-12-28T19:52:00,2016-12-28,19:52:00,"200 Block Lothrop St Pittsburgh, PA 15213",15213,N,West Oakland,4,99,9999 9999 - (Misc. Incident): Three victims showed up to UPMC Presby for gunshot wounds,402,8,3,-79.96109344,40.44173012
246,147040311,17000897,0,2017-01-02T14:03:00,2017-01-02,14:03:00,"Federal St N & Lang  Way Pittsburgh, PA 15212",15212,N,Central North Side,1,99,1501 Drivers Required to be Licensed. / 3334 Turning Movements and Required Signals. / 3733 Fleeing or Attempting to Elude Police Officer / 3736 Reckless Driving / 3323 Stop Signs and Yield Signs.,2206,6,1,-80.00758094,40.45827903
281,146946155,16242581,0,2016-12-31T20:00:00,2016-12-31,20:00:00,"1500 Block Brighton Rd Pittsburgh, PA 15212",15212,N,California-Kirkbride,1,99,9999 9999 - (Misc. Incident): ,2507,6,1,-80.01651556,40.45651505
282,146946909,16242589,0,2016-12-31T20:30:00,2016-12-31,20:30:00,"Fort Duquesne Blvd & 9th St Brg Pittsburgh, PA 15222",15222,N,North Shore,1,99,9999 9999 - (Misc. Incident): ,2205,6,6,-79.9989952,40.44514499
295,147214389,17002195,0,2017-01-02T00:01:00,2017-01-02,00:01:00,"7000 Block Fleury Way Pittsburgh, PA 15208",15208,N,Homewood South,5,99,9999 9999 - (Misc. Incident): ,1303,9,2,-79.90160211,40.45702197
324,147227040,17002256,0,2017-01-01T20:00:00,2017-01-01,20:00:00,Zone 6,one 6,N,,6,99,3127(a) Indecent exposure,,,,,
325,147230713,17002317,0,2017-01-04T00:01:00,2017-01-04,00:01:00,"2100 Block Peekskill St Pittsburgh, PA 15214",15214,N,Fineview,1,99,2709(a)(5) Harassment Communicates Repeatedly in Anonymous Manner,2509,6,1,-80.00286839,40.46575249
346,147428408,17004091,0,2017-01-07T18:00:00,2017-01-07,18:00:00,"2000 Block 5th Ave Pittsburgh, PA 15219",15219,N,West Oakland,4,99,9999 9999 - (Misc. Incident): 9999 - (Misc. Incident): ,402,6,3,-79.9775296,40.43800271
349,147050084,17001044,0,2017-01-02T15:00:00,2017-01-02,15:00:00,"1100 Block N Negley Ave Pittsburgh, PA 15206",15206,N,Highland Park,5,99,9999 9999 - (Misc. Incident): ,1102,7,2,-79.92417416,40.47546282
350,147071342,17001273,0,2017-01-03T04:03:00,2017-01-03,04:03:00,"S Ohio River Blvd & Mckees Rocks Brg Pittsburgh, PA 15212",15212,N,Brighton Heights,1,99,9999 9999 - (Misc. Incident): Injured animal disposal-deer ,2701,1,1,-80.04310321,40.47884647
355,147298301,17002698,0,2017-01-05T10:55:00,2017-01-05,10:55:00,"500 Block Emahlea St Pittsburgh, PA 15207",15207,N,Hazelwood,4,99,9999 9999 - (Misc. Incident): ,1501,5,3,-79.93779581,40.41772557
367,147299740,17002740,0,2017-01-05T11:38:00,2017-01-05,11:38:00,"400 Block Arabella St Pittsburgh, PA 15210",15210,Y,Knoxville,3,99,9093 Indirect Criminal Contempt,3001,3,4,-79.99511698,40.41283565
376,147447551,17004260,0,2017-01-08T00:50:00,2017-01-08,00:50:00,"S 16th St & Roland St Pittsburgh, PA 15203",15203,Y,South Side Flats,3,99,601.16 Public Urination And Defecation,1702,3,4,-79.98283645,40.42854098
378,147449107,17004263,0,2017-01-08T00:51:00,2017-01-08,00:51:00,"Roland St & S 16th St Pittsburgh, PA 15203",15203,Y,South Side Flats,3,99,601.16 Public Urination And Defecation,1702,3,4,-79.98283645,40.42854098
394,147195493,17002092,0,2017-01-04T11:40:00,2017-01-04,11:40:00,"Murray Ave & Douglas St Pittsburgh, PA 15217",15217,N,Squirrel Hill South,4,99,9999 9999 - (Misc. Incident): Bicycle/Car Door Collision,1408,5,3,-79.92307941,40.43280991
408,147376652,17003443,0,2017-01-06T15:21:00,2017-01-06,15:21:00,"2200 Block Wilner Dr Pittsburgh, PA 15221",15221,Y,East Hills,5,99,3503(b)(1)(iii) Defiant Trespass - Fencing or Other Enclosure,1306,9,2,-79.86682966,40.45338758
411,147386012,17003591,0,2017-01-06T19:00:00,2017-01-06,19:00:00,"600 Block Hampshire Ave Pittsburgh, PA 15216",15216,N,Beechview,6,99,9999 9999 - (Misc. Incident): ,1916,4,5,-80.01920055,40.41080741
2601,148392003,17013549,0,2017-01-22T17:20:00,2017-01-22,17:20:00,"Sandusky Ct & Henderson St Pittsburgh, PA 15212",15212,N,Fineview,1,99,9998 Overdose Other,2509,6,1,-80.00562369,40.45922713
417,147407084,17003804,0,2017-01-07T05:02:00,2017-01-07,05:02:00,"1200 Block Mutual St Pittsburgh, PA 15204",15204,N,Sheraden,6,99,9999 9999 - (Misc. Incident): 9999 - (Misc. Incident): Suspicious Person,2022,2,5,-80.06351876,40.45268207
426,147459686,17004816,0,2017-01-09T01:09:00,2017-01-09,01:09:00,"800 Block Schuler St Pittsburgh, PA 15210",15210,N,St. Clair,3,99,3301 Arson ,1606,3,4,-79.97546339,40.40952422
433,146849812,16241404,0,2016-12-29T18:04:00,2016-12-29,18:04:00,"3000 Block Shadeland Ave Pittsburgh, PA 15212",15212,Y,Marshall-Shadeland,1,99,9093 Indirect Criminal Contempt,2715,1,1,-80.03072791,40.47163751
436,146895884,16241706,0,2016-12-30T07:30:00,2016-12-30,07:30:00,"2000 Block Wightman St Pittsburgh, PA 15217",15217,N,Squirrel Hill South,4,99,0292 Located Runaway - not Reported Missing,1413,5,3,-79.92768103,40.43407211
437,147560244,17005628,0,2017-01-10T12:00:00,2017-01-10,12:00:00,"300 Block Chalfont St Pittsburgh, PA 15210",15210,N,Beltzhoover,3,99,9999 9999 - (Misc. Incident): ,1809,3,4,-80.0022197,40.41646998
446,147501676,17005196,0,2017-01-09T16:30:00,2017-01-09,16:30:00,"10 Block E Amanda Ave Pittsburgh, PA 15210",15210,N,Knoxville,3,99,2709.2 Stalking Conduct or Repeatedly Communicates,3001,3,4,-79.9882824,40.4179746
448,147512070,17003144,0,2017-01-06T02:02:00,2017-01-06,02:02:00,"S 13th St & E Carson St Pittsburgh, PA 15203",15203,Y,South Side Flats,3,99,601.16 Public Urination And Defecation,1702,3,4,-79.9853271,40.42877496
455,146943890,16242505,0,2016-12-31T17:01:00,2016-12-31,17:01:00,"Broadway Ave & Fallowfield Ave Pittsburgh, PA 15216",15216,N,Beechview,6,99,1543 Driving While Operating Privilege is Suspended or Revoked.,1916,4,5,-80.02375789,40.41116305
463,147690859,17006647,0,2017-01-11T22:27:00,2017-01-11,22:27:00,"400 Block Greentree Rd Pittsburgh, PA 15220",15220,N,West End,6,99,9999 9999 - (Misc. Incident): ,2019,2,5,-80.03395994,40.43584367
484,146954037,17000006,0,2017-01-01T00:05:00,2017-01-01,00:05:00,"Colorado St & Atmore St Pittsburgh, PA 15212",15212,N,Marshall-Shadeland,1,99,8106 Shots Fired,2704,1,1,-80.03038292,40.46272289
499,147043338,17000938,0,2017-01-01T00:02:00,2017-01-01,00:02:00,"300 Block Dunlap St Pittsburgh, PA 15214",15214,N,Perry North,1,99,9999 9999 - (Misc. Incident): ,2607,1,1,-80.01319,40.48644251
511,147011224,17000771,0,2017-01-02T09:00:00,2017-01-02,09:00:00,"600 Block Caherine St Duquesne, PA ",", PA ",N,Outside City,OSC,99,9999 9999 - (Misc. Incident): ,5599,,,-79.85323533,40.36960119
529,147160137,17001906,0,2017-01-04T03:19:00,2017-01-04,03:19:00,"900 Block Saw Mill Run Blvd Pittsburgh, PA 15226",15226,Y,Bon Air,3,99,1786 Required Financial Responsibility. / 3802(a)(1) DUI - General Impairment,1806,2,5,-80.02301213,40.42665563
535,147302768,17002769,0,2017-01-05T12:45:00,2017-01-05,12:45:00,"2300 Block East Hills Dr Pittsburgh, PA 15221",15221,Y,North Oakland,5,99,3503(b)(1)(iii) Defiant Trespass - Fencing or Other Enclosure,404,9,2,-79.87136146,40.45656464
542,147233250,17002307,0,2017-01-04T17:55:00,2017-01-04,17:55:00,"100 Block Bausman St Pittsburgh, PA 15210",15210,Y,Knoxville,3,99,3503.B1I DEF. TRESPASS ACTUAL COMMUNICATION,3001,,,-79.98805131,40.41437893
547,147352905,17003238,0,2017-01-06T08:35:00,2017-01-06,08:35:00,"Finance St & N Braddock Ave Pittsburgh, PA 15208",15208,N,Homewood South,5,99,9999 9999 - (Misc. Incident): Non-reportabel accident,1303,9,2,-79.89252107,40.45067296
554,147326193,17002850,0,2017-01-05T15:50:00,2017-01-05,15:50:00,"3600 Block Chartiers Ave Pittsburgh, PA 15204",15204,N,Chartiers City,6,99,9998 Overdose Other,2021,2,5,-80.06918066,40.45853432
563,146628979,16239661,0,2016-12-26T17:00:00,2016-12-26,17:00:00,"600 Block Bausman St Pittsburgh, PA 15210",15210,N,Knoxville,3,99,9998 Overdose Other,3001,3,4,-79.99693858,40.4141261
565,146644564,16239871,0,2016-12-27T01:27:00,2016-12-27,01:27:00,"100 Block 9th St Pittsburgh, PA 15222",15222,Y,Central Business District,2,99,9999 9999 - (Misc. Incident): 9999 - (Misc. Incident): ,201,6,6,-79.99905,40.44509999
581,-2772001370,17003997,0,2017-01-07T15:27:00,2017-01-07,15:27:00,"300 Block Cedar Ave Pittsburgh, PA 15212",15212,N,Allegheny Center,1,99,9999 9999 - (Misc. Incident): ,2204,1,1,-80.00084389,40.45089272
597,147500190,17005162,0,2017-01-09T17:10:00,2017-01-09,17:10:00,"300 Block Cedar Ave Pittsburgh, PA 15212",15212,N,East Allegheny,1,99,9998 Overdose Other,2304,1,1,-80.00084389,40.45089272
611,147478983,17004966,0,2017-01-09T09:58:00,2017-01-09,09:58:00,"Ohio River Blvd & Mckees Rocks Brg Pittsburgh, PA 15212",15212,Y,Brighton Heights,1,99,"5507(a) Obstructing highway, railroad or public passage",2701,1,1,-80.04310321,40.47884647
632,146790264,16240913,0,2016-12-28T21:15:00,2016-12-28,21:15:00,"1200 Block 5th Ave Pittsburgh, PA 15219",15219,N,Bluff,2,99,2709(a)(5) Harassment Communicates Repeatedly in Anonymous Manner,103,6,3,-79.98882989,40.43849771
637,147509576,17005272,0,2017-01-09T19:31:00,2017-01-09,19:31:00,"600 Block Chess St Pittsburgh, PA 15211",15211,N,Mount Washington,3,99,9998 Overdose Other,1915,2,5,-80.01378891,40.42243216
648,147565222,17005657,0,2017-01-10T13:20:00,2017-01-10,13:20:00,"500 Block Liberty Ave Pittsburgh, PA 15222",15222,Y,Central Business District,2,99,9998 Overdose Other,201,6,6,-80.00347705,40.44123457
686,147601341,17006077,0,2017-01-10T22:15:00,2017-01-10,22:15:00,"200 Block Ross St Pittsburgh, PA 15219",15219,N,Central Business District,2,99,9997 Overdose Death,201,6,6,-79.99677219,40.43673612
701,146910712,16241901,0,2016-12-30T06:55:00,2016-12-30,06:55:00,"Centre Ave & Bigelow Blvd Pittsburgh, PA 15213",15213,N,North Oakland,4,99,9999 9999 - (Misc. Incident): ,403,8,3,-79.95490405,40.45097558
721,147147791,17001741,0,2017-01-03T20:08:00,2017-01-03,20:08:00,"Frankstown Ave & N Homewood Ave Pittsburgh, PA 15208",15208,Y,Homewood North,5,99,601.08(a) Alcohol or Liquor Consumption on Streets or Sidewalks,1302,9,2,-79.89629786,40.45739668
722,147644522,17006264,0,2017-01-11T12:20:00,2017-01-11,12:20:00,"300 Block Simms St Pittsburgh, PA 15211",15211,N,Mount Washington,3,99,9998 Overdose Other,1914,2,5,-80.01236006,40.42249795
723,-2983000358,17006246,0,2017-01-11T11:14:00,2017-01-11,11:14:00,"50 Block Briggs St Pittsburgh, PA 15234",15234,N,Overbrook,3,99,9999 9999 - (Misc. Incident): ,3207,4,4,-79.99867692,40.38595602
724,147645048,17006279,0,2017-01-11T04:45:00,2017-01-11,04:45:00,"50 Block 11th St Pittsburgh, PA 15222",15222,Y,Central Business District,2,99,9999 9999 - (Misc. Incident): ,201,3,4,-79.98767223,40.42895953
727,147651311,17006284,0,2017-01-11T13:05:00,2017-01-11,13:05:00,"3000 Block Paulowna St Pittsburgh, PA 15219",15219,N,Polish Hill,2,99,9999 9999 - (Misc. Incident): Dispatch Wounded Animal/Deer,605,7,6,-79.96905214,40.45567412
729,147653550,17006331,0,2017-01-11T14:30:00,2017-01-11,14:30:00,"5200 Block Baum Blvd Pittsburgh, PA 15224",15224,N,Bloomfield,5,99,9998 Overdose Other,804,7,2,-79.94155772,40.45558486
734,147662725,17006435,0,2017-01-11T15:30:00,2017-01-11,15:30:00,"2600 Block Perrysville Ave Pittsburgh, PA 15214",15214,N,Perry South,1,99,9999 9999 - (Misc. Incident): Methadone opened by known  person,2615,6,1,-80.00844781,40.47117479
735,147665315,17006350,0,2017-01-11T14:48:00,2017-01-11,14:48:00,"200 Block S Negley Ave Pittsburgh, PA 15206",15206,N,East Liberty,5,99,9134 Pedestrian Hit by Vehicle/Non-Reportable Accident,1115,9,2,-79.93012236,40.46456389
737,146920882,16241878,0,2016-12-30T14:30:00,2016-12-30,14:30:00,"1400 Block Creedmoor Ave Pittsburgh, PA 15226",15226,N,Brookline,6,99,9999 9999 - (Misc. Incident): ,1918,4,4,-80.01265422,40.389207
744,146952751,17000104,0,2017-01-01T02:25:00,2017-01-01,02:25:00,"3100 Block Chartiers Ave Pittsburgh, PA 15204",15204,N,Sheraden,6,99,9998 Overdose Other,2022,2,5,-80.06110096,40.45386432
745,146953272,17000059,0,2017-01-01T01:27:00,2017-01-01,01:27:00,"3000 Block Landis St Pittsburgh, PA 15204",15204,N,Sheraden,6,99,8106 Shots Fired,2018,2,5,-80.05455091,40.45516378
757,-2952001080,17006130,0,2017-01-11T06:20:00,2017-01-11,06:20:00,"1800 Block Maydell St Pittsburgh, PA 15216",15216,N,Banksville,6,99,8106 Shots Fired,2023,2,5,-80.03468205,40.40914694
759,147195375,17002090,0,2017-01-03T13:10:00,2017-01-03,13:10:00,"1700 Block Forbes Ave Pittsburgh, PA 15219",15219,N,Bluff,2,99,8104 CLASS 1 - Suspicious Package or Device,103,6,3,-79.98250821,40.43739151
773,147677596,17006562,0,2017-01-11T11:04:00,2017-01-11,11:04:00,"500 Block S Braddock Ave Pittsburgh, PA 15221",15221,N,Point Breeze,4,99,"6501(a)(1) Scattering Rubbish; Any waste, dangerous or detrimental substance upon public property or waters",1406,9,3,-79.8974287,40.4421885
798,147331245,17003019,0,2017-01-03T00:01:00,2017-01-03,00:01:00,"1200 Block Berkshire Ave Pittsburgh, PA 15226",15226,N,Brookline,6,99,9999 9999 - (Misc. Incident): ,1918,4,4,-80.01550248,40.38905037
800,-2746015409,17006549,0,2017-01-11T19:04:00,2017-01-11,19:04:00,"1200 Block Brookline Blvd Pittsburgh, PA 15226",15226,N,Brookline,6,99,9134 Pedestrian Hit by Vehicle/Non-Reportable Accident,3206,4,4,-80.0129906,40.39193562
806,147686595,17006604,0,2017-01-11T20:40:00,2017-01-11,20:40:00,"200 Block Mc Kee Pl Pittsburgh, PA 15213",15213,N,Central Oakland,4,99,9999 9999 - (Misc. Incident): ,405,3,3,-79.95946998,40.43973083
812,147133194,17001733,0,2017-01-03T20:35:00,2017-01-03,20:35:00,"900 Block Chestnut St Pittsburgh, PA 15212",15212,Y,East Allegheny,1,99,9999 9999 - (Misc. Incident): ,2304,1,1,-79.99480335,40.45635937
832,147661986,17006419,0,2017-01-11T00:01:00,2017-01-11,00:01:00,"200 Block Essen St Pittsburgh, PA 15214",15214,N,Spring Hill-City View,1,99,9999 9999 - (Misc. Incident): ,2620,1,1,-80.00254614,40.47306871
845,146594491,16239385,0,2016-12-26T01:31:00,2016-12-26,01:31:00,"1800 Block Mt Joseph St Pittsburgh, PA 15210",15210,N,Carrick,3,99,9998 Overdose Other,2901,4,4,-79.99052349,40.39659778
846,146594898,16239367,0,2016-12-26T00:47:00,2016-12-26,00:47:00,"3200 Block California Ave Pittsburgh, PA 15212",15212,Y,Brighton Heights,1,99,3802(a)(1) DUI - General Impairment / 3714 Careless Driving,2703,1,1,-80.03783915,40.47293548
859,147702111,17006741,0,2017-01-12T03:10:00,2017-01-12,03:10:00,"1100 Block Olivia St Pittsburgh, PA 15218",15218,N,Swisshelm Park,4,99,9998 Overdose Other,1411,5,3,-79.90669632,40.42124023
862,147347767,17003190,0,2017-01-06T05:10:00,2017-01-06,05:10:00,"1400 Block Bedford Ave Pittsburgh, PA 15219",15219,N,Crawford-Roberts,2,99,9999 9999 - (Misc. Incident): ,305,6,3,-79.98977747,40.44333208
867,147370947,17002277,0,2017-01-03T17:30:00,2017-01-03,17:30:00,"1900 Block Broadway Ave Pittsburgh, PA 15216",15216,N,Beechview,6,99,9999 9999 - (Misc. Incident): ,1920,4,5,-80.0272307,40.40721107
870,146748574,16240554,0,2016-12-28T10:03:00,2016-12-28,10:03:00,"4900 Block 5th Ave Pittsburgh, PA 15213",15213,N,Shadyside,4,99,8104 CLASS 1 - Suspicious Package or Device,709,8,3,-79.94414835,40.44724336
874,146801966,16240970,0,2016-12-29T00:00:00,2016-12-29,00:00:00,"700 Block Hampshire Ave Pittsburgh, PA 15216",15216,N,Beechview,6,99,3301 Arson ,1920,4,5,-80.02050569,40.41075929
876,146809264,16241045,0,2016-12-29T03:10:00,2016-12-29,03:10:00,"2300 Block Salisbury St Pittsburgh, PA 15210",15210,Y,South Side Slopes,3,99,2709(a)(6) Harassment Communicates Repeatedly at Extreme Hours,1608,3,4,-79.97415492,40.41876836
882,147669218,17006509,0,2017-01-11T18:25:00,2017-01-11,18:25:00,"700 Block Liberty Ave Pittsburgh, PA 15222",15222,Y,Central Business District,2,99,9093 Indirect Criminal Contempt,201,6,6,-79.99984634,40.44239042
887,147447638,17004554,0,2017-01-08T14:39:00,2017-01-08,14:39:00,"1000 Block N Negley Ave Pittsburgh, PA 15206",15206,Y,Highland Park,5,99,9998 Overdose Other,1102,7,2,-79.92472807,40.47427554
892,147453462,17004713,0,2017-01-08T20:16:00,2017-01-08,20:16:00,"Allegheny River Blvd & Washington Blvd Pittsburgh, PA 15147",15147,Y,Lincoln-Lemington-Belmar,5,99,627.02(b)(i) Possessing a small amount of marijuana,1201,7,2,-79.90784633,40.484269
896,146638599,16239843,0,2016-12-27T00:05:00,2016-12-27,00:05:00,"200 Block Vineland St Pittsburgh, PA 15234",15234,N,Overbrook,3,99,9999 9999 - (Misc. Incident): ,3207,4,4,-79.99807691,40.38660951
906,147706861,17006766,0,2017-01-12T04:40:00,2017-01-12,04:40:00,"6300 Block Ebdy St Pittsburgh, PA 15217",15217,N,Squirrel Hill South,4,99,9999 9999 - (Misc. Incident): Possible CYF investigation,1414,5,3,-79.92373601,40.42442016
910,-2799006851,17003794,0,2017-01-07T03:56:00,2017-01-07,03:56:00,"500 Block Westinghouse Ave Wilmerding, PA 15148",15148,N,Outside City,OSC,99,9094 Recovered Stolen Vehicle (OUTSIDE CITY),5599,,,-79.81098814,40.38935884
914,147424413,17004036,0,2017-01-06T23:30:00,2017-01-06,23:30:00,"2000 Block Tustin St Pittsburgh, PA 15219",15219,N,Bluff,2,99,9999 9999 - (Misc. Incident): ,103,6,3,-79.97766334,40.43676367
923,146827529,16241169,0,2016-12-29T10:46:00,2016-12-29,10:46:00,"1600 Block Leolyn St Pittsburgh, PA 15210",15210,Y,Carrick,3,99,9999 9999 - (Misc. Incident): Non-reportable accident / 1501 Drivers Required to be Licensed.,2902,4,4,-79.98647983,40.39978401
929,147679413,17006540,0,2017-01-11T18:41:00,2017-01-11,18:41:00,"Brownsville Rd & Mc Kinley St Pittsburgh, PA 15210",15210,Y,Knoxville,3,99,3742.1 Accident Involv. Death/Inj. While not Licensed / 1301 Registration and Certificate of Title Required. / 1786 Required Financial Responsibility. / 1543 Driving While Operating Privilege is Suspended or Revoked.,3001,,,-79.99111072,40.40874491
948,147494425,17005060,0,2017-01-09T13:00:00,2017-01-09,13:00:00,"2400 Block Bedford Ave Pittsburgh, PA 15219",15219,N,Bedford Dwellings,2,99,9999 9999 - (Misc. Incident): Check Well Being---Elderly,509,6,3,-79.97427068,40.44960637
953,146729625,16239942,0,2016-12-27T06:55:00,2016-12-27,06:55:00,"Benton Ave & Brighton Woods Rd Pittsburgh, PA 15212",15212,N,Brighton Heights,1,99,3926.C1 THEFT OF SERVICES,2708,1,1,-80.03333782,40.48705705
974,147662034,17006376,0,2017-01-11T15:32:00,2017-01-11,15:32:00,"4000 Block Perrysville Ave Pittsburgh, PA 15214",15214,N,Perry North,1,99,607.03 Discharging Firearm or Airgun / 8106 Shots Fired,2602,1,1,-80.01986977,40.49117108
981,147668765,17006432,0,2017-01-11T16:25:00,2017-01-11,16:25:00,"1100 Block Davis Ave Pittsburgh, PA 15212",15212,N,Brighton Heights,1,99,9999 9999 - (Misc. Incident): 9999 - (Misc. Incident): Suspicious Person,2708,1,1,-80.03114999,40.48172302
990,147446635,17004546,0,2017-01-08T13:58:00,2017-01-08,13:58:00,"100 Block Fairview Ave Pittsburgh, PA 15220",15220,Y,Elliott,6,99,9999 9999 - (Misc. Incident): ,2020,2,5,-80.03747775,40.44347553
996,147530993,17003595,0,2017-01-06T19:55:00,2017-01-06,19:55:00,"Six  Ave Pittsburgh, PA 15219",15219,N,Central Business District,2,99,9999 9999 - (Misc. Incident): ,201,,,0,0
1000,146951753,17000100,0,2017-01-01T02:15:00,2017-01-01,02:15:00,"100 Block Dunlap St Pittsburgh, PA 15214",15214,N,Perry North,1,99,9999 9999 - (Misc. Incident): Open  Door,2607,1,1,-80.01465152,40.48636694
1001,146956440,17000179,0,2017-01-01T05:20:00,2017-01-01,05:20:00,"Oakland Ave & Forbes Ave Pittsburgh, PA 15213",15213,N,Central Oakland,4,99,9999 9999 - (Misc. Incident): Accident Investigation,405,3,3,-79.95697108,40.44156385
1003,146967277,17000428,0,2017-01-01T16:04:00,2017-01-01,16:04:00,"1100 Block W North Ave Pittsburgh, PA 15233",15233,Y,Manchester,1,99,9999 9999 - (Misc. Incident): ,2107,6,1,-80.02076132,40.45318767
1005,146971763,17000043,0,2017-01-01T16:23:00,2017-01-01,16:23:00,"300 Block North Shore Dr Pittsburgh, PA 15212",15212,N,Central Business District,1,99,3503.B1I DEF. TRESPASS ACTUAL COMMUNICATION,201,1,1,-80.00964027,40.45494869
1010,146630843,16239715,0,2016-12-26T15:00:00,2016-12-26,15:00:00,"7100 Block Vann Rd Pittsburgh, PA 15206",15206,N,Lincoln-Lemington-Belmar,5,99,9999 9999 - (Misc. Incident): ,1202,9,2,-79.89481168,40.46483085
1013,-2843000934,16240174,0,2016-12-27T16:30:00,2016-12-27,16:30:00,"5500 Block Mifflin Rd Pittsburgh, PA 15207",15207,N,Lincoln Place,4,99,9999 9999 - (Misc. Incident): ,3102,5,3,-79.91040957,40.3676053
1014,146992768,17000677,0,2017-01-02T01:45:00,2017-01-02,01:45:00,"Mifflin Rd & Glenhurst Rd Pittsburgh, PA 15207",15207,Y,Lincoln Place,4,99,3503(b)(1)(i) Actual Communication,3102,5,3,-79.9170593,40.37216302
1017,-2973000216,17000957,0,2017-01-02T15:50:00,2017-01-02,15:50:00,"3300 Block Motor St Pittsburgh, PA 15204",15204,N,Sheraden,6,99,9999 9999 - (Misc. Incident): Injured Deer Put Down,2018,2,5,-80.05696907,40.45945904
1019,147046034,17000935,0,2017-01-02T15:00:00,2017-01-02,15:00:00,"3500 Block Melwood Ave Pittsburgh, PA 15213",15213,N,Polish Hill,2,99,9999 9999 - (Misc. Incident): ,605,7,6,-79.96109598,40.4589548
1025,146771525,16240612,0,2016-12-28T11:44:00,2016-12-28,11:44:00,"200 Block Lothrop St Pittsburgh, PA 15213",15213,N,West Oakland,4,99,9999 9999 - (Misc. Incident): Possible Domestic Assault,402,8,3,-79.96109344,40.44173012
1032,146627392,16239632,0,2016-12-26T15:59:00,2016-12-26,15:59:00,"1000 Block Woods Run Ave Pittsburgh, PA 15212",15212,N,Brighton Heights,1,99,9998 Overdose Other,2708,1,1,-80.02755998,40.47893804
1036,147118893,17001551,0,2017-01-03T15:45:00,2017-01-03,15:45:00,"2300 Block Saw Mill Run Blvd Pittsburgh, PA 15210",15210,Y,Overbrook,3,99,9093 Indirect Criminal Contempt,3207,4,4,-79.99552525,40.38677826
1041,147147531,17001707,0,2017-01-03T19:05:00,2017-01-03,19:05:00,"4600 Block Centre Ave Pittsburgh, PA 15213",15213,Y,North Oakland,4,99,3503.B1I DEF. TRESPASS ACTUAL COMMUNICATION,507,6,3,-79.95200973,40.45194542
1373,-2761031772,17003967,0,2017-01-07T14:15:00,2017-01-07,14:15:00,"6200 Block Summit Point Ct Alexandria, VA 02439",02439,N,Outside City,5,99,9094 Recovered Stolen Vehicle (OUTSIDE CITY),5599,,,0,0
1074,146864712,16241495,0,2016-12-29T21:51:00,2016-12-29,21:51:00,"800 Block Saw Mill Run Blvd Pittsburgh, PA 15226",15226,N,Bon Air,3,99,3926(a)(4) Theft of services; ACQUISITION OF SERVICES - refusal to pay or offer to pay for a service (hotels and restaurants),1806,4,4,-79.99594093,40.38189722
1075,146869474,16241553,0,2016-12-30T01:00:00,2016-12-30,01:00:00,"100 Block Allegheny  Ctr Pittsburgh, PA 15212",15212,N,Allegheny Center,1,99,3503.B1II DEF. TRESPASS POSTED,2204,1,1,-80.00339331,40.45134056
1076,146895757,16241749,0,2016-12-30T10:20:00,2016-12-30,10:20:00,"200 Block Forbes Ave Pittsburgh, PA 15222",15222,Y,Central Business District,2,99,9999 9999 - (Misc. Incident): ,201,6,6,-80.0021799,40.44052406
1078,146714186,16240333,0,2016-12-27T00:01:00,2016-12-27,00:01:00,"100 Block Banner Way Pittsburgh, PA 15201",15201,N,Central Lawrenceville,2,99,9999 9999 - (Misc. Incident): ,901,7,2,-79.96365598,40.47186536
1081,146728045,16240455,0,2016-12-28T03:24:00,2016-12-28,03:24:00,"Brookside Ave & Sebring Ave Pittsburgh, PA 15216",15216,Y,Beechview,6,99,1786 Required Financial Responsibility. / 3736 Reckless Driving / 3802(a)(1) DUI - General Impairment,1916,4,5,-80.01800673,40.41319757
1085,147264786,17002587,0,2017-01-05T04:35:00,2017-01-05,04:35:00,"Steuben St & Oswin St Pittsburgh, PA 15220",15220,Y,Elliott,6,99,3802(a)(1) DUI - General Impairment,2020,2,5,-80.04307712,40.44326889
1086,147270194,17002621,0,2017-01-05T07:14:00,2017-01-05,07:14:00,"1500 Block Westmoreland St Pittsburgh, PA 15206",15206,N,Lincoln-Lemington-Belmar,5,99,9999 9999 - (Misc. Incident): ,1202,9,2,-79.89459035,40.46824722
1096,146900143,16241834,0,2016-12-30T13:10:00,2016-12-30,13:10:00,"7100 Block Mt Vernon St Pittsburgh, PA 15208",15208,Y,Homewood North,5,99,9090 Recovered Firearm,1302,9,2,-79.89741607,40.46185362
1099,-3011000431,16242064,0,2016-12-30T21:04:00,2016-12-30,21:04:00,"3300 Block Forbes Ave Pittsburgh, PA 15213",15213,N,South Oakland,4,99,9999 9999 - (Misc. Incident): ,409,3,3,-79.96300592,40.43710925
1108,146831072,16241174,0,2016-12-29T11:00:00,2016-12-29,11:00:00,"600 Block Smithfield St Pittsburgh, PA 15222",15222,N,Central Business District,2,99,7611 Unlawful Use of Computer,201,6,6,-79.99740551,40.44152525
1117,147352050,17003236,0,2017-01-05T21:30:00,2017-01-05,21:30:00,"Nobles Ln & Colerain St Pittsburgh, PA 15210",15210,N,Carrick,3,99,9093 Indirect Criminal Contempt,2901,4,4,-79.99709151,40.39611701
1134,146923917,16242127,0,2016-12-31T00:15:00,2016-12-31,00:15:00,"3900 Block Wind Gap Ave Pittsburgh, PA 15204",15204,N,Windgap,6,99,9999 9999 - (Misc. Incident): Fire,2807,2,5,-80.07670846,40.45985395
1135,146931927,16242406,0,2016-12-31T12:02:00,2016-12-31,12:02:00,"2900 Block Stafford St Pittsburgh, PA 15204",15204,Y,Sheraden,6,99,9093 Indirect Criminal Contempt,2018,2,5,-80.0504194,40.45675942
1145,147449378,17004613,0,2017-01-08T17:00:00,2017-01-08,17:00:00,"3500 Block Penn Ave Pittsburgh, PA 15201",15201,N,Lower Lawrenceville,2,99,9999 9999 - (Misc. Incident): ,603,7,2,-79.96503981,40.46381413
1146,147450236,17004637,0,2017-01-08T17:34:00,2017-01-08,17:34:00,"5500 Block Hays St Pittsburgh, PA 15206",15206,N,East Liberty,5,99,9999 9999 - (Misc. Incident): 911 hangup call/forced entry into home,1113,9,2,-79.92959478,40.4704408
1150,147452928,17004705,0,2017-01-08T19:57:00,2017-01-08,19:57:00,"1100 Block Olivia St Pittsburgh, PA 15218",15218,N,Swisshelm Park,4,99,9999 9999 - (Misc. Incident): ,1411,5,3,-79.90669632,40.42124023
1151,146966432,17000431,0,2017-01-01T16:20:00,2017-01-01,16:20:00,"800 Block Lovitt Way Pittsburgh, PA 15212",15212,N,East Allegheny,1,99,9999 9999 - (Misc. Incident): ,2304,1,1,-79.99748554,40.45622348
1176,147455827,17003811,0,2017-01-07T06:15:00,2017-01-07,06:15:00,"900 Block Brookline Blvd Pittsburgh, PA 15226",15226,N,Brookline,6,99,9999 9999 - (Misc. Incident): ,1919,4,4,-80.01918649,40.39287148
1183,147484854,17005040,0,2017-01-08T17:00:00,2017-01-08,17:00:00,"Western Ave & Fulton St Pittsburgh, PA 15233",15233,N,Manchester,1,99,9999 9999 - (Misc. Incident): Witness to Accident ,2107,6,1,-80.02357299,40.45064739
1192,146603180,16239472,0,2016-12-26T07:30:00,2016-12-26,07:30:00,"3400 Block 5th Ave Pittsburgh, PA 15213",15213,N,West Oakland,4,99,901 Criminal Attempt,402,6,3,-79.96178778,40.43912007
1193,146603261,16239477,0,2016-12-26T08:40:00,2016-12-26,08:40:00,"Noblestown Rd & Crafton Blvd Pittsburgh, PA 15205",15205,Y,Westwood,6,99,2709(a)(2) Harassment by Following Person in Public Place(s),2811,2,5,-80.05384799,40.43793968
1225,146628570,16239646,0,2016-12-26T16:15:00,2016-12-26,16:15:00,"3100 Block Reddour St Pittsburgh, PA 15212",15212,N,Central North Side,1,99,9999 9999 - (Misc. Incident): poss stolen UPS packages,2206,1,1,-80.00825922,40.4574965
1236,147113971,17001543,0,2017-01-01T00:01:00,2017-01-01,00:01:00,"60 Block Millbridge St Pittsburgh, PA 15210",15210,N,Allentown,3,99,9999 9999 - (Misc. Incident): ,1803,3,4,-79.99599611,40.42239048
1238,147116620,17001508,0,2017-01-03T13:20:00,2017-01-03,13:20:00,"6800 Block Hamilton Ave Pittsburgh, PA 15208",15208,Y,Homewood West,5,99,3802(a)(1) DUI - General Impairment,1207,9,2,-79.90664943,40.45664597
1239,147122002,17001559,0,2017-01-03T15:35:00,2017-01-03,15:35:00,"Chicago St & Mt Pleasant Rd Pittsburgh, PA 15214",15214,N,Northview Heights,1,99,9999 9999 - (Misc. Incident): Child injured on school bus,2609,1,1,-80.00085132,40.47860925
1248,147174557,17001484,0,2017-01-03T12:59:00,2017-01-03,12:59:00,"PJ McArdle Rdwy & 7th St Pittsburgh, PA 15203",15203,N,South Side Slopes,3,99,9999 9999 - (Misc. Incident): ,1706,3,4,-79.99219986,40.42779674
1249,147177646,17001951,0,2017-01-04T06:32:00,2017-01-04,06:32:00,"Peola Rd Pittsburgh, PA 15226",15226,N,Beechview,6,99,9999 9999 - (Misc. Incident): Non-reportable accident,1920,,,0,0
1250,147190978,17002039,0,2017-01-04T10:45:00,2017-01-04,10:45:00,"Herron Ave & Ridgeway St Pittsburgh, PA 15219",15219,N,Upper Hill,2,99,9999 9999 - (Misc. Incident): ,506,6,3,-79.96600538,40.45519095
1254,147242171,17002414,0,2017-01-04T21:08:00,2017-01-04,21:08:00,"1500 Block Lincoln Ave Pittsburgh, PA 15206",15206,N,Lincoln-Lemington-Belmar,5,99,9998 Overdose Other,1201,9,2,-79.89584506,40.4686759
1260,147574843,17005742,0,2017-01-10T15:34:00,2017-01-10,15:34:00,"East Ohio St & Madison Ave Pittsburgh, PA 15212",15212,N,East Allegheny,1,99,9998 Overdose Other,2304,1,1,-79.99679212,40.4541044
1261,147574872,17004644,0,2017-01-08T17:49:00,2017-01-08,17:49:00,"Chartiers Ave & Steuben St Pittsburgh, PA 15220",15220,Y,Elliott,6,99,1332 Display of Registration Plate.,2020,2,5,-80.03806683,40.44119686
1289,147237241,17002369,0,2017-01-04T20:00:00,2017-01-04,20:00:00,"3000 Block Shadeland Ave Pittsburgh, PA 15212",15212,Y,Marshall-Shadeland,1,99,9093 Indirect Criminal Contempt,2715,1,1,-80.03072791,40.47163751
1268,146749430,16240600,0,2016-12-28T11:00:00,2016-12-28,11:00:00,"31st St & Railroad St Pittsburgh, PA 15222",15222,N,Central Business District,2,99,9999 9999 - (Misc. Incident): dumping on railroad property,201,,,0,0
1273,146896928,16241766,0,2016-12-30T10:49:00,2016-12-30,10:49:00,"100 Block Bausman St Pittsburgh, PA 15210",15210,N,Knoxville,3,99,9999 9999 - (Misc. Incident): 9999 - (Misc. Incident): FORCED ENTRY,3001,,,-79.98805131,40.41437893
1275,146912505,16241818,0,2016-12-30T12:47:00,2016-12-30,12:47:00,"Broad St & Sheridan Ave Pittsburgh, PA 15206",15206,N,East Liberty,5,99,3742 Accidents Involving Death or Personal Injury,1115,9,2,-79.92307737,40.46203238
1286,147222798,17002207,0,2017-01-04T15:30:00,2017-01-04,15:30:00,"800 Block Suismon St Pittsburgh, PA 15212",15212,N,East Allegheny,1,99,9999 9999 - (Misc. Incident): ,2304,1,1,-79.99735506,40.45581482
1287,147234375,17002352,0,2017-01-04T16:00:00,2017-01-04,16:00:00,"300 Block Milroy St Pittsburgh, PA 15214",15214,N,Perry South,1,99,9999 9999 - (Misc. Incident): ,2615,1,1,-80.01052584,40.4762914
1291,-2863021275,17000881,0,2017-01-02T13:29:00,2017-01-02,13:29:00,"2500 Block Banksville Rd Pittsburgh, PA 15216",15216,N,Beechview,6,99,2709.1 Stalking Conduct or Repeatedly Acts Including Follows,1920,2,5,-80.03436583,40.40681606
1306,147585299,17005870,0,2017-01-10T18:44:00,2017-01-10,18:44:00,"300 Block Penfort St Pittsburgh, PA 15214",15214,N,Northview Heights,1,99,9998 Overdose Other,2609,1,1,-80.00080625,40.47575475
1315,147588792,17005931,0,2017-01-10T20:21:00,2017-01-10,20:21:00,"90 Block Beltzhoover Ave Pittsburgh, PA 15210",15210,N,Allentown,3,99,9999 9999 - (Misc. Incident): 9999 - (Misc. Incident): Narrative for field contact,1803,3,4,-79.9976725,40.42265883
1320,146944971,16242542,0,2016-12-31T18:20:00,2016-12-31,18:20:00,"6300 Block Jackson St Pittsburgh, PA 15206",15206,N,Highland Park,5,99,9998 Overdose Other,1106,7,2,-79.91596352,40.47020164
1322,146945749,16242574,0,2016-12-31T19:41:00,2016-12-31,19:41:00,"200 Block The Boulevard Pittsburgh, PA 15210",15210,N,Carrick,3,99,9998 Overdose Other,2902,4,4,-79.98573297,40.40109131
1327,146954693,17000123,0,2017-01-01T03:25:00,2017-01-01,03:25:00,"1100 Block Arch St Pittsburgh, PA 15212",15212,Y,Central North Side,1,99,9998 Overdose Other,2206,1,1,-80.00856268,40.45512044
1329,146963128,17000342,0,2017-01-01T13:13:00,2017-01-01,13:13:00,"600 Block Bausman St Pittsburgh, PA 15210",15210,N,Knoxville,3,99,9998 Overdose Other,3001,3,4,-79.99693858,40.4141261
1331,147289080,17002669,0,2017-01-05T09:30:00,2017-01-05,09:30:00,"100 Block South Commons Pittsburgh, PA 15212",15212,Y,Allegheny Center,1,99,3503.B1I DEF. TRESPASS ACTUAL COMMUNICATION,2204,1,1,-80.00518908,40.45100345
1346,146627705,16239638,0,2016-12-26T16:12:00,2016-12-26,16:12:00,"1100 Block Brookline Blvd Pittsburgh, PA 15226",15226,Y,Brookline,6,99,602.04 Panhandling and Prohibited Conduct / 3503(b.1)(i) Simple Trespasser -- threatening or terrorizing the owner or occupant of the premises,1919,4,4,-80.01537871,40.39157987
1367,147365853,17003383,0,2017-01-04T13:15:00,2017-01-04,13:15:00,"600 Block 1st Ave Pittsburgh, PA 15219",15219,N,Central Business District,2,99,9999 9999 - (Misc. Incident): Possible Harassment,201,6,6,-79.99630099,40.43469659
1377,147446510,17004523,0,2017-01-08T13:00:00,2017-01-08,13:00:00,"3000 Block Glen Mawr St Pittsburgh, PA 15204",15204,Y,Sheraden,6,99,9093 Indirect Criminal Contempt,2018,2,5,-80.05268816,40.45677446
1379,147450195,17004335,0,2017-01-08T02:35:00,2017-01-08,02:35:00,"S 18th St & E Carson St Pittsburgh, PA 15203",15203,Y,South Side Flats,3,99,601.16 Public Urination And Defecation,1702,3,4,-79.98056196,40.42875859
1383,146630276,16239712,0,2016-12-26T18:12:00,2016-12-26,18:12:00,"600 Block Pressley St Pittsburgh, PA 15212",15212,Y,East Allegheny,1,99,9999 9999 - (Misc. Incident): Dispute,2304,1,1,-79.99867635,40.45221085
1398,147629363,17006149,0,2017-01-11T07:52:00,2017-01-11,07:52:00,"1300 Block W Carson St Pittsburgh, PA 15219",15219,N,South Shore,3,99,9999 9999 - (Misc. Incident): Crash,1921,3,4,-79.98517511,40.42860697
1404,147087833,17000826,0,2017-01-02T12:45:00,2017-01-02,12:45:00,"900 Block Agnew Ave Pittsburgh, PA 15227",15227,N,Hays,3,99,9999 9999 - (Misc. Incident): ,3101,5,3,-79.96618933,40.40023906
1409,147114173,17001560,0,2017-01-03T15:35:00,2017-01-03,15:35:00,"100 Block Eloise St Pittsburgh, PA 15212",15212,N,Central North Side,1,99,9998 Overdose Other,2206,1,1,-80.00785627,40.45593542
1415,147386896,17003607,0,2017-01-06T20:22:00,2017-01-06,20:22:00,"100 Block Hazlett St Pittsburgh, PA 15214",15214,N,Northview Heights,1,99,9998 Overdose Other,2609,1,1,-80.00307697,40.4759708
1417,-2784002226,17003664,0,2017-01-06T23:13:00,2017-01-06,23:13:00,"500 Block W North Ave Pittsburgh, PA 15212",15212,N,Allegheny Center,1,99,9999 9999 - (Misc. Incident): Lost Wallet with ID,2204,1,1,-80.01186874,40.45480229
1424,147457425,17004806,0,2017-01-09T00:21:00,2017-01-09,00:21:00,"Cedar Ave & Avery St Pittsburgh, PA 15212",15212,Y,Allegheny Center,1,99,4914(A) False Identification to Law Enforcement / 1543 Driving While Operating Privilege is Suspended or Revoked.,2204,1,1,-80.00149157,40.45269081
1445,147645449,17006240,0,2017-01-11T10:54:00,2017-01-11,10:54:00,"4600 Block Coleridge St Pittsburgh, PA 15201",15201,N,Stanton Heights,5,99,9999 9999 - (Misc. Incident): ,1005,9,2,-79.93818568,40.4805562
1447,147127818,17001720,0,2017-01-03T15:00:00,2017-01-03,15:00:00,"300 Block Bigham St Pittsburgh, PA 15211",15211,N,Mount Washington,3,99,9999 9999 - (Misc. Incident): ,1903,2,5,-80.01542254,40.43298573
1452,147224797,17002199,0,2017-01-04T15:48:00,2017-01-04,15:48:00,"5700 Block Baum Blvd Pittsburgh, PA 15206",15206,Y,East Liberty,5,99,627.02(b)(i) Possessing a small amount of marijuana,1115,7,2,-79.93376984,40.45830746
1463,147429065,17004061,0,2017-01-07T17:22:00,2017-01-07,17:22:00,"1100 Block Smithton Ave Pittsburgh, PA 15212",15212,Y,Marshall-Shadeland,1,99,9093 Indirect Criminal Contempt,2715,1,1,-80.02768296,40.47444608
1468,147498812,17005113,0,2017-01-09T00:01:00,2017-01-09,00:01:00,"1100 Block Paulson Ave Pittsburgh, PA 15206",15206,N,Lincoln-Lemington-Belmar,5,99,9999 9999 - (Misc. Incident): ,1203,9,2,-79.90580773,40.46706575
1470,147499530,17005144,0,2017-01-09T15:00:00,2017-01-09,15:00:00,"900 Block Cedar Ave Pittsburgh, PA 15212",15212,N,East Allegheny,1,99,9999 9999 - (Misc. Incident): ,2304,1,1,-80.00198165,40.45503681
1474,147506489,17005218,0,2017-01-09T17:30:00,2017-01-09,17:30:00,"S 18th St & Carey Way Pittsburgh, PA 15203",15203,N,South Side Flats,3,99,9999 9999 - (Misc. Incident): ,1702,3,4,-79.98060846,40.42829021
1493,147236086,17002305,0,2017-01-04T19:00:00,2017-01-04,19:00:00,"30 Block Amanda Ave Pittsburgh, PA 15210",15210,N,Arlington,3,99,607.13 Penalties for Discharging Firearms or Air Guns,1603,,,-79.98814678,40.41811796
1503,147440021,17004425,0,2017-01-08T09:00:00,2017-01-08,09:00:00,"5900 Block Baum Blvd Pittsburgh, PA 15206",15206,Y,East Liberty,5,99,7511(c)(1) CONTROL OF ALARM DEVICES,1115,9,2,-79.92729831,40.4597817
1518,147517824,17005425,0,2017-01-10T02:40:00,2017-01-10,02:40:00,"600 Block Greentree Rd Pittsburgh, PA 15220",15220,N,Ridgemont,6,99,9999 9999 - (Misc. Incident): Injured deer dispatched,2016,2,5,-80.03914292,40.43240838
1520,147518281,17005377,0,2017-01-10T00:10:00,2017-01-10,00:10:00,"300 Block Main St Pittsburgh, PA 15201",15201,N,Central Lawrenceville,2,99,8106 Shots Fired,902,7,2,-79.95794436,40.46737503
1522,-2775011962,17006252,0,2017-01-11T11:40:00,2017-01-11,11:40:00,"unknown Lower Burrell, PA 15068",15068,N,Outside County,OSC,99,9094 Recovered Stolen Vehicle (OUTSIDE CITY),6699,,,0,0
1523,147634670,17005704,0,2017-01-08T18:00:00,2017-01-08,18:00:00,"300 Block North Shore Dr Pittsburgh, PA 15212",15212,Y,North Shore,1,99,3503.B1I DEF. TRESPASS ACTUAL COMMUNICATION,2205,1,1,-80.00964027,40.45494869
1533,147518397,17005394,0,2017-01-10T01:38:00,2017-01-10,01:38:00,"500 Block Becks Run Rd Pittsburgh, PA 15210",15210,Y,St. Clair,3,99,3802(a)(1) DUI - General Impairment / 1543 Driving While Operating Privilege is Suspended or Revoked. / 3809(a) Restriction on Alcoholic Beverages in Vehicle,1606,3,4,-79.97200317,40.4052587
1534,147368992,17003391,0,2017-01-06T13:42:00,2017-01-06,13:42:00,"5700 Block Rural St Pittsburgh, PA 15206",15206,Y,East Liberty,5,99,9998 Overdose Other,1115,9,2,-79.92723841,40.46477783
1543,147427964,17004151,0,2017-01-07T20:30:00,2017-01-07,20:30:00,"300 Block S Main St Pittsburgh, PA 15220",15220,N,West End,6,99,9999 9999 - (Misc. Incident): Possible child abuse,2019,7,2,-79.95794436,40.46737503
1547,147503036,17005133,0,2017-01-09T15:40:00,2017-01-09,15:40:00,"2900 Block Arlington Ave Pittsburgh, PA 15210",15210,N,South Side Slopes,3,99,3301 Arson  / 9094 Recovered Stolen Vehicle (OUTSIDE CITY),1608,3,4,-79.96755012,40.41708361
1553,147546550,17005549,0,2017-01-09T23:59:00,2017-01-09,23:59:00,"1400 Block Grandview Ave Pittsburgh, PA 15219",15219,N,Duquesne Heights,3,99,9999 9999 - (Misc. Incident): Phishing,1911,2,5,-80.02051695,40.43879413
1554,147546702,17005536,0,2017-01-10T10:08:00,2017-01-10,10:08:00,"500 Block Forbes Ave Pittsburgh, PA 15219",15219,N,Central Business District,2,99,9998 Overdose Other,201,6,6,-79.99606327,40.43816944
1555,-2863021395,17005037,0,2017-01-09T10:00:00,2017-01-09,10:00:00,"2700 Block Zephyr Ave Pittsburgh, PA 15204",15204,N,Sheraden,6,99,901 Criminal Attempt,2018,2,5,-80.04934302,40.45306803
1556,147548879,17005570,0,2017-01-10T09:44:00,2017-01-10,09:44:00,"Stanwix St & Forbes Ave Pittsburgh, PA 15222",15222,N,Central Business District,2,99,9999 9999 - (Misc. Incident): Pedestrian/Vehicle Near-Collision,201,6,6,-80.00398189,40.44116171
1557,147550603,17005567,0,2017-01-10T10:50:00,2017-01-10,10:50:00,"5300 Block Penn Ave Pittsburgh, PA 15224",15224,N,Garfield,5,99,9090 Recovered Firearm,1017,7,2,-79.93844245,40.46437508
1560,147558665,17005497,0,2017-01-09T09:30:00,2017-01-09,09:30:00,"2000 Block Centre Ave Pittsburgh, PA 15219",15219,N,Crawford-Roberts,2,99,9999 9999 - (Misc. Incident): Missing Juvenile/Outside State,305,6,3,-79.9799791,40.44358094
1562,147560232,17005653,0,2017-01-02T17:30:00,2017-01-02,17:30:00,"5600 Block Baum Blvd Pittsburgh, PA 15232",15232,N,Friendship,5,99,9999 9999 - (Misc. Incident): Non-Reportable Accident,807,7,2,-79.93532738,40.45770893
1567,147572582,17005720,0,2017-01-10T15:47:00,2017-01-10,15:47:00,"1200 Block Rodgers St Pittsburgh, PA 15207",15207,N,Lincoln Place,4,99,9999 9999 - (Misc. Incident): ,3102,5,3,-79.9155955,40.36781648
1590,-2952001097,17006247,0,2017-01-10T20:30:00,2017-01-10,20:30:00,"1500 Block Banksville Rd Pittsburgh, PA 15216",15216,N,Beechview,6,99,9094 Recovered Stolen Vehicle (OUTSIDE CITY),1916,2,5,-80.0315838,40.41025126
1591,147636888,17005706,0,2017-01-08T20:00:00,2017-01-08,20:00:00,"300 Block North Shore Dr Pittsburgh, PA 15212",15212,Y,North Shore,1,99,3503.B1I DEF. TRESPASS ACTUAL COMMUNICATION,2205,1,1,-80.00964027,40.45494869
1603,147603102,16242470,0,2016-12-31T18:00:00,2016-12-31,18:00:00,"Liberty Ave & Stanwix St Pittsburgh, PA 15222",15222,Y,Central Business District,2,99,8104 CLASS 1 - Suspicious Package or Device,201,6,6,-80.00389726,40.44137136
1640,146719684,16240374,0,2016-12-27T22:56:00,2016-12-27,22:56:00,"1500 Block Antrim St Pittsburgh, PA 15212",15212,Y,Brighton Heights,1,99,3736 Reckless Driving / 3802(a)(1) DUI - General Impairment,2703,1,1,-80.03622938,40.47581777
1642,146729118,16240452,0,2016-12-28T03:23:00,2016-12-28,03:23:00,"Lemington Ave & Wardsons St Pittsburgh, PA 15206",15206,N,Lincoln-Lemington-Belmar,5,99,3802(a)(1) DUI - General Impairment / 1543 Driving While Operating Privilege is Suspended or Revoked. / 3301 Driving on Right Side of Roadway.,1201,9,2,-79.89819453,40.4714062
1686,146853118,16241426,0,2016-12-29T19:06:00,2016-12-29,19:06:00,"100 Block Dale St Pittsburgh, PA 15205",15205,N,Westwood,6,99,9093 Indirect Criminal Contempt,2811,2,5,-80.05248752,40.43553869
1696,146675985,16240043,0,2016-12-27T11:42:00,2016-12-27,11:42:00,"2000 Block Plainview Ave Pittsburgh, PA 15226",15226,N,Brookline,6,99,9999 9999 - (Misc. Incident): Aggressive dog shot by civilian,1917,4,4,-80.01692877,40.40299308
1700,146896919,16241478,0,2016-12-29T21:07:00,2016-12-29,21:07:00,"Ohio River Blvd & Brighton Heights Blvd Pittsburgh, PA 15212",15212,N,Brighton Heights,1,99,"7122 Altered, Forged or Counterfeit Documents and Plates",2701,1,1,-80.0430561,40.47888859
1714,146867480,16241530,0,2016-12-29T22:30:00,2016-12-29,22:30:00,"1800 Block Pioneer Ave Pittsburgh, PA 15226",15226,N,Brookline,6,99,9999 9999 - (Misc. Incident): possible child endangerment,1917,4,4,-80.01527697,40.40556491
1730,146726092,16240448,0,2016-12-28T03:05:00,2016-12-28,03:05:00,Zone 3,one 3,N,,3,99,9999 9999 - (Misc. Incident): 9999 - (Misc. Incident): POSSIBLE SEX ASSAULT,,,,,
1767,146955443,17000092,0,2017-01-01T02:45:00,2017-01-01,02:45:00,"200 Block N Dithridge St Pittsburgh, PA 15213",15213,Y,North Oakland,4,99,5503(a)(2) DISORDERLY CONDUCT - UNREASONABLE NOISE,507,8,3,-79.95169208,40.44931132
1770,146968649,17000418,0,2017-01-01T16:30:00,2017-01-01,16:30:00,"200 Block Steuben St Pittsburgh, PA 15220",15220,Y,Elliott,6,99,1543 Driving While Operating Privilege is Suspended or Revoked.,2020,2,5,-80.03615436,40.44150025
1778,147009839,17000745,0,2017-01-02T06:31:00,2017-01-02,06:31:00,"100 Block 2nd Ave Pittsburgh, PA 15207",15207,N,Central Oakland,4,99,9999 9999 - (Misc. Incident): ,406,7,6,-79.98232441,40.45221794
1780,147038987,17000915,0,2017-01-02T14:41:00,2017-01-02,14:41:00,"300 Block Kambach St Pittsburgh, PA 15211",15211,N,Mount Washington,3,99,9999 9999 - (Misc. Incident): ,1807,3,4,-80.00257213,40.42632671
1783,147057060,17001073,0,2017-01-02T18:43:00,2017-01-02,18:43:00,"300 Block N Craig St Pittsburgh, PA 15213",15213,Y,North Oakland,4,99,601.08(a) Alcohol or Liquor Consumption on Streets or Sidewalks,507,8,3,-79.94938724,40.44559065
1784,147070969,17001235,0,2017-01-03T02:22:00,2017-01-03,02:22:00,"900 Block Penn Ave Pittsburgh, PA 15222",15222,Y,Central Business District,2,99,601.16 Public Urination And Defecation,201,6,6,-79.99804356,40.4436107
1796,146824096,16240624,0,2016-12-28T11:45:00,2016-12-28,11:45:00,"Schenley Dr Pittsburgh, PA 15213",15213,N,Squirrel Hill South,4,99,901 Criminal Attempt,1413,3,3,-79.95224003,40.4421962
1805,147023536,17000811,0,2017-01-02T11:04:00,2017-01-02,11:04:00,"Cedar Ave & East Ohio St Pittsburgh, PA 15212",15212,Y,Allegheny Center,1,99,601.08(a) Alcohol or Liquor Consumption on Streets or Sidewalks,2204,1,1,-80.00169385,40.45331224
1806,147098983,16242509,0,2016-12-31T17:10:00,2016-12-31,17:10:00,"200 Block 7th St Pittsburgh, PA 15222",15222,N,Central Business District,2,99,8104 CLASS 1 - Suspicious Package or Device,201,6,6,-80.00031612,40.44318844
1815,147139285,17001750,0,2017-01-03T20:30:00,2017-01-03,20:30:00,"Michigan St & Beltzhoover Ave Pittsburgh, PA 15210",15210,N,Beltzhoover,3,99,9999 9999 - (Misc. Incident): Tractor-trailer accident.,1809,3,4,-79.99718557,40.41596186
1817,147158856,17001903,0,2017-01-04T03:00:00,2017-01-04,03:00:00,"N Route 65 Pittsburgh, PA 15212",15212,N,St. Clair,1,99,9999 9999 - (Misc. Incident): ,1606,,,0,0
1826,146974585,17000456,0,2017-01-01T17:42:00,2017-01-01,17:42:00,"400 Block Cedarville St Pittsburgh, PA 15224",15224,N,Bloomfield,5,99,9998 Overdose Other,802,7,2,-79.95029587,40.4600559
1835,146911980,16241881,0,2016-12-30T12:46:00,2016-12-30,12:46:00,"Penn Ave & S Highland Ave Pittsburgh, PA 15206",15206,N,East Liberty,5,99,3742 Accidents Involving Death or Personal Injury,1115,9,2,-79.92481805,40.4614141
1850,147147804,17001747,0,2017-01-03T20:20:00,2017-01-03,20:20:00,"2200 Block Valera St Pittsburgh, PA 15210",15210,N,Carrick,3,99,9998 Overdose Other,2904,4,4,-79.98839632,40.39014851
1876,146928487,16242307,0,2016-12-27T16:00:00,2016-12-27,16:00:00,"500 Block Boggs Ave Pittsburgh, PA 15211",15211,N,Mount Washington,3,99,9999 9999 - (Misc. Incident): ,1915,2,5,-80.01011088,40.42295134
1885,147365384,17003285,0,2017-01-06T10:30:00,2017-01-06,10:30:00,"100 Block Smithfield St Pittsburgh, PA 15222",15222,Y,Central Business District,2,99,100 Fugitive,201,6,6,-80.00022114,40.43729589
1889,147423862,17004052,0,2017-01-07T17:16:00,2017-01-07,17:16:00,"2700 Block Zephyr Ave Pittsburgh, PA 15204",15204,N,Sheraden,6,99,9999 9999 - (Misc. Incident): Verbal Threat,2018,2,5,-80.04934302,40.45306803
1898,146938670,16242348,0,2016-12-31T11:05:00,2016-12-31,11:05:00,"1100 Block Banksville Rd Pittsburgh, PA 15216",15216,N,Beechview,6,99,9090 Recovered Firearm,1916,2,5,-80.03026807,40.41991044
1906,147071758,17001277,0,2017-01-03T01:30:00,2017-01-03,01:30:00,"Hazlett St & East St Pittsburgh, PA 15214",15214,Y,Northview Heights,1,99,9999 9999 - (Misc. Incident): ,2609,6,1,-80.00517196,40.4746369
1923,147517180,17005378,0,2017-01-10T00:32:00,2017-01-10,00:32:00,"1000 Block Vinial St Pittsburgh, PA 15212",15212,N,East Allegheny,1,99,9998 Overdose Other,2304,1,1,-79.99266324,40.45747785
1927,147584054,17005865,0,2017-01-10T18:24:00,2017-01-10,18:24:00,"3800 Block Liberty Ave Pittsburgh, PA 15201",15201,Y,Lower Lawrenceville,2,99,9998 Overdose Other,603,7,2,-79.96076714,40.4621756
1928,147588313,17005883,0,2017-01-10T20:00:00,2017-01-10,20:00:00,"300 Block 5th Ave Pittsburgh, PA 15222",15222,N,Central Business District,2,99,9999 9999 - (Misc. Incident): ,201,6,6,-80.00037008,40.44067062
1937,147334797,17003064,0,2017-01-05T01:00:00,2017-01-05,01:00:00,"N Lang Ave & Jonathan St Pittsburgh, PA 15208",15208,N,Point Breeze North,4,99,9999 9999 - (Misc. Incident): 9999 - (Misc. Incident): ,1405,9,2,-79.90136227,40.45293121
1947,147434091,17004303,0,2017-01-08T01:59:00,2017-01-08,01:59:00,"West Liberty Ave & Cape May Ave Pittsburgh, PA 15226",15226,Y,Beechview,6,99,3802(a)(1) DUI - General Impairment / 3714 Careless Driving,1916,4,5,-80.0177798,40.40844885
1955,147365208,17003294,0,2017-01-06T10:27:00,2017-01-06,10:27:00,"Frankstown Ave & N. Homewood Ave Pittsburgh, PA 15208",15208,N,Homewood South,5,99,9999 9999 - (Misc. Incident): ,1304,9,2,-79.89629786,40.45739668
1967,147413527,17003883,0,2017-01-07T10:30:00,2017-01-07,10:30:00,"1200 Block Shady Ave Pittsburgh, PA 15232",15232,N,Squirrel Hill North,4,99,9999 9999 - (Misc. Incident): ,1402,8,3,-79.92192652,40.44744501
1969,147460202,17004860,0,2017-01-09T03:45:00,2017-01-09,03:45:00,"Frankstown Rd & Robinson Blvd Pittsburgh, PA 15235",15235,N,Outside City,OSC,99,9094 Recovered Stolen Vehicle (OUTSIDE CITY),5599,,,-79.86637098,40.46110407
1980,147359374,17003296,0,2017-01-06T10:29:00,2017-01-06,10:29:00,"Craighead St & Eureka St Pittsburgh, PA 15210",15210,Y,Allentown,3,99,9999 9999 - (Misc. Incident): Dog found running at large,1803,3,4,-79.99852321,40.42373418
1983,147479889,17004968,0,2017-01-09T10:07:00,2017-01-09,10:07:00,"1500 Block Penn Ave Pittsburgh, PA 15222",15222,N,Strip District,2,99,9999 9999 - (Misc. Incident): ,203,7,6,-79.98832789,40.44784616
1989,148444981,17013891,0,2017-01-23T09:45:00,2017-01-23,09:45:00,"Madison Ave & East Ohio St Pittsburgh, PA 15212",15212,N,East Allegheny,1,99,9999 9999 - (Misc. Incident): 2 Vehicle Accident,2304,1,1,-79.99679212,40.4541044
2006,148332151,17012423,0,2017-01-21T00:40:00,2017-01-21,00:40:00,"Mckees Rocks Brg Pittsburgh, PA 15212",15212,Y,Brighton Heights,1,99,1543 Driving While Operating Privilege is Suspended or Revoked. / 3802(a)(1) DUI - General Impairment,2701,,,0,0
2008,148340848,17012581,0,2017-01-21T03:15:00,2017-01-21,03:15:00,"5900 Block Penn Ave Pittsburgh, PA 15206",15206,N,East Liberty,5,99,3742 Accidents Involving Death or Personal Injury,1115,9,2,-79.92678426,40.46163081
2020,147998023,17010032,0,2017-01-17T08:00:00,2017-01-17,08:00:00,"2400 Block Allequippa St Pittsburgh, PA 15213",15213,N,Terrace Village,2,99,2709(a.1)(1)(i) Cyber Harassment Of A Child Through An Electronic Social Media Service: Disparaging Statement/Opinion,510,6,3,-79.96568994,40.44279175
2024,147836691,17007753,0,2017-01-13T14:30:00,2017-01-13,14:30:00,"3700 Block Chartiers Ave Pittsburgh, PA 15204",15204,N,Windgap,6,99,9999 9999 - (Misc. Incident): ,2807,2,5,-80.0727486,40.45779097
2025,147839318,17007964,0,2017-01-13T21:25:00,2017-01-13,21:25:00,"100 Block S 20th St Pittsburgh, PA 15203",15203,N,South Side Flats,3,99,9998 Overdose Other,1702,3,4,-79.97780079,40.4276601
2026,-2863021575,17008183,0,2017-01-14T05:34:00,2017-01-14,05:34:00,"2200 Block Altaview Ave Pittsburgh, PA 15210",15210,N,Brookline,6,99,8106 Shots Fired,3206,4,4,-80.00653826,40.39762669
2027,147889815,17009028,0,2017-01-15T14:40:00,2017-01-15,14:40:00,"600 Block Noblestown Rd Pittsburgh, PA 15220",15220,Y,Elliott,6,99,2701(b)(1) Simple Assault - Fight or Scuffle Entered by Mutual Consent,2020,2,5,-80.03966261,40.43722816
2028,147484538,17004919,0,2017-01-09T01:07:00,2017-01-09,01:07:00,"7000 Block Lemington Ave Pittsburgh, PA 15206",15206,Y,Lincoln-Lemington-Belmar,5,99,9999 9999 - (Misc. Incident): 9999 - (Misc. Incident): Landlord & Tentant Dispute,1201,9,2,-79.89824,40.47135812
2050,147887169,17008986,0,2017-01-15T12:45:00,2017-01-15,12:45:00,"300 Block Penfort St Pittsburgh, PA 15214",15214,N,Northview Heights,1,99,9998 Overdose Other,2609,1,1,-80.00080625,40.47575475
2053,148329993,17012421,0,2017-01-20T22:50:00,2017-01-20,22:50:00,"1600 Block Concordia St Pittsburgh, PA 15210",15210,N,Carrick,3,99,9999 9999 - (Misc. Incident): RUNAWAY,2902,4,4,-79.98749358,40.39962998
2055,148351237,17012786,0,2017-01-21T14:12:00,2017-01-21,14:12:00,"6200 Block Penn Ave Pittsburgh, PA 15206",15206,N,East Liberty,5,99,9999 9999 - (Misc. Incident): ,1115,8,2,-79.92271679,40.46059432
2066,147841242,17007890,0,2017-01-13T18:52:00,2017-01-13,18:52:00,"4900 Block 5th Ave Pittsburgh, PA 15213",15213,Y,Shadyside,4,99,9093 Indirect Criminal Contempt,709,8,3,-79.94414835,40.44724336
2067,147862753,17008455,0,2017-01-14T14:55:00,2017-01-14,14:55:00,"Baum Blvd & S Fairmount St Pittsburgh, PA 15232",15232,N,Friendship,5,99,9134 Pedestrian Hit by Vehicle/Non-Reportable Accident,807,7,2,-79.93574273,40.45777507
2103,147732066,17006971,0,2017-01-12T11:00:00,2017-01-12,11:00:00,"7100 Block Ross Garden Rd Pittsburgh, PA 15206",15206,N,Lincoln-Lemington-Belmar,5,99,901 Criminal Attempt,1201,9,2,-79.89477696,40.47172857
2104,147738490,17007003,0,2017-01-11T17:35:00,2017-01-11,17:35:00,"1200 Block Banksville Rd Pittsburgh, PA 15216",15216,N,Banksville,6,99,9999 9999 - (Misc. Incident): Non-Reportable Accident,2023,4,5,-80.02972821,40.42466724
2111,148184093,17011158,0,2017-01-18T22:45:00,2017-01-18,22:45:00,"300 Block E North    Ave Pittsburgh, PA 15212",15212,N,East Allegheny,1,99,9998 Overdose Other,2304,1,1,-80.00964027,40.45494869
2120,147950476,17009734,0,2017-01-16T19:20:00,2017-01-16,19:20:00,"4000 Block Beechwood Blvd Pittsburgh, PA 15217",15217,Y,Greenfield,4,99,3503.B1I DEF. TRESPASS ACTUAL COMMUNICATION,1517,5,3,-79.93698537,40.42721467
2123,148166053,17010928,0,2017-01-18T16:00:00,2017-01-18,16:00:00,"3800 Block Bigelow Blvd Pittsburgh, PA 15213",15213,N,North Oakland,4,99,9999 9999 - (Misc. Incident): ,507,6,3,-79.95511098,40.45687624
2134,147857051,17008204,0,2017-01-14T07:46:00,2017-01-14,07:46:00,"N Charles St & Brightridge St Pittsburgh, PA 15212",15212,N,Perry South,1,99,3301 Arson ,2614,6,1,-80.01827474,40.46205428
2145,148186121,17011248,0,2017-01-19T02:59:00,2017-01-19,02:59:00,"1700 Block Fallowfield Ave Pittsburgh, PA 15216",15216,N,Beechview,6,99,9998 Overdose Other,1920,4,5,-80.02369265,40.40865993
2146,148257287,17011012,0,2017-01-18T15:00:00,2017-01-18,15:00:00,"1200 Block Western Ave Pittsburgh, PA 15233",15233,N,Chateau,1,99,9999 9999 - (Misc. Incident): community safety tip,2108,6,1,-80.02196514,40.45120975
2151,148313218,17012273,0,2017-01-20T18:30:00,2017-01-20,18:30:00,"400 Block Reifert St Pittsburgh, PA 15210",15210,N,Knoxville,3,99,9999 9999 - (Misc. Incident): ,3001,3,4,-79.99566243,40.40933062
2156,147834254,17007786,0,2017-01-13T16:15:00,2017-01-13,16:15:00,"700 Block Baldwin Rd Pittsburgh, PA 15207",15207,N,Hays,4,99,9998 Overdose Other,3101,5,3,-79.93570126,40.37989011
2159,147868911,17008649,0,2017-01-14T20:33:00,2017-01-14,20:33:00,"100 Block 9th St Pittsburgh, PA 15222",15222,Y,Central Business District,2,99,9093 Indirect Criminal Contempt,201,6,6,-79.99905,40.44509999
2171,148154913,17010469,0,2017-01-15T02:13:00,2017-01-15,02:13:00,"S 15th St & E Carson St Pittsburgh, PA 15203",15203,Y,South Side Flats,3,99,"601.16(b)(1)(a) Any Person who urinates or defecates in, on, or about any public place",1702,3,4,-79.98342493,40.42881518
2172,148156150,17010919,0,2017-01-18T16:25:00,2017-01-18,16:25:00,"1000 Block E Carson St Pittsburgh, PA 15203",15203,N,South Side Flats,3,99,"601.16(b)(1)(a) Any Person who urinates or defecates in, on, or about any public place",1702,2,5,-80.02039221,40.44091666
2208,-2867010920,17013286,0,2017-01-22T06:45:00,2017-01-22,06:45:00,"50 Block Ruth St Pittsburgh, PA 15211",15211,N,Mount Washington,3,99,9997 Overdose Death,1807,2,5,-80.00526295,40.42524114
2209,148377557,17013348,0,2017-01-22T10:30:00,2017-01-22,10:30:00,"4000 Block Penn Ave Pittsburgh, PA 15201",15201,N,Bloomfield,5,99,9999 9999 - (Misc. Incident): ,903,7,2,-79.95790764,40.46513539
2213,147837876,17007946,0,2017-01-13T20:45:00,2017-01-13,20:45:00,"6th Ave & Smithfield St Pittsburgh, PA 15222",15222,N,Central Business District,2,99,9998 Overdose Other,201,6,6,-79.99773116,40.44145645
2218,148192189,17010142,0,2017-01-17T13:23:00,2017-01-17,13:23:00,"3900 Block Kleber St Pittsburgh, PA 15212",15212,N,Brighton Heights,1,99,9999 9999 - (Misc. Incident): Assist Pittsburgh Animal Control,2708,1,1,-80.03744688,40.48701624
2219,148297469,17012007,0,2017-01-20T10:19:00,2017-01-20,10:19:00,"5200 Block Lotus Way Pittsburgh, PA 15201",15201,N,Upper Lawrenceville,2,99,9999 9999 - (Misc. Incident): ,1011,7,2,-79.95167136,40.47852792
2260,-2799006939,17013905,0,2017-01-23T10:35:00,2017-01-23,10:35:00,"Cliffwood Trl Pittsburgh, PA 15235",15235,N,Outside City,OSC,99,9094 Recovered Stolen Vehicle (OUTSIDE CITY),5599,,,-79.82283925,40.43402305
2263,148470856,17014112,0,2017-01-23T17:52:00,2017-01-23,17:52:00,"2400 Block Glenarm Ave Pittsburgh, PA 15226",15226,N,Brookline,6,99,9999 9999 - (Misc. Incident): Children&Youth services - Court order for juveniles.,1919,4,4,-80.01607228,40.39548629
2265,147791767,17007482,0,2017-01-13T06:30:00,2017-01-13,06:30:00,"2900 Block Merwyn Ave Pittsburgh, PA 15204",15204,N,Sheraden,6,99,9997 Overdose Death,2018,2,5,-80.05042106,40.45572164
2266,147921194,17009429,0,2017-01-16T08:21:00,2017-01-16,08:21:00,"1900 Block Perrysville Ave Pittsburgh, PA 15212",15212,N,Perry South,1,99,9999 9999 - (Misc. Incident): ,2614,6,1,-80.01364329,40.46104824
2281,148049965,17010251,0,2017-01-17T15:45:00,2017-01-17,15:45:00,"3900 Block Haven St Pittsburgh, PA 15204",15204,N,Windgap,6,99,9999 9999 - (Misc. Incident): phone scam,2807,2,5,-80.07762721,40.46099408
2284,148438406,17013886,0,2017-01-20T11:00:00,2017-01-20,11:00:00,"Jacksonia St & Monterey St Pittsburgh, PA 15212",15212,N,Central North Side,1,99,9999 9999 - (Misc. Incident): Non-Reportable Accident,2503,6,1,-80.01353515,40.45716751
2289,147819040,17002669,0,2017-01-13T13:36:00,2017-01-13,13:36:00,"10 Block Allegheny Ctr Pittsburgh, PA 15212",15212,Y,Allegheny Center,1,99,3503.B1I DEF. TRESPASS ACTUAL COMMUNICATION,2204,1,1,-80.00702452,40.45190946
2310,147807856,17007569,0,2017-01-13T09:40:00,2017-01-13,09:40:00,"700 Block Baldwin Rd Pittsburgh, PA 15207",15207,N,Hays,4,99,9999 9999 - (Misc. Incident): injured deer put down,3101,5,3,-79.93570126,40.37989011
2313,148295121,17012023,0,2017-01-19T23:20:00,2017-01-19,23:20:00,"Butler St & 46th St Pittsburgh, PA 15201",15201,N,Central Lawrenceville,2,99,9999 9999 - (Misc. Incident): witness to accident,901,7,2,-79.95880753,40.47281769
2317,147927607,17008129,0,2017-01-14T02:29:00,2017-01-14,02:29:00,"40 Block S 14th St Pittsburgh, PA 15203",15203,Y,South Side Flats,3,99,601.16 Public Urination And Defecation,1702,3,4,-79.98421661,40.42853325
2318,147927907,17008067,0,2017-01-14T12:35:00,2017-01-14,12:35:00,"E Carson St & S 17th St Pittsburgh, PA 15203",15203,Y,South Side Flats,3,99,601.08(a) Alcohol or Liquor Consumption on Streets or Sidewalks,1702,3,4,-79.98204758,40.42883493
2319,147799012,17005707,0,2017-01-08T21:00:00,2017-01-08,21:00:00,"300 Block North Shore Dr Pittsburgh, PA 15212",15212,Y,North Shore,1,99,3503.B1I DEF. TRESPASS ACTUAL COMMUNICATION,2205,1,1,-80.00964027,40.45494869
2334,148443411,17013912,0,2017-01-23T10:47:00,2017-01-23,10:47:00,"500 Block Ridgemont Dr Pittsburgh, PA 15220",15220,N,Ridgemont,6,99,2709(a)(5) Harassment Communicates Repeatedly in Anonymous Manner,2016,2,5,-80.03699947,40.43179511
2341,148007544,17010072,0,2017-01-17T10:54:00,2017-01-17,10:54:00,"Inbound ramp to West End Circle Pittsburgh, PA 15220",15220,N,West End,6,99,9999 9999 - (Misc. Incident): Possible overdose,2019,,,0,0
2342,147817152,17007659,0,2017-01-13T12:32:00,2017-01-13,12:32:00,"1400 Block Locust St Pittsburgh, PA 15219",15219,N,Bluff,2,99,9999 9999 - (Misc. Incident): ,103,6,3,-79.98545539,40.43603601
2345,147736313,17006956,0,2017-01-12T12:43:00,2017-01-12,12:43:00,"2400 Block Shady Ave Pittsburgh, PA 15217",15217,N,Squirrel Hill South,4,99,9999 9999 - (Misc. Incident): Assist Pgh Public School Police,1408,5,3,-79.92063357,40.43002809
2346,-2676004067,17006931,0,2017-01-12T11:15:00,2017-01-12,11:15:00,"1400 Block Oakridge St Pittsburgh, PA 15226",15226,N,Brookline,6,99,9998 Overdose Other,3206,4,4,-80.00836903,40.3912501
2347,148302114,17005705,0,2017-01-08T19:00:00,2017-01-08,19:00:00,"300 Block North Shore Dr Pittsburgh, PA 15212",15212,Y,North Shore,1,99,"601.16(b)(1)(c) Any Person who urinates or defecates in, on, or about any private property without consent of owner",2205,1,1,-80.00964027,40.45494869
2356,-3011000600,17008138,0,2017-01-14T03:15:00,2017-01-14,03:15:00,"4700 Block Theodore St Pittsburgh, PA 15207",15207,N,Lincoln Place,4,99,9998 Overdose Other,3102,5,3,-79.91130385,40.37933958
2364,148287930,17011935,0,2017-01-20T07:19:00,2017-01-20,07:19:00,"5th Ave & Logan St Pittsburgh, PA 15219",15219,N,Bluff,2,99,9999 9999 - (Misc. Incident): ,103,,,0,0
2365,148305683,17012165,0,2017-01-20T15:20:00,2017-01-20,15:20:00,"900 Block Behan St Pittsburgh, PA 15233",15233,Y,Central North Side,1,99,9999 9999 - (Misc. Incident): ,2206,1,1,-80.01780198,40.45434087
2449,147859496,17008381,0,2017-01-14T12:30:00,2017-01-14,12:30:00,"Spencer Ave & Beau St Pittsburgh, PA 15227",15227,N,Carrick,3,99,9998 Overdose Other,2904,4,4,-79.97642418,40.38767279
2375,147943848,17009355,0,2017-01-16T02:30:00,2017-01-16,02:30:00,"1700 Block E Carson St Pittsburgh, PA 15203",15203,Y,South Side Flats,3,99,3367 Racing on Highways. / 3736 Reckless Driving,1702,3,4,-79.98186901,40.4285852
2378,147840689,17007992,0,2017-01-13T21:58:00,2017-01-13,21:58:00,"Ross Pittsburgh, PA ",", PA ",N,Outside City,OSC,99,9094 Recovered Stolen Vehicle (OUTSIDE CITY),5599,,,0,0
2383,147870590,17008678,0,2017-01-14T22:13:00,2017-01-14,22:13:00,"200 Block East Ohio St Pittsburgh, PA 15212",15212,N,Allegheny Center,1,99,3926.C1 THEFT OF SERVICES,2204,1,1,-80.00366043,40.45302239
2386,147893332,17009024,0,2017-01-15T09:00:00,2017-01-15,09:00:00,"2000 Block Wightman St Pittsburgh, PA 15217",15217,N,Squirrel Hill South,4,99,13(a)(30)* Delivery of Controlled Substance,1413,5,3,-79.92768103,40.43407211
2393,147811799,17007607,0,2017-01-12T09:30:00,2017-01-12,09:30:00,"200 Block Morange Rd Pittsburgh, PA 15205",15205,N,Oakwood,6,99,9999 9999 - (Misc. Incident): property damage,2812,2,5,-80.06728537,40.42145782
2404,147843266,17008092,0,2017-01-14T02:20:00,2017-01-14,02:20:00,"1500 Block E Carson St Pittsburgh, PA 15203",15203,Y,South Side Flats,3,99,7513 Restriction on Alcoholic Beverages - Open Container,1702,3,4,-79.98330671,40.42868483
2424,147862582,17008438,0,2017-01-14T15:00:00,2017-01-14,15:00:00,"300 Block Birmingham Ave Pittsburgh, PA 15210",15210,Y,Carrick,3,99,2701(b)(2) Simple Assault -  Child Under 12 / Adult 21 Or Older,2902,4,4,-79.98401857,40.40279274
2462,147843969,17008097,0,2017-01-14T01:26:00,2017-01-14,01:26:00,"S 16th St & Roland St Pittsburgh, PA 15203",15203,Y,South Side Flats,3,99,601.16 Public Urination And Defecation,1702,3,4,-79.98283645,40.42854098
2428,147843742,17008086,0,2017-01-14T01:30:00,2017-01-14,01:30:00,"Chartiers Ave & Citadel St Pittsburgh, PA 15204",15204,Y,Sheraden,6,99,"3802(a)(1) DUI - General Impairment / 4107(b)(2) Vehicle Equipment Standards / 4523 Exhaust Systems, Mufflers and Noise Control.",2018,2,5,-80.05838051,40.45429392
2456,-2746015628,17011837,0,2017-01-20T01:15:00,2017-01-20,01:15:00,"Andick Way & Lettie Hill St Pittsburgh, PA 15216",15216,Y,Beechview,6,99,473.07 (a) Hours of Parks 0600-2300 hrs.,1916,4,5,-80.01672218,40.41423259
2460,147843463,17008070,0,2017-01-14T00:30:00,2017-01-14,00:30:00,"S 18th St & Wrights Way Pittsburgh, PA 15203",15203,Y,South Side Flats,3,99,601.16 Public Urination And Defecation,1702,3,4,-79.98051371,40.42922838
2461,147843572,17008090,0,2017-01-14T01:13:00,2017-01-14,01:13:00,"S 16th St & Roland St Pittsburgh, PA 15203",15203,Y,South Side Flats,3,99,601.16 Public Urination And Defecation,1702,3,4,-79.98283645,40.42854098
2465,147895738,17008939,0,2017-01-15T11:15:00,2017-01-15,11:15:00,"2100 Block Reed St Pittsburgh, PA 15219",15219,N,Central Business District,2,99,9093 Indirect Criminal Contempt,201,6,3,-79.97725359,40.4426808
2472,147945402,17009641,0,2017-01-16T16:01:00,2017-01-16,16:01:00,"100 Block Capital Ave Pittsburgh, PA 15226",15226,N,Brookline,6,99,9998 Overdose Other,1917,4,4,-80.01875703,40.40527753
2494,148320291,17012369,0,2017-01-20T20:00:00,2017-01-20,20:00:00,"200 Block Sprucewood St Pittsburgh, PA 15210",15210,N,Carrick,3,99,7615(a)(3) Computer Trespass - Alter/Erase Data,2902,4,4,-79.98528048,40.39855786
2496,147760498,17007104,0,2017-01-11T13:18:00,2017-01-11,13:18:00,"4300 Block Mc Caslin St Pittsburgh, PA 15217",15217,N,Greenfield,4,99,9999 9999 - (Misc. Incident): ,1517,5,3,-79.93731792,40.42124371
2509,148277491,17011722,0,2017-01-19T20:24:00,2017-01-19,20:24:00,"1100 Block Brownsville Rd Pittsburgh, PA 15210",15210,Y,Carrick,3,99,902 Criminal Solicitation. / 5902(e) Patronizing a Prostitute,2902,4,4,-79.99089923,40.40493936
2521,147857854,17008363,0,2017-01-14T11:41:00,2017-01-14,11:41:00,"Lorenz Ave & Chartiers Ave Pittsburgh, PA 15220",15220,Y,Elliott,6,99,9999 9999 - (Misc. Incident): Bench Warrant,2020,2,5,-80.04063013,40.44397301
2527,147764169,17007075,0,2017-01-12T15:15:00,2017-01-12,15:15:00,"7000 Block Bennett St Pittsburgh, PA 15208",15208,N,Homewood South,5,99,9094 Recovered Stolen Vehicle (OUTSIDE CITY),1303,9,2,-79.90140945,40.45730673
2529,147894153,17009066,0,2017-01-15T16:39:00,2017-01-15,16:39:00,"300 Block Enright Ct Pittsburgh, PA 15206",15206,Y,East Liberty,5,99,9999 9999 - (Misc. Incident): ,1115,9,2,-79.91683711,40.46087917
2534,148064715,17010414,0,2017-01-17T20:18:00,2017-01-17,20:18:00,"4000 Block Howley St Pittsburgh, PA 15224",15224,Y,Bloomfield,5,99,9093 Indirect Criminal Contempt,903,7,2,-79.95720324,40.46356392
2544,147787607,17006930,0,2016-12-28T18:00:00,2016-12-28,18:00:00,"1000 Block Fifth Ave Pittsburgh, PA 15219",15219,N,Central Business District,2,99,9999 9999 - (Misc. Incident): ,201,6,3,-79.99083635,40.43856481
2546,148067628,17010426,0,2017-01-17T21:03:00,2017-01-17,21:03:00,"2200 Block Noblestown Rd Pittsburgh, PA 15205",15205,N,Westwood,6,99,9999 9999 - (Misc. Incident): Suspicious vehicle ,2811,2,5,-80.0539085,40.43007247
2557,148173162,17011064,0,2017-01-18T20:17:00,2017-01-18,20:17:00,"200 Block Clover St Pittsburgh, PA 15210",15210,N,Arlington,3,99,9999 9999 - (Misc. Incident): ,1603,3,4,-79.9716703,40.41595935
2559,148340781,17012570,0,2017-01-21T02:49:00,2017-01-21,02:49:00,"300 Block Maytide St Pittsburgh, PA 15227",15227,N,Carrick,3,99,3802(a)(1) DUI - General Impairment / 3301 Driving on Right Side of Roadway. / 1786 Required Financial Responsibility. / 3736 Reckless Driving / 1543 Driving While Operating Privilege is Suspended or Revoked.,2904,4,4,-79.9842537,40.38452794
2576,148166829,17008438,0,2017-01-14T15:00:00,2017-01-14,15:00:00,"300 Block Birmingham Ave Pittsburgh, PA 15210",15210,Y,Carrick,3,99,2701(b)(2) Simple Assault -  Child Under 12 / Adult 21 Or Older,2902,4,4,-79.98401857,40.40279274
2579,148174699,17011109,0,2017-01-18T20:55:00,2017-01-18,20:55:00,"S 17th St & E Carson St Pittsburgh, PA 15203",15203,N,South Side Flats,3,99,9999 9999 - (Misc. Incident): ,1702,3,4,-79.98204758,40.42883493
2603,148396504,17013458,0,2017-01-22T01:33:00,2017-01-22,01:33:00,"300 Block North Shore Dr Pittsburgh, PA 15212",15212,N,North Shore,1,99,9999 9999 - (Misc. Incident): ,2205,1,1,-80.00964027,40.45494869
2620,147767746,17007111,0,2017-01-05T23:59:00,2017-01-05,23:59:00,"1900 Block Waite St Pittsburgh, PA 15210",15210,N,Arlington,3,99,9999 9999 - (Misc. Incident): ,1603,3,4,-79.97873768,40.41712437
2623,147946507,17009548,0,2017-01-16T12:20:00,2017-01-16,12:20:00,"400 Block Butler  St Etna, PA 15223",15223,Y,Outside City,OSC,99,9094 Recovered Stolen Vehicle (OUTSIDE CITY),5599,,,-79.943953,40.49783248
2624,148196895,17011292,0,2017-01-19T06:29:00,2017-01-19,06:29:00,"Stranmore St & Hyena Way Pittsburgh, PA 15212",15212,Y,California-Kirkbride,1,99,"3802(a)(1) DUI - General Impairment / 419.01 Obstruction of Street, Sidewalk, or Public Way / 1543 Driving While Operating Privilege is Suspended or Revoked.",2507,6,1,-80.02604254,40.4606124
2625,148282226,17011814,0,2017-01-19T23:57:00,2017-01-19,23:57:00,"200 Block N Graham St Pittsburgh, PA 15206",15206,N,Garfield,5,99,9997 Overdose Death,1114,9,2,-79.93637061,40.46289996
2626,148329493,17012358,0,2017-01-20T20:28:00,2017-01-20,20:28:00,"1700 Block Stratmore St Pittsburgh, PA 15205",15205,Y,Crafton Heights,6,99,3736 Reckless Driving / 3802(a)(1) DUI - General Impairment,2815,2,5,-80.05698971,40.44199727
2634,147812075,17007406,0,2017-01-13T02:21:00,2017-01-13,02:21:00,"S 12th St & E Carson St Pittsburgh, PA 15203",15203,Y,South Side Flats,3,99,601.08(a) Alcohol or Liquor Consumption on Streets or Sidewalks,1702,3,4,-79.98642219,40.42874965
2637,148470035,17014094,0,2017-01-23T17:10:00,2017-01-23,17:10:00,"1100 Block Buente St Pittsburgh, PA 15212",15212,N,Spring Hill-City View,1,99,9999 9999 - (Misc. Incident): Check on well being,2620,1,1,-79.99554483,40.46661658
2646,148304882,17011854,0,2017-01-20T01:44:00,2017-01-20,01:44:00,"1600 Block E Carson St Pittsburgh, PA 15203",15203,Y,South Side Flats,3,99,601.16 Public Urination And Defecation,1702,3,4,-79.98264653,40.42874675
2661,148369010,17013231,0,2017-01-22T03:15:00,2017-01-22,03:15:00,"Wind Gap Ave & Berry St Pittsburgh, PA 15204",15204,Y,Windgap,6,99,3802(a)(1) DUI - General Impairment,2807,,,-80.06844442,40.44769925
2673,148102672,17010686,0,2017-01-18T08:00:00,2017-01-18,08:00:00,"7500 Block Hamilton Ave Pittsburgh, PA 15208",15208,N,Homewood South,5,99,9999 9999 - (Misc. Incident): ,1303,9,2,-79.89248194,40.45342153
2682,148332298,17012467,0,2017-01-21T00:36:00,2017-01-21,00:36:00,"Ridge Ave & West Commons Pittsburgh, PA 15212",15212,Y,Allegheny Center,1,99,13(a)(31)(i) Marijuana - Possess Small Amt for Personal Use / 1543 Driving While Operating Privilege is Suspended or Revoked. / 3308 One-Way Roadways and Rotary Traffic Islands. / 3809(a) Restriction on Alcoholic Beverages in Vehicle,2204,1,1,-80.00764816,40.45218354
2683,148339177,17012551,0,2017-01-21T01:55:00,2017-01-21,01:55:00,"3100 Block Liberty Ave Pittsburgh, PA 15201",15201,Y,Polish Hill,2,99,3926(a)(4) Theft of services; ACQUISITION OF SERVICES - refusal to pay or offer to pay for a service (hotels and restaurants),605,7,6,-79.9707034,40.45877886
2684,148345156,17012659,0,2017-01-21T10:00:00,2017-01-21,10:00:00,"200 Block Millbridge St Pittsburgh, PA 15210",15210,N,Allentown,3,99,9093 Indirect Criminal Contempt,1803,3,4,-79.99586732,40.42076693
2701,148269311,17011622,0,2017-01-19T17:37:00,2017-01-19,17:37:00,"Ledlie St & Bedford Ave Pittsburgh, PA 15219",15219,Y,Crawford-Roberts,2,99,3733 Fleeing or Attempting to Elude Police Officer / 3323 Stop Signs and Yield Signs.,305,6,3,-79.98272304,40.44636939
2707,147912320,17009428,0,2017-01-16T08:10:00,2017-01-16,08:10:00,"Bryant St & N Euclid Ave Pittsburgh, PA 15206",15206,N,Highland Park,5,99,9999 9999 - (Misc. Incident): 9999 - (Misc. Incident): 9999 - (Misc. Incident): ,1102,7,2,-79.9198209,40.47573543
2754,148455934,17013993,0,2017-01-21T19:00:00,2017-01-21,19:00:00,"5400 Block Penn Ave Pittsburgh, PA 15206",15206,N,Bloomfield,5,99,9999 9999 - (Misc. Incident): Accident with unattended vehicle,809,9,2,-79.93641591,40.46444116
2755,148463563,17014026,0,2017-01-23T15:00:00,2017-01-23,15:00:00,"300 Block Renova St Pittsburgh, PA 15207",15207,N,Hazelwood,4,99,9999 9999 - (Misc. Incident): ,1515,5,3,-79.93705448,40.40243347
2774,148566421,17006394,0,2017-01-24T23:00:00,2017-01-24,23:00:00,"1500 Block Brighton Rd Pittsburgh, PA 15212",15212,N,California-Kirkbride,1,99,9999 9999 - (Misc. Incident): Narcotics Investigation,2507,6,1,-80.01651556,40.45651505
2775,148566819,17014766,0,2017-01-24T20:00:00,2017-01-24,20:00:00,"1400 Block Washington Blvd Pittsburgh, PA 15206",15206,N,Highland Park,5,99,9999 9999 - (Misc. Incident): Narcotics Investigation,1106,9,2,-79.90854001,40.47045991
2779,148109337,17010189,0,2017-01-17T13:18:00,2017-01-17,13:18:00,"4600 Block Browns Hill Rd Pittsburgh, PA 15217",15217,N,Squirrel Hill South,4,99,3926(a)(4) Theft of services; ACQUISITION OF SERVICES - refusal to pay or offer to pay for a service (hotels and restaurants),1414,5,3,-79.9249411,40.41559424
2781,147812732,17007631,0,2017-01-13T11:35:00,2017-01-13,11:35:00,"5400 Block Maynard St Pittsburgh, PA 15217",15217,N,Squirrel Hill North,4,99,9999 9999 - (Misc. Incident): ,1402,8,3,-79.93286823,40.44305776
2782,148475914,17014190,0,2017-01-23T20:14:00,2017-01-23,20:14:00,"Reedsdale St & Casino Dr Pittsburgh, PA 15233",15233,N,Chateau,1,99,3301 Arson ,2108,6,6,-80.02096395,40.44755606
2784,148542115,17014639,0,2017-01-24T15:50:00,2017-01-24,15:50:00,"2400 Block Wylie Ave Pittsburgh, PA 15219",15219,N,Middle Hill,2,99,9998 Overdose Other,501,6,3,-79.97308743,40.44730504
2790,148496869,17013299,0,2016-12-30T12:00:00,2016-12-30,12:00:00,"200 Block Camfield St Pittsburgh, PA 15210",15210,Y,Bon Air,3,99,9999 9999 - (Misc. Incident): Possible Child abuse,1806,4,4,-79.99850179,40.40929021
2794,148299737,17012044,0,2017-01-20T11:36:00,2017-01-20,11:36:00,"10 Block E North Ave Pittsburgh, PA 15212",15212,Y,Allegheny Center,1,99,9999 (Misc. Crime): Assault.  Possibly Domestic/Prostitution/Drug  Related,2204,1,1,-80.00614283,40.45584368
2795,147740354,17006329,0,2017-01-08T22:00:00,2017-01-08,22:00:00,"300 Block S Main St Pittsburgh, PA 15220",15220,N,West End,6,99,9999 9999 - (Misc. Incident): ,2019,7,2,-79.95794436,40.46737503
2796,148109867,17010739,0,2017-01-18T10:20:00,2017-01-18,10:20:00,"7000 Block Apple Ave Pittsburgh, PA 15208",15208,N,Homewood North,5,99,9999 9999 - (Misc. Incident): ,1301,9,2,-79.89895344,40.46460563
2804,148009207,17010043,0,2017-01-17T10:10:00,2017-01-17,10:10:00,"5400 Block Butler St Pittsburgh, PA 15201",15201,N,Upper Lawrenceville,2,99,9999 9999 - (Misc. Incident): ,1011,7,2,-79.95094934,40.48281452
2817,147898629,17009193,0,2017-01-15T20:28:00,2017-01-15,20:28:00,"50 Block Hanover St Pittsburgh, PA 15210",15210,Y,Allentown,3,99,"9999 9999 - (Misc. Incident): PFA service, verbal",1803,3,4,-79.99243777,40.42521968
2820,147682082,17006519,0,2017-01-11T18:00:00,2017-01-11,18:00:00,"1800 Block Jancey St Pittsburgh, PA 15206",15206,N,Morningside,5,99,901 Criminal Attempt,1014,7,2,-79.92641747,40.48591422
2830,147873374,17008776,0,2017-01-15T01:39:00,2017-01-15,01:39:00,"700 Block Eureka St Pittsburgh, PA 15210",15210,N,Allentown,3,99,9998 Overdose Other,1803,3,4,-79.99579579,40.42366468
2848,148149120,17010468,0,2017-01-15T02:07:00,2017-01-15,02:07:00,"S 15th St & E Carson St Pittsburgh, PA 15203",15203,Y,South Side Flats,3,99,"601.16(b)(1)(a) Any Person who urinates or defecates in, on, or about any public place",1702,3,4,-79.98342493,40.42881518
2852,148332237,17012492,0,2017-01-19T17:10:00,2017-01-19,17:10:00,"300 Block E North Ave Pittsburgh, PA 15212",15212,N,Allegheny Center,1,99,9998 Overdose Other,2204,1,1,-80.00964027,40.45494869
2856,147898086,17009207,0,2017-01-15T20:28:00,2017-01-15,20:28:00,"200 Block Rochelle St Pittsburgh, PA 15210",15210,N,Knoxville,3,99,9998 Overdose Other,3001,3,4,-79.99062279,40.41505082
2866,147774787,17007215,0,2017-01-12T18:51:00,2017-01-12,18:51:00,"60 Block Amanda Ave Pittsburgh, PA 15210",15210,N,Allentown,3,99,9999 9999 - (Misc. Incident): Domestic,1803,3,4,-79.98817864,40.4193679
2868,147841140,17008005,0,2017-01-13T22:24:00,2017-01-13,22:24:00,"Penn Ave & S Braddock Ave Pittsburgh, PA 15221",15221,N,Point Breeze,4,99,1301 Registration and Certificate of Title Required. / 3102 Obedience to Authorized Persons Directing Traffic. / 3733 Fleeing or Attempting to Elude Police Officer,1406,9,3,-79.8951617,40.44713269
2877,147840625,17007997,0,2017-01-13T22:11:00,2017-01-13,22:11:00,"1000 Block Fort Duquesne Blvd Pittsburgh, PA 15222",15222,N,Central Business District,2,99,9999 9999 - (Misc. Incident): ,201,6,6,-79.99524489,40.44551089
2878,147868567,17008601,0,2017-01-14T19:35:00,2017-01-14,19:35:00,"2400 Block 5th Ave Pittsburgh, PA 15213",15213,N,South Oakland,4,99,9998 Overdose Other,409,6,3,-79.9700702,40.43680321
2879,147870419,17008633,0,2017-01-14T02:30:00,2017-01-14,02:30:00,"4600 Block Saline St Pittsburgh, PA 15217",15217,N,Squirrel Hill South,4,99,9999 9999 - (Misc. Incident): ,1414,5,3,-79.92418684,40.41584209
2891,147799671,17007529,0,2017-01-12T20:00:00,2017-01-12,20:00:00,"300 Block Mifflin Rd Pittsburgh, PA 15207",15207,N,Hays,4,99,9999 9999 - (Misc. Incident): Non-Reportable Accident,3101,5,3,-79.9320205,40.39041837
2901,147854941,17008292,0,2017-01-14T10:05:00,2017-01-14,10:05:00,"600 Block Grant St Pittsburgh, PA 15219",15219,N,Central Business District,2,99,9999 9999 - (Misc. Incident): ,201,6,6,-79.99473712,40.44135498
2918,147946444,17009340,0,2017-01-16T02:03:00,2017-01-16,02:03:00,"1500 Block E Carson St Pittsburgh, PA 15203",15203,Y,South Side Flats,3,99,601.08(a) Alcohol or Liquor Consumption on Streets or Sidewalks,1702,3,4,-79.98330671,40.42868483
2914,147944827,17008781,0,2017-01-15T01:44:00,2017-01-15,01:44:00,"S 15th St & Roland St Pittsburgh, PA 15203",15203,Y,South Side Flats,3,99,601.16 Public Urination And Defecation,1702,3,4,-79.98343519,40.42855549
2915,147945522,17008784,0,2017-01-15T01:50:00,2017-01-15,01:50:00,"S 16th St & Roland St Pittsburgh, PA 15203",15203,Y,South Side Flats,3,99,601.16 Public Urination And Defecation,1702,3,4,-79.98283645,40.42854098
2916,147945724,17009284,0,2017-01-16T00:18:00,2017-01-16,00:18:00,"1800 Block Carey Way Pittsburgh, PA 15203",15203,Y,South Side Flats,3,99,601.16 Public Urination And Defecation,1702,3,4,-79.98057208,40.4282326
2917,147946178,17009309,0,2017-01-16T00:59:00,2017-01-16,00:59:00,"1500 Block E Carson St Pittsburgh, PA 15203",15203,Y,South Side Flats,3,99,601.08(a) Alcohol or Liquor Consumption on Streets or Sidewalks,1702,3,4,-79.98330671,40.42868483
2938,147858211,17008388,0,2017-01-14T13:00:00,2017-01-14,13:00:00,"6000 Block Penn Ave Pittsburgh, PA 15206",15206,N,East Liberty,5,99,9998 Overdose Other,1115,9,2,-79.92457748,40.46107732
2940,147864846,17008125,0,2017-01-14T02:22:00,2017-01-14,02:22:00,"S 12th St & E Carson St Pittsburgh, PA 15203",15203,Y,South Side Flats,3,99,601.12 Interference with Official Duties,1702,3,4,-79.98642219,40.42874965
2943,147852491,17008219,0,2017-01-14T08:30:00,2017-01-14,08:30:00,"100 Block Kirk Ave Pittsburgh, PA 15210",15210,N,Carrick,3,99,9998 Overdose Other,2904,4,4,-79.97825424,40.38589174
2951,148167162,17010697,0,2017-01-18T19:50:00,2017-01-18,19:50:00,"900 Block Peralta St Pittsburgh, PA 15212",15212,N,East Allegheny,1,99,7728 Accidents and Accident Reports.,2304,1,1,-79.99479119,40.45586726
2953,-2732011931,17009873,0,2017-01-17T00:40:00,2017-01-17,00:40:00,"5th Ave & N Bellefield Ave Pittsburgh, PA 15213",15213,N,North Oakland,4,99,9999 9999 - (Misc. Incident): bolt in left rear tire,404,8,3,-79.95191134,40.44647659
2958,148145061,17007648,0,2017-01-13T12:00:00,2017-01-13,12:00:00,"2100 Block Arlington Ave Pittsburgh, PA 15210",15210,N,Arlington,3,99,5511(c)(1) CRUELTY TO ANIMALS,1603,3,4,-79.97728355,40.41767288
2966,148194429,17011316,0,2017-01-18T13:11:00,2017-01-18,13:11:00,"1200 Block Western Ave Pittsburgh, PA 15233",15233,N,Manchester,1,99,9998 Overdose Other,2107,6,1,-80.02196514,40.45120975
2970,147978284,17009589,0,2017-01-16T14:15:00,2017-01-16,14:15:00,"1100 Block Farragut St Pittsburgh, PA 15206",15206,N,Highland Park,5,99,9999 9999 - (Misc. Incident): 9999 - (Misc. Incident): ,1106,7,2,-79.91751889,40.47344604
2985,147802245,17007486,0,2017-01-13T06:52:00,2017-01-13,06:52:00,"1400 Block Celtic St Pittsburgh, PA 15210",15210,N,Carrick,3,99,9997 Overdose Death,2901,4,4,-79.99625427,40.39900146
2994,148163186,17010940,0,2017-01-18T17:00:00,2017-01-18,17:00:00,"100 Block Federal St S Pittsburgh, PA 15212",15212,N,North Shore,1,99,2709.1 Stalking Conduct or Repeatedly Acts Including Follows / 2709(a)(2) Harassment by Following Person in Public Place(s),2205,1,6,-80.00376367,40.44779138
2997,148277297,17011776,0,2017-01-19T22:15:00,2017-01-19,22:15:00,"Foreland St & Middle St Pittsburgh, PA 15212",15212,Y,East Allegheny,1,99,902 Criminal Solicitation. / 5902(e) Patronizing a Prostitute,2304,1,1,-79.99938941,40.45456873
2999,147760822,17007079,0,2017-01-12T15:26:00,2017-01-12,15:26:00,"700 Block Moravian Way Pittsburgh, PA 15212",15212,N,East Allegheny,1,99,9998 Overdose Other,2304,1,1,-80.00106618,40.45341492
3000,147771453,17007157,0,2017-01-12T17:10:00,2017-01-12,17:10:00,"5900 Block Centre Ave Pittsburgh, PA 15206",15206,N,East Liberty,5,99,9999 9999 - (Misc. Incident): Non-Reportable Accident,1115,8,2,-79.92740885,40.4591906
3110,148468636,17014080,0,2017-01-23T15:40:00,2017-01-23,15:40:00,"4900 Block 2nd Ave Pittsburgh, PA 15207",15207,Y,Hazelwood,4,99,9999 9999 - (Misc. Incident): ,1515,5,3,-79.9440557,40.40990781
3004,148074602,17009298,0,2017-01-16T00:39:00,2017-01-16,00:39:00,"80 Block S 15th St Pittsburgh, PA 15203",15203,Y,South Side Flats,3,99,601.16 Public Urination And Defecation,1702,3,4,-79.98357299,40.4285553
3005,148078581,17010606,0,2017-01-18T03:07:00,2017-01-18,03:07:00,"2500 Block Bedford Ave Pittsburgh, PA 15219",15219,N,Bedford Dwellings,2,99,3802(a)(1) DUI - General Impairment,509,6,3,-79.97278341,40.45052409
3010,147798621,17007553,0,2017-01-12T23:07:00,2017-01-12,23:07:00,"2200 Block La Place St Pittsburgh, PA 15219",15219,Y,Middle Hill,2,99,2709(a)(5) Harassment Communicates Repeatedly in Anonymous Manner,501,6,3,-79.97582879,40.44473329
3011,147818749,17007678,0,2017-01-10T13:30:00,2017-01-10,13:30:00,"2200 Block Centre Ave Pittsburgh, PA ",", PA ",N,Middle Hill,2,99,9999 9999 - (Misc. Incident): ,501,6,3,-79.97598705,40.4451544
3017,148165495,17010941,0,2017-01-18T17:05:00,2017-01-18,17:05:00,"Fifth Ave & Penn Ave Pittsburgh, PA 15208",15208,Y,Larimer,5,99,1543 Driving While Operating Privilege is Suspended or Revoked. / 4914 False Identification to Law Enforcement Authorities / 3112 Traffic-Control Signals.,1208,9,3,-79.91242362,40.45403729
3027,148340108,17012598,0,2017-01-21T03:11:00,2017-01-21,03:11:00,"2500 Block Haymaker Rd Pittsburgh, PA 15146",15146,N,Outside City,OSC,99,9999 9999 - (Misc. Incident): ,5599,,,-79.74938277,40.42268048
3028,148343048,17012628,0,2017-01-21T08:14:00,2017-01-21,08:14:00,"1700 Block Morningside Ave Pittsburgh, PA 15206",15206,N,Morningside,5,99,3503(a) Criminal Trespass,1014,7,2,-79.92825178,40.48529543
3032,148170309,17011047,0,2017-01-18T20:00:00,2017-01-18,20:00:00,"4200 Block Butler St Pittsburgh, PA 15201",15201,N,Central Lawrenceville,2,99,9998 Overdose Other,901,7,2,-79.96052108,40.47023327
3044,148378332,17013354,0,2017-01-22T10:50:00,2017-01-22,10:50:00,"400 Block Ottillia St Pittsburgh, PA 15210",15210,N,Mount Oliver,3,99,9999 9999 - (Misc. Incident): possible Criminal Mischief,1607,,,-79.98175756,40.41258188
3064,148270859,17011631,0,2017-01-19T17:53:00,2017-01-19,17:53:00,"2100 Block Rhine St Pittsburgh, PA 15212",15212,N,Spring Hill-City View,1,99,9999 9999 - (Misc. Incident): ,2620,1,1,-79.99367687,40.46661676
3065,148272219,17011633,0,2017-01-19T17:57:00,2017-01-19,17:57:00,"East Ohio St & Madison Ave Pittsburgh, PA 15212",15212,N,East Allegheny,1,99,9134 Pedestrian Hit by Vehicle/Non-Reportable Accident,2304,1,1,-79.99679212,40.4541044
3076,148173305,17010930,0,2017-01-18T16:46:00,2017-01-18,16:46:00,"Homestead High Level Brg Pittsburgh, PA 15217",15217,N,Outside City,OSC,99,9999 9999 - (Misc. Incident): River Rescue assisting Homestead PD for jumper at Homestead highlevel bridge.,5599,,,0,0
3077,148368641,17011830,0,2017-01-20T00:40:00,2017-01-20,00:40:00,"1300 Block Bingham St Pittsburgh, PA 15203",15203,N,South Side Flats,3,99,"601.16(b)(1)(a) Any Person who urinates or defecates in, on, or about any public place",1702,3,4,-79.98511872,40.42922588
3090,148510624,17014531,0,2017-01-23T13:25:00,2017-01-23,13:25:00,"1800 Block Whited St Pittsburgh, PA 15210",15210,N,Brookline,6,99,2709(a)(5) Harassment Communicates Repeatedly in Anonymous Manner,3206,4,4,-79.9990985,40.39580637
3103,148480183,17014329,0,2017-01-24T02:35:00,2017-01-24,02:35:00,"800 Block Crane Ave Pittsburgh, PA 15216",15216,N,Beechview,6,99,9999 9999 - (Misc. Incident): ,1916,4,5,-80.02570439,40.41818338
3113,148157265,17010905,0,2017-01-18T16:25:00,2017-01-18,16:25:00,"600 Block Dunster St Pittsburgh, PA 15226",15226,N,Brookline,6,99,9998 Overdose Other,1917,4,4,-80.01428355,40.40212097
3114,148159103,17010929,0,2017-01-17T17:00:00,2017-01-17,17:00:00,"2400 Block Starkamp St Pittsburgh, PA 15226",15226,N,Brookline,6,99,9999 9999 - (Misc. Incident): ,1917,4,4,-80.01591079,40.39351287
3141,148359368,17008749,0,2017-01-15T01:01:00,2017-01-15,01:01:00,"1500 Block E Carson St Pittsburgh, PA 15203",15203,Y,South Side Flats,3,99,601.08(a) Alcohol or Liquor Consumption on Streets or Sidewalks,1702,3,4,-79.98330671,40.42868483
3152,148437101,17013875,0,2017-01-23T09:39:00,2017-01-23,09:39:00,"5100 Block Columbo St Pittsburgh, PA 15224",15224,N,Garfield,5,99,9999 9999 - (Misc. Incident): ,1016,9,2,-79.94046821,40.47024632
3153,148232076,17011447,0,2017-01-21T11:30:00,2017-01-21,11:30:00,Zone 1,one 1,Y,,1,99,9999 9999 - (Misc. Incident): Sexually Violent Predator (community Notification),,,,,
3161,148462611,17014055,0,2017-01-23T16:00:00,2017-01-23,16:00:00,"1300 Block West Liberty Ave Pittsburgh, PA 15226",15226,N,Brookline,6,99,9999 9999 - (Misc. Incident): ,1917,7,6,-79.99091139,40.44570744
3169,148502080,17014462,0,2017-01-21T06:05:00,2017-01-21,06:05:00,"800 Block E Warrington Ave Pittsburgh, PA 15210",15210,N,Allentown,3,99,9999 9999 - (Misc. Incident): ,1803,3,4,-79.99357756,40.42153188
3183,147996197,17009985,0,2017-01-17T07:30:00,2017-01-17,07:30:00,"Beckfield St Pittsburgh, PA 15212",15212,N,Spring Hill-City View,1,99,9997 Overdose Death,2620,1,1,-79.99207025,40.46834216
3185,148476860,17014253,0,2017-01-23T22:07:00,2017-01-23,22:07:00,"200 Block Glenwood Ave Pittsburgh, PA 15207",15207,Y,Hazelwood,4,99,627.02(b)(ii) Smoking a small amount of marijuana in any public space,1515,5,3,-79.93887751,40.40133217
3188,148504381,17014482,0,2017-01-12T10:55:00,2017-01-12,10:55:00,"6100 Block Penn Ave Pittsburgh, PA 15206",15206,N,East Liberty,5,99,3742 Accidents Involving Death or Personal Injury,1115,9,2,-79.92378078,40.46070679
3191,148542235,17014664,0,2017-01-24T16:34:00,2017-01-24,16:34:00,"1100 Block Allegheny Ave Pittsburgh, PA 15233",15233,N,Manchester,1,99,9999 9999 - (Misc. Incident): ,2107,1,1,-80.01933837,40.45325272
3197,147718226,17006860,0,2017-01-12T08:00:00,2017-01-12,08:00:00,"500 Block Marshall Ave Pittsburgh, PA 15214",15214,N,Perry South,1,99,9999 9999 - (Misc. Incident): ,2615,6,1,-80.01677284,40.47101228
3199,148347469,17012638,0,2017-01-21T08:42:00,2017-01-21,08:42:00,"2300 Block Mannheim St Pittsburgh, PA 15212",15212,Y,Marshall-Shadeland,1,99,4914 False Identification to Law Enforcement Authorities,2704,1,1,-80.02984362,40.46278172
3202,148509641,17014476,0,2017-01-24T09:55:00,2017-01-24,09:55:00,"700 Block Mercer St Pittsburgh, PA 15219",15219,N,Crawford-Roberts,2,99,9999 9999 - (Misc. Incident): ,305,6,3,-79.98729152,40.44442876
3207,-2816001846,17008170,0,2017-01-14T02:00:00,2017-01-14,02:00:00,"S 13th St & E Carson St Pittsburgh, PA 15203",15203,N,South Side Flats,3,99,3742 Accidents Involving Death or Personal Injury,1702,3,4,-79.9853271,40.42877496
3208,147868585,17008616,0,2017-01-14T20:20:00,2017-01-14,20:20:00,"2500 Block Perrysville Ave Pittsburgh, PA 15214",15214,N,Perry South,1,99,9999 9999 - (Misc. Incident): ,2614,6,1,-80.00794082,40.469714
3210,147903430,17009278,0,2017-01-16T00:35:00,2017-01-16,00:35:00,"800 Block Mclain St Pittsburgh, PA 15210",15210,Y,Allentown,3,99,473.07 (a) Hours of Parks 0600-2300 hrs.,1803,3,4,-79.99383254,40.42418497
3226,147833285,17007824,0,2017-01-13T17:08:00,2017-01-13,17:08:00,"Woodlow St & Crucible St Pittsburgh, PA 15205",15205,Y,Crafton Heights,6,99,9999 9999 - (Misc. Incident): ,2814,2,5,-80.0510476,40.44705498
3234,147760504,17007046,0,2017-01-12T14:27:00,2017-01-12,14:27:00,"5900 Block Centre Ave Pittsburgh, PA 15206",15206,N,Shadyside,4,99,13(a)(12) Obtaining Cont. Subst. by Fraudulent Means,705,8,2,-79.92740885,40.4591906
3239,147873858,17008814,0,2017-01-15T02:50:00,2017-01-15,02:50:00,"40 Block 18th St Pittsburgh, PA 15222",15222,N,Central Business District,2,99,3926(a)(4) Theft of services; ACQUISITION OF SERVICES - refusal to pay or offer to pay for a service (hotels and restaurants),201,7,6,-79.98546015,40.45071679
3240,147874660,17008753,0,2017-01-15T01:15:00,2017-01-15,01:15:00,"Friendship Ave & Milgate St Pittsburgh, PA 15224",15224,Y,Bloomfield,5,99,3802(a)(1) DUI - General Impairment / 3714 Careless Driving,903,7,2,-79.95167714,40.46548091
3252,148271599,17011665,0,2017-01-19T18:45:00,2017-01-19,18:45:00,"1700 Block Locust St Pittsburgh, PA 15219",15219,N,Bluff,2,99,9998 Overdose Other,103,6,3,-79.98270135,40.43660881
3254,148277433,17011618,0,2017-01-19T17:30:00,2017-01-19,17:30:00,"Middle St & Foreland St Pittsburgh, PA 15212",15212,Y,East Allegheny,1,99,902 Criminal Solicitation. / 5902(e) Patronizing a Prostitute,2304,1,1,-79.99938941,40.45456873
3257,148328624,17012404,0,2017-01-20T22:10:00,2017-01-20,22:10:00,"100 Block Washington Pl Pittsburgh, PA 15219",15219,Y,Central Business District,2,99,907 Possessing Instruments of Crime. / 5902(e) Patronizing a Prostitute / 902 Criminal Solicitation.,201,6,6,-79.99195588,40.44096339
3265,148328672,17012375,0,2017-01-20T21:00:00,2017-01-20,21:00:00,"100 Block 45th St Pittsburgh, PA 15201",15201,Y,Central Lawrenceville,2,99,903 Criminal Conspiracy.,901,7,2,-79.96201585,40.47401783
3266,148333117,17012424,0,2017-01-20T23:04:00,2017-01-20,23:04:00,"Bigelow Blvd & Herron Ave Pittsburgh, PA 15219",15219,Y,Strip District,2,99,9998 Overdose Other / 3802(a)(1) DUI - General Impairment,203,7,6,-79.96593987,40.45576815
3368,148070177,17010486,0,2017-01-17T22:30:00,2017-01-17,22:30:00,"500 Block Bellaire Ave Pittsburgh, PA 15226",15226,N,Brookline,6,99,425.26 Miscellaneous,1919,4,4,-80.02320505,40.39720611
3288,147999312,17008045,0,2017-01-13T23:46:00,2017-01-13,23:46:00,"2100 Block Carey Way Pittsburgh, PA 15203",15203,Y,South Side Flats,3,99,601.16 Public Urination And Defecation,1609,3,4,-79.97626689,40.42798233
3289,147823253,17007405,0,2017-01-13T02:14:00,2017-01-13,02:14:00,"S 16th St & Roland St Pittsburgh, PA 15203",15203,Y,South Side Flats,3,99,601.16 Public Urination And Defecation,1702,3,4,-79.98283645,40.42854098
3295,147878364,17004676,0,2017-01-08T14:00:00,2017-01-08,14:00:00,"2100 Block Park Hill Dr Pittsburgh, PA 15221",15221,N,East Hills,5,99,9999 9999 - (Misc. Incident): 9999 - (Misc. Incident): ,1306,9,2,-79.8740214,40.45295266
3324,148202778,17011313,0,2017-01-19T07:00:00,2017-01-19,07:00:00,"300 Block LaMarido St Pittsburgh, PA 15226",15226,N,West End,6,99,9999 9999 - (Misc. Incident): missing person,2019,4,4,-80.01800824,40.40029575
3326,148304500,17012111,0,2017-01-20T14:00:00,2017-01-20,14:00:00,"6200 Block Penn Ave Pittsburgh, PA 15206",15206,N,East Liberty,5,99,3742 Accidents Involving Death or Personal Injury,1115,8,2,-79.92271679,40.46059432
3330,-2941000101,17007792,0,2017-01-13T16:30:00,2017-01-13,16:30:00,"W North Ave & Arch St Pittsburgh, PA 15212",15212,N,Allegheny Center,1,99,9999 9999 - (Misc. Incident): ,2204,1,1,-80.00862797,40.45509083
3345,148073329,17010479,0,2017-01-17T21:00:00,2017-01-17,21:00:00,"1400 Block Woods Run Ave Pittsburgh, PA 15212",15212,N,Marshall-Shadeland,1,99,425.26 Miscellaneous,2715,1,1,-80.03341516,40.47621674
3347,148185860,17011209,0,2017-01-19T01:30:00,2017-01-19,01:30:00,"Album St & Dunmore St Pittsburgh, PA 15206",15206,Y,Lincoln-Lemington-Belmar,5,99,627.02(b)(i) Possessing a small amount of marijuana,1203,9,2,-79.90166078,40.46955629
3360,148140160,17010830,0,2017-01-18T13:44:00,2017-01-18,13:44:00,"800 Block Freeland St Pittsburgh, PA 15210",15210,N,Allentown,3,99,"6501(a)(1) Scattering Rubbish; Any waste, dangerous or detrimental substance upon public property or waters",1803,3,4,-79.99365785,40.41909568
3396,148193812,17011310,0,2017-01-19T07:15:00,2017-01-19,07:15:00,"Forward Ave & Forward Ave Ramp Pittsburgh, PA 15217",15217,N,Squirrel Hill South,4,99,9999 9999 - (Misc. Incident): Accident with deer,1413,5,3,-79.92815847,40.42751778
3402,148304214,17012107,0,2017-01-20T13:54:00,2017-01-20,13:54:00,"1800 Block Wylie Ave Pittsburgh, PA 15219",15219,N,Crawford-Roberts,2,99,9998 Overdose Other,305,6,3,-79.98416114,40.4435257
3411,148347563,17012689,0,2017-01-21T11:20:00,2017-01-21,11:20:00,"Robinson St & 5th Ave Pittsburgh, PA 15213",15213,N,West Oakland,4,99,9999 9999 - (Misc. Incident): ,402,6,3,-79.96535778,40.43774389
3413,148032038,17010132,0,2017-01-17T13:07:00,2017-01-17,13:07:00,"30 Block Elmore St Pittsburgh, PA 15219",15219,Y,Middle Hill,2,99,9999 9999 - (Misc. Incident): ,501,6,3,-79.97804539,40.44200061
3421,148163271,17010980,0,2017-01-18T18:05:00,2017-01-18,18:05:00,"200 Block onyx Ave pittsburgh, PA 15210",15210,Y,Outside City,OSC,99,9094 Recovered Stolen Vehicle (OUTSIDE CITY),5599,,,-79.9897909,40.4078229
3424,148273441,17011727,0,2017-01-19T19:15:00,2017-01-19,19:15:00,"200 Block Spahr St Pittsburgh, PA 15232",15232,N,Shadyside,4,99,9999 9999 - (Misc. Incident): ,705,8,2,-79.9274376,40.45833248
3426,148280581,17011795,0,2017-01-19T22:39:00,2017-01-19,22:39:00,"2600 Block Stafford St Pittsburgh, PA 15204",15204,N,Sheraden,6,99,9999 9999 - (Misc. Incident): Vehicle Fire ,2018,2,5,-80.04587499,40.45358466
3451,148067301,17010444,0,2017-01-17T21:16:00,2017-01-17,21:16:00,"1000 Block Vinial St Pittsburgh, PA 15212",15212,N,East Allegheny,1,99,9998 Overdose Other,2304,1,1,-79.99266324,40.45747785
3484,148458589,17013940,0,2017-01-23T11:37:00,2017-01-23,11:37:00,"300 Block Brownsville Rd Pittsburgh, PA 15210",15210,Y,Knoxville,3,99,3802(a)(1) DUI - General Impairment,3001,3,4,-79.98835946,40.4142895
3485,148460283,17013988,0,2017-01-23T13:10:00,2017-01-23,13:10:00,"2500 Block Library Rd Pittsburgh, PA 15234",15234,N,Overbrook,3,99,9999 9999 - (Misc. Incident): PFA weapon supplement,3207,4,4,-79.99611824,40.38224159
3496,148397501,17135558,0,2017-01-22T17:31:00,2017-01-22,17:31:00,"1200 Block Banksville Rd Pittsburgh, PA 15216",15216,N,Banksville,6,99,9998 Overdose Other,2023,4,5,-80.02972821,40.42466724
3500,148271743,17011634,0,2017-01-19T17:57:00,2017-01-19,17:57:00,"Bothwell Ave & Milroy St Pittsburgh, PA 15214",15214,N,Perry North,1,99,9999 9999 - (Misc. Incident): ,2607,1,1,-80.01062459,40.47634613
3508,148397081,17013560,0,2017-01-22T17:46:00,2017-01-22,17:46:00,"30 Block S 19th St Pittsburgh, PA 15203",15203,Y,South Side Flats,3,99,"601.16(b)(1)(a) Any Person who urinates or defecates in, on, or about any public place",1702,3,4,-79.9790953,40.4307896
3515,-2745002687,17013374,0,2017-01-22T11:49:00,2017-01-22,11:49:00,"Cedar Ave & Suismon St Pittsburgh, PA 15212",15212,N,Allegheny Center,1,99,9998 Overdose Other,2204,1,1,-80.00219376,40.45488138
3517,148380540,17013384,0,2017-01-22T12:00:00,2017-01-22,12:00:00,"3700 Block East St Pittsburgh, PA 15214",15214,N,Perry North,1,99,9999 9999 - (Misc. Incident): Psych call incident only,2602,1,1,-80.00974907,40.48643243
3520,148514057,17014551,0,2017-01-24T07:30:00,2017-01-24,07:30:00,"Rural St & N St Clair St Pittsburgh, PA 15206",15206,N,East Liberty,5,99,2709(a)(2) Harassment by Following Person in Public Place(s),1115,9,2,-79.927541,40.46494339
3521,148522059,17014563,0,2017-01-23T15:40:00,2017-01-23,15:40:00,"Penn Ave & S Fairmount St Pittsburgh, PA 15206",15206,N,Friendship,5,99,9999 9999 - (Misc. Incident): Non-Reportable Accident,807,9,2,-79.9324892,40.46412449
3523,148538865,17013188,0,2017-01-22T02:05:00,2017-01-22,02:05:00,"S 15th St & Roland St Pittsburgh, PA 15203",15203,Y,South Side Flats,3,99,601.16 Public Urination And Defecation,1702,3,4,-79.98343519,40.42855549
3554,148474477,17014059,0,2017-01-23T16:00:00,2017-01-23,16:00:00,"5200 Block Powhattan St Pittsburgh, PA 15224",15224,N,Bloomfield,5,99,9999 9999 - (Misc. Incident): ,804,7,2,-79.94250127,40.45713388
3587,148550396,17014707,0,2017-01-24T17:20:00,2017-01-24,17:20:00,"Brownsville Rd & Quincy Ave Pittsburgh, PA 15210",15210,Y,Knoxville,3,99,902 Criminal Solicitation. / 5902(e) Patronizing a Prostitute,3001,,,-79.99163433,40.40761099
3598,148559138,17014803,0,2017-01-23T18:00:00,2017-01-23,18:00:00,"3200 Block Richardson Ave Pittsburgh, PA 15212",15212,N,Brighton Heights,1,99,9999 9999 - (Misc. Incident): Landlord/tenant dispute,2703,1,1,-80.03525979,40.47432524
3599,148560828,17014827,0,2017-01-24T21:15:00,2017-01-24,21:15:00,"Middle St & Foreland St Pittsburgh, PA 15212",15212,Y,East Allegheny,1,99,902 Criminal Solicitation. / 5902(e) Patronizing a Prostitute,2304,1,1,-79.99938941,40.45456873
3604,148301803,17012058,0,2017-01-19T06:20:00,2017-01-19,06:20:00,"2200 Block Noblestown Rd Pittsburgh, PA 15205",15205,N,Westwood,6,99,9999 9999 - (Misc. Incident): ,2811,2,5,-80.0539085,40.43007247
3605,-2977001390,17014411,0,2017-01-24T07:50:00,2017-01-24,07:50:00,"300 Block Amabell St Pittsburgh, PA 15211",15211,N,Mount Washington,3,99,9999 9999 - (Misc. Incident): ,1903,2,5,-80.01463548,40.4318146
3606,-2963000294,17011400,0,2017-01-19T11:53:00,2017-01-19,11:53:00,"1900 Block Murray Ave Pittsburgh, PA 15217",15217,N,Squirrel Hill South,4,99,9999 9999 - (Misc. Incident): Minor vehicle accident,1408,5,3,-79.92306465,40.43587165
3611,148507586,17014496,0,2017-01-24T11:04:00,2017-01-24,11:04:00,"50 Block Climax St Pittsburgh, PA 15210",15210,N,Beltzhoover,3,99,9999 9999 - (Misc. Incident): ,1809,3,4,-80.00824661,40.41830134
264,147303575,17002261,99,2017-01-04T17:15:00,2017-01-04,17:15:00,"500 Block Chalfont St Pittsburgh, PA 15210",15210,N,Beltzhoover,3,ACCIDENTAL FIRE,9018 Accidental Fire,1809,3,4,-79.99873194,40.4166354
2233,147959505,17007985,99,2017-01-13T22:13:00,2017-01-13,22:13:00,"1300 Block Gifford St Pittsburgh, PA 15212",15212,N,Marshall-Shadeland,1,ACCIDENTAL FIRE,9018 Accidental Fire,2704,1,1,-80.02916832,40.46589804
3135,148516522,17014502,99,2017-01-24T11:58:00,2017-01-24,11:58:00,"8200 Block Fahnestock St Pittsburgh, PA 15221",15221,N,East Hills,5,ACCIDENTAL FIRE,9018 Accidental Fire,1306,9,2,-79.87882507,40.4532418
3499,147731229,17006241,99,2017-01-11T11:07:00,2017-01-11,11:07:00,"900 Block Liberty Ave Pittsburgh, PA 15222",15222,N,Central Business District,2,ACCIDENTAL FIRE,9018 Accidental Fire,201,6,6,-79.99793652,40.44288811
15,147431972,17004197,4,2017-01-07T22:20:00,2017-01-07,22:20:00,"Climax St & Millbridge St Pittsburgh, PA 15210",15210,Y,Allentown,3,AGG-ASSAULT,2702 Aggravated Assault. / 9999 9999 - (Misc. Incident): victim suffered a gun shot wound.,1803,3,4,-79.99577248,40.41994618
35,147399270,17003633,4,2017-01-06T21:37:00,2017-01-06,21:37:00,"800 Block Brushton Ave Pittsburgh, PA 15221",15221,N,Homewood North,5,AGG-ASSAULT,2702 Aggravated Assault. / 3304 Criminal Mischief.,1301,9,2,-79.88837848,40.45461029
93,146613871,16239576,4,2016-12-26T11:20:00,2016-12-26,11:20:00,"100 Block N St. Clair St Pittsburgh, PA 15206",15206,N,East Liberty,5,AGG-ASSAULT,2702 Aggravated Assault.,1115,9,2,-79.92746487,40.46493827
125,146816575,16241037,4,2016-12-29T02:58:00,2016-12-29,02:58:00,"900 Block Mina St Pittsburgh, PA 15212",15212,N,Spring Hill-City View,1,AGG-ASSAULT,2702 Aggravated Assault.,2620,1,1,-79.99918422,40.46894945
140,146950813,17000065,4,2017-01-01T01:36:00,2017-01-01,01:36:00,"1700 Block E Carson St Pittsburgh, PA 15203",15203,Y,South Side Flats,3,AGG-ASSAULT,2702 Aggravated Assault. / 5104 Resisting Arrest or Other Law Enforcement. / 5505 Public Drunkenness / 5503(a)(1) DISORDERLY CONDUCT - ENGAGE IN FIGHTING,1702,3,4,-79.98186901,40.4285852
156,146793025,16240896,4,2016-12-28T20:31:00,2016-12-28,20:31:00,"Constance St & Spring Garden Ave Pittsburgh, PA 15212",15212,Y,East Allegheny,1,AGG-ASSAULT,2702 Aggravated Assault. / 5104 Resisting Arrest or Other Law Enforcement. / 2705 Recklessly Endangering Another Person. / 13(a)(16) Possession of Controlled Substance / 13(a)(30) Possession w/ Intent to Del. Controlled Substance / 3745 Accidents Involving Damage to Unattended Veh.or Prop. / 3742 Accidents Involving Death or Personal Injury / 3714 Careless Driving / 3736 Reckless Driving / 1543 Driving While Operating Privilege is Suspended or Revoked. / 7512 Criminal Use of Communication / 3733 Fleeing or Attempting to Elude Police Officer,2304,1,1,-79.99463098,40.45791442
158,146832096,16241239,4,2016-12-29T12:45:00,2016-12-29,12:45:00,"East Ohio St & James St Pittsburgh, PA 15212",15212,Y,East Allegheny,1,AGG-ASSAULT,2702 Aggravated Assault. / 5104 Resisting Arrest or Other Law Enforcement. / 5121 Escape. / 9501 Bench Warrant,2304,1,1,-80.00060123,40.45347768
171,146630608,16239701,4,2016-12-26T17:40:00,2016-12-26,17:40:00,"3400 Block California Ave Pittsburgh, PA 15212",15212,N,Brighton Heights,1,AGG-ASSAULT,2702 Aggravated Assault. / 2705 Recklessly Endangering Another Person.,2703,1,1,-80.03972135,40.47637793
186,146954304,17000016,4,2017-01-01T04:46:00,2017-01-01,04:46:00,"700 Block Junilla St Pittsburgh, PA 15219",15219,Y,Bedford Dwellings,2,AGG-ASSAULT,2702 Aggravated Assault.,509,6,3,-79.97246499,40.44965592
196,146954401,17000073,4,2017-01-01T01:35:00,2017-01-01,01:35:00,"3400 Block Juliet St Pittsburgh, PA 15213",15213,N,South Oakland,4,AGG-ASSAULT,"2702 Aggravated Assault. / 6308(a) Underage Purchase, Consume, Possessed or Transport Liquor / 5503(a)(4) DISORDERLY CONDUCT - HAZARDOUS/PHYS. OFF / 601.12 Interference with Official Duties / 5503(a)(2) DISORDERLY CONDUCT - UNREASONABLE NOISE",409,3,3,-79.95595324,40.4341493
230,147196507,17002028,4,2017-01-04T11:00:00,2017-01-04,11:00:00,"1400 Block Rockland Ave Pittsburgh, PA 15216",15216,Y,Beechview,6,AGG-ASSAULT,2702 Aggravated Assault. / 2706 Terroristic Threats.,1916,4,5,-80.02045195,40.41295334
234,147254720,17002500,4,2017-01-05T00:01:00,2017-01-05,00:01:00,"800 Block Brookline Blvd Pittsburgh, PA 15226",15226,Y,Brookline,6,AGG-ASSAULT,2702 Aggravated Assault.,1919,4,4,-80.02002123,40.39351574
339,147423597,17004030,4,2017-01-07T02:15:00,2017-01-07,02:15:00,"8000 Block Bennett St Pittsburgh, PA 15221",15221,N,East Hills,5,AGG-ASSAULT,2702 Aggravated Assault. / 903 Criminal Conspiracy.,1306,9,2,-79.88411574,40.45392462
371,147368823,17002028,4,2017-01-04T11:00:00,2017-01-04,11:00:00,"1400 Block Rockland Ave Pittsburgh, PA 15216",15216,Y,Beechview,6,AGG-ASSAULT,2702 Aggravated Assault. / 2706 Terroristic Threats.,1916,4,5,-80.02045195,40.41295334
413,-2732011841,17003590,4,2017-01-06T19:32:00,2017-01-06,19:32:00,"1200 Block Faulkner St Pittsburgh, PA 15204",15204,Y,Sheraden,6,AGG-ASSAULT,2702 Aggravated Assault.,2022,2,5,-80.06369552,40.4549373
414,147389188,17003603,4,2017-01-06T20:10:00,2017-01-06,20:10:00,"2000 Block Centre Ave Pittsburgh, PA 15219",15219,N,Middle Hill,2,AGG-ASSAULT,2702 Aggravated Assault. / 2705 Recklessly Endangering Another Person.,501,6,3,-79.9799791,40.44358094
422,147456579,17004802,4,2017-01-09T00:22:00,2017-01-09,00:22:00,"5600 Block Broad St Pittsburgh, PA 15206",15206,N,East Liberty,5,AGG-ASSAULT,2702 Aggravated Assault. / 2705 Recklessly Endangering Another Person.,1115,9,2,-79.93016071,40.46447547
505,147114041,17001529,4,2017-01-03T15:47:00,2017-01-03,15:47:00,"6500 Block Dean St Pittsburgh, PA 15206",15206,N,Lincoln-Lemington-Belmar,5,AGG-ASSAULT,2702 Aggravated Assault.,1203,9,2,-79.90308277,40.46764032
509,146996504,17000690,4,2017-01-02T02:37:00,2017-01-02,02:37:00,"1500 Block E Carson St Pittsburgh, PA 15203",15203,Y,South Side Flats,3,AGG-ASSAULT,2702 Aggravated Assault. / 5104 Resisting Arrest or Other Law Enforcement. / 5505 Public Drunkenness / 5503(a)(2) DISORDERLY CONDUCT - UNREASONABLE NOISE,1702,3,4,-79.98330671,40.42868483
546,147305382,17002714,4,2017-01-05T10:50:00,2017-01-05,10:50:00,"4700 Block Sylvan Ave Pittsburgh, PA 15207",15207,N,Hazelwood,4,AGG-ASSAULT,2702 Aggravated Assault.,1501,5,3,-79.94288354,40.41355487
573,147455676,17004745,4,2017-01-08T21:30:00,2017-01-08,21:30:00,"1500 Block E Carson St Pittsburgh, PA 15203",15203,Y,South Side Flats,3,AGG-ASSAULT,2702 Aggravated Assault. / 5104 Resisting Arrest or Other Law Enforcement. / 2701 Simple Assault. / 5505 Public Drunkenness / 5503 Disorderly Conduct. / 3503(b)(1)(i) Actual Communication,1702,3,4,-79.98330671,40.42868483
582,147435699,17004197,4,2017-01-07T22:20:00,2017-01-07,22:20:00,"Climax St & Millbridge St Pittsburgh, PA 15210",15210,Y,Allentown,3,AGG-ASSAULT,2702 Aggravated Assault. / 9999 9999 - (Misc. Incident): victim suffered a gun shot wound.,1803,3,4,-79.99577248,40.41994618
603,147503053,17005178,4,2017-01-09T17:00:00,2017-01-09,17:00:00,"3100 Block Fadette St Pittsburgh, PA 15204",15204,Y,Sheraden,6,AGG-ASSAULT,2702 Aggravated Assault.,2022,2,5,-80.06430553,40.45162781
641,147522912,17005464,4,2017-01-10T06:51:00,2017-01-10,06:51:00,"Brushton Ave & Mulford St Pittsburgh, PA 15221",15221,Y,Homewood South,5,AGG-ASSAULT,2702 Aggravated Assault. / 5505 Public Drunkenness,1304,9,2,-79.88938779,40.45220412
688,147605376,17006078,4,2017-01-11T03:34:00,2017-01-11,03:34:00,"2100 Block Rhine St Pittsburgh, PA 15212",15212,Y,Spring Hill-City View,1,AGG-ASSAULT,2702 Aggravated Assault. / 5121 Escape. / 5506 Loitering and Prowling at Night / 1501 Drivers Required to be Licensed.,2620,1,1,-79.99367687,40.46661676
743,146947860,16242562,4,2016-12-31T19:00:00,2016-12-31,19:00:00,"300 Block E North Ave Pittsburgh, PA 15212",15212,Y,East Allegheny,1,AGG-ASSAULT,2702 Aggravated Assault. / 5505 Public Drunkenness / 5503(a)(3) DISORDERLY CONDUCT - OBSCENE LANG/GEST,2304,1,1,-80.00964027,40.45494869
746,146955590,17000115,4,2017-01-01T03:22:00,2017-01-01,03:22:00,"10 Block Heckelman St Pittsburgh, PA 15212",15212,Y,Troy Hill,1,AGG-ASSAULT,2702 Aggravated Assault. / 2705 Recklessly Endangering Another Person.,2406,1,1,-79.97870188,40.46847267
748,146596631,16239377,4,2016-12-26T00:56:00,2016-12-26,00:56:00,"7200 Block Kelly St Pittsburgh, PA 15208",15208,Y,Homewood South,5,AGG-ASSAULT,"2702 Aggravated Assault. / 2705 Recklessly Endangering Another Person. / 5104 Resisting Arrest or Other Law Enforcement. / 3925 Receiving Stolen Property. / 3304 Criminal Mischief. / 6106 Firearms not to be Carried without a License. / 6105(a)(1) Persons not to possess, use, manufacture, control, sell or transfer firearms: Former Convict enumerated in subsection (b)",1303,9,2,-79.8970281,40.45547009
809,147688079,17006640,4,2017-01-11T17:40:00,2017-01-11,17:40:00,"300 Block Mt Pleasant Rd Pittsburgh, PA 15212",15212,Y,Northview Heights,1,AGG-ASSAULT,2702 Aggravated Assault.,2609,1,1,-80.00304348,40.48235135
850,147691676,17006578,4,2017-01-11T19:42:00,2017-01-11,19:42:00,"900 Block Agnew Rd Pittsburgh, PA 15227",15227,Y,Hazelwood,4,AGG-ASSAULT,"2702 Aggravated Assault. / 2701(a)(1) Simple Assault - Intent., Know., Reckless.Cause Bod. Injury / 3304(a)(5) CRIMINAL MISCHIEF - Intentionally Damages Real Or Personal Property Of Another / 5501 Riot.",1515,5,3,-79.96618933,40.40023906
898,146639837,16239967,4,2016-12-27T00:50:00,2016-12-27,00:50:00,"100 Block Meadow St Pittsburgh, PA 15206",15206,N,Larimer,5,AGG-ASSAULT,2702 Aggravated Assault.,1208,9,2,-79.91424711,40.46494935
904,147705653,17006754,4,2017-01-12T01:50:00,2017-01-12,01:50:00,"Homestead High Level Brg Pittsburgh, PA 15217",15217,N,Squirrel Hill South,4,AGG-ASSAULT,2702 Aggravated Assault.,1414,,,0,0
908,147706960,17002574,4,2017-01-05T03:33:00,2017-01-05,03:33:00,"1700 Block Bedford Ave Pittsburgh, PA 15219",15219,Y,Crawford-Roberts,2,AGG-ASSAULT,2702 Aggravated Assault. / 3921(a) Theft by Unlawful Taking or Disposition - Movable item / 2705 Recklessly Endangering Another Person. / 3304(a)(2) CRIMINAL MISCHIEF- Tamper With Property (So As To Endanger Person or Property),305,6,3,-79.98598027,40.44486868
1051,146633005,16239663,4,2016-12-26T16:38:00,2016-12-26,16:38:00,"1600 Block W Carson St Pittsburgh, PA 15219",15219,Y,South Shore,3,AGG-ASSAULT,2702 Aggravated Assault. / 2705 Recklessly Endangering Another Person.,1921,2,5,-80.02134955,40.44213158
1064,147159863,17001911,4,2017-01-04T03:32:00,2017-01-04,03:32:00,"2800 Block Straka St Pittsburgh, PA 15204",15204,N,Sheraden,6,AGG-ASSAULT,2702 Aggravated Assault.,2022,2,5,-80.05453751,40.45254779
1069,147262813,17002574,4,2017-01-05T03:33:00,2017-01-05,03:33:00,"1700 Block Bedford Ave Pittsburgh, PA 15219",15219,Y,Crawford-Roberts,2,AGG-ASSAULT,2702 Aggravated Assault. / 3921(a) Theft by Unlawful Taking or Disposition - Movable item / 2705 Recklessly Endangering Another Person. / 3304(a)(5) CRIMINAL MISCHIEF - Intentionally Damages Real Or Personal Property Of Another,305,6,3,-79.98598027,40.44486868
1104,146793271,16240844,4,2016-12-28T19:01:00,2016-12-28,19:01:00,"1500 Block Milan Ave Pittsburgh, PA 15226",15226,Y,Brookline,6,AGG-ASSAULT,2702 Aggravated Assault.,3206,4,4,-80.00580324,40.39386825
1147,147450600,17004657,4,2017-01-08T18:20:00,2017-01-08,18:20:00,"300 Block North Shore Dr Pittsburgh, PA 15212",15212,Y,North Shore,1,AGG-ASSAULT,2702 Aggravated Assault. / 5104 Resisting Arrest or Other Law Enforcement. / 5505 Public Drunkenness / 5503 Disorderly Conduct.,2205,1,1,-80.00964027,40.45494869
1148,147450567,17000945,4,2017-01-02T15:05:00,2017-01-02,15:05:00,"Neuman Way & Frankstown Ave Pittsburgh, PA 15221",15221,Y,Homewood South,5,AGG-ASSAULT,"2702 Aggravated Assault. / 2701(a)(1) Simple Assault - Intent., Know., Reckless.Cause Bod. Injury / 2705 Recklessly Endangering Another Person. / 3304 Criminal Mischief. / 3743 Accidents Involving Damage to Attended Veh. or Property / 1543 Driving While Operating Privilege is Suspended or Revoked.",1304,9,2,-79.88753372,40.45539952
1189,147492143,17000115,4,2017-01-01T03:22:00,2017-01-01,03:22:00,"600 Block Grant St Pittsburgh, PA 15212",15212,Y,Troy Hill,1,AGG-ASSAULT,2702 Aggravated Assault. / 2705 Recklessly Endangering Another Person. / 3736 Reckless Driving / 3742 Accidents Involving Death or Personal Injury / 3732.1 Aggravated Assault by Vehicle,2406,6,6,-79.99473712,40.44135498
1197,147033031,17000852,4,2017-01-02T12:23:00,2017-01-02,12:23:00,"8600 Block Bricelyn St Pittsburgh, PA 15221",15221,N,East Hills,5,AGG-ASSAULT,2702 Aggravated Assault.,1306,9,2,-79.87435595,40.4578568
1216,147158204,17001858,4,2017-01-04T01:49:00,2017-01-04,01:49:00,"3200 Block Fadette St Pittsburgh, PA 15204",15204,Y,Sheraden,6,AGG-ASSAULT,2702 Aggravated Assault. / 3921 Theft by Unlawful Taking or Disposition.,2022,2,5,-80.06685186,40.45241137
1299,147344392,17003113,4,2017-01-06T00:15:00,2017-01-06,00:15:00,"900 Block E Carson St Pittsburgh, PA 15203",15203,N,South Side Flats,3,AGG-ASSAULT,2702 Aggravated Assault. / 2701 Simple Assault.,1702,3,4,-79.98976989,40.42861965
1423,147456842,17004776,4,2017-01-08T23:32:00,2017-01-08,23:32:00,"900 Block Climax St Pittsburgh, PA 15210",15210,Y,Allentown,3,AGG-ASSAULT,2702 Aggravated Assault. / 2706 Terroristic Threats. / 2705 Recklessly Endangering Another Person. / 4304(a)(1) Endangering Welfare of Children.,1803,3,4,-79.99043207,40.42010125
1455,147413900,17003874,4,2017-01-07T10:15:00,2017-01-07,10:15:00,"3900 Block Liberty Ave Pittsburgh, PA 15201",15201,Y,Lower Lawrenceville,2,AGG-ASSAULT,2702 Aggravated Assault. / 2705 Recklessly Endangering Another Person.,603,7,2,-79.95917371,40.46230908
1513,147509423,17002379,4,2017-01-09T19:30:00,2017-01-09,19:30:00,"1100 Block Chartiers Ave Pittsburgh, PA 15136",15136,Y,Sheraden,OSC,AGG-ASSAULT,2702 Aggravated Assault. / 2705 Recklessly Endangering Another Person. / 4303 General Lighting Requirements. / 3745 Accidents Involving Damage to Unattended Veh.or Prop. / 9501 Bench Warrant / 3334 Turning Movements and Required Signals. / 3111 Obedience to Traffic-Control Devices. / 3733 Fleeing or Attempting to Elude Police Officer / 3736 Reckless Driving,5599,2,5,-80.0415121,40.44525269
1516,147512903,17005195,4,2017-01-09T17:21:00,2017-01-09,17:21:00,"500 Block El Ct Pittsburgh, PA 15221",15221,Y,Homewood South,5,AGG-ASSAULT,2702 Aggravated Assault. / 3502 Burglary. / 2706 Terroristic Threats. / 4952 Intimidation of Witnesses or Victims / 2709.1 Stalking Conduct or Repeatedly Acts Including Follows,1304,9,2,-79.88978051,40.45062102
1616,146806732,16240994,4,2016-12-29T01:14:00,2016-12-29,01:14:00,"4400 Block Milgate St Pittsburgh, PA 15224",15224,Y,Bloomfield,5,AGG-ASSAULT,2702 Aggravated Assault.,903,7,2,-79.95255231,40.46526363
1619,146639788,16239823,4,2016-12-26T22:38:00,2016-12-26,22:38:00,"1100 Block Buente St Pittsburgh, PA 15212",15212,N,Spring Hill-City View,1,AGG-ASSAULT,"2702 Aggravated Assault. / 3304(a)(5) CRIMINAL MISCHIEF - Intentionally Damages Real Or Personal Property Of Another / 2902 Unlawful Restraint. / 6105(a)(1) Persons not to possess, use, manufacture, control, sell or transfer firearms: Former Convict enumerated in subsection (b)",2620,1,1,-79.99554483,40.46661658
1649,146902291,16241756,4,2016-12-30T10:30:00,2016-12-30,10:30:00,"3400 Block Fleming Ave Pittsburgh, PA 15212",15212,N,Brighton Heights,1,AGG-ASSAULT,2702 Aggravated Assault. / 2705 Recklessly Endangering Another Person. / 901 Criminal Attempt,2703,1,1,-80.03815717,40.47698002
1651,146924574,16242203,4,2016-12-31T02:32:00,2016-12-31,02:32:00,"1700 Block Belleau Dr Pittsburgh, PA 15212",15212,N,Fineview,1,AGG-ASSAULT,2702 Aggravated Assault.,2509,6,1,-80.00698007,40.46030258
1675,146700233,16240160,4,2016-12-27T16:00:00,2016-12-27,16:00:00,"1100 Block Langtry St Pittsburgh, PA 15212",15212,N,Marshall-Shadeland,1,AGG-ASSAULT,"2702 Aggravated Assault. / 2706 Terroristic Threats. / 4952 Intimidation of Witnesses or Victims / 2709(a)(1) Harassment by Physical Contact, or Attempts or Threats / 2902 Unlawful Restraint.",2715,1,1,-80.02818677,40.47742159
1676,146781690,16240858,4,2016-12-27T12:30:00,2016-12-27,12:30:00,"1600 Block Clarkton St Pittsburgh, PA 15204",15204,N,Windgap,6,AGG-ASSAULT,2702 Aggravated Assault. / 2701 Simple Assault. / 2705 Recklessly Endangering Another Person. / 4304(a)(1) Endangering Welfare of Children.,2807,2,5,-80.07592701,40.45939811
1697,146789356,16240771,4,2016-12-28T16:39:00,2016-12-28,16:39:00,"7200 Block Frankstown Ave Pittsburgh, PA 15208",15208,N,Homewood South,5,AGG-ASSAULT,2702 Aggravated Assault. / 2705 Recklessly Endangering Another Person. / 3304 Criminal Mischief.,1303,9,2,-79.89625374,40.45732934
1739,146951812,17000020,4,2017-01-01T00:28:00,2017-01-01,00:28:00,"1500 Block E Carson St Pittsburgh, PA 15203",15203,Y,South Side Flats,3,AGG-ASSAULT,2702 Aggravated Assault. / 5104 Resisting Arrest or Other Law Enforcement. / 5505 Public Drunkenness / 5503(a)(1) DISORDERLY CONDUCT - ENGAGE IN FIGHTING / 5101 Obstructing Admin. of Law  / 5105 Hindering Apprehension or Prosecution.,1702,3,4,-79.98330671,40.42868483
1747,146993770,17000597,4,2017-01-01T22:26:00,2017-01-01,22:26:00,"1500 Block E Carson St Pittsburgh, PA 15203",15203,Y,South Side Flats,3,AGG-ASSAULT,2702 Aggravated Assault. / 5104 Resisting Arrest or Other Law Enforcement. / 5505 Public Drunkenness / 3503(b)(1)(i) Actual Communication,1702,3,4,-79.98330671,40.42868483
1752,146923283,16242118,4,2016-12-30T23:55:00,2016-12-30,23:55:00,"1500 Block Arch St Pittsburgh, PA 15212",15212,Y,Central North Side,1,AGG-ASSAULT,2702 Aggravated Assault.,2503,6,1,-80.00937038,40.45799685
1755,146924243,16242196,4,2016-12-31T02:13:00,2016-12-31,02:13:00,"Liberty Ave & Wood St Pittsburgh, PA 15222",15222,Y,Central Business District,2,AGG-ASSAULT,2702 Aggravated Assault. / 5505 Public Drunkenness / 5502 Failure of Disorderly Persons to Disperse  / 5105 Hindering Apprehension or Prosecution.,201,6,6,-79.99915017,40.44262467
1812,146832687,16241095,4,2016-12-29T08:49:00,2016-12-29,08:49:00,"100 Block Steuben St Pittsburgh, PA 15220",15220,Y,West End,6,AGG-ASSAULT,2702 Aggravated Assault.,2019,2,5,-80.03247049,40.44280268
1861,147335415,17003050,4,2017-01-05T05:00:00,2017-01-05,05:00:00,"400 Block Kennedy Ave Pittsburgh, PA 15214",15214,N,Perry South,1,AGG-ASSAULT,2702 Aggravated Assault.,2615,1,1,-80.01548143,40.47433499
1872,147098201,17001482,4,2016-12-31T00:00:00,2016-12-31,00:00:00,"2800 Block Sagerman Ave Pittsburgh, PA 15226",15226,N,Brookline,6,AGG-ASSAULT,2702 Aggravated Assault. / 4304(a)(1) Endangering Welfare of Children.,1918,,,0,0
1890,147437881,17004370,4,2017-01-08T04:55:00,2017-01-08,04:55:00,"300 Block Path Way Pittsburgh, PA 15207",15207,Y,Hazelwood,4,AGG-ASSAULT,2702 Aggravated Assault.,1501,5,3,-79.94727872,40.40680878
1935,147304397,17002791,4,2017-01-05T13:30:00,2017-01-05,13:30:00,"200 Block S Negley Ave Pittsburgh, PA 15206",15206,N,East Liberty,5,AGG-ASSAULT,2702 Aggravated Assault.,1115,9,2,-79.93012236,40.46456389
1943,147240136,17002379,4,2017-01-04T19:36:00,2017-01-04,19:36:00,"700 Block Sherwood Ave Pittsburgh, PA 15204",15204,Y,Sheraden,OSC,AGG-ASSAULT,2702 Aggravated Assault. / 2705 Recklessly Endangering Another Person. / 4303 General Lighting Requirements. / 3745 Accidents Involving Damage to Unattended Veh.or Prop. / 3334 Turning Movements and Required Signals. / 3736 Reckless Driving / 3733 Fleeing or Attempting to Elude Police Officer / 3111 Obedience to Traffic-Control Devices.,5599,2,5,-80.05607748,40.45504481
1976,147337185,17001858,4,2017-01-04T01:49:00,2017-01-04,01:49:00,"3200 Block Fadette St Pittsburgh, PA 15204",15204,Y,Sheraden,6,AGG-ASSAULT,2702 Aggravated Assault. / 3921 Theft by Unlawful Taking or Disposition.,2022,2,5,-80.06685186,40.45241137
2019,147898357,17009176,4,2017-01-15T19:01:00,2017-01-15,19:01:00,"200 Block 57th St Pittsburgh, PA 15201",15201,Y,Upper Lawrenceville,2,AGG-ASSAULT,2702 Aggravated Assault. / 907 Possessing Instruments of Crime.,1011,7,2,-79.94577325,40.48442862
2032,147964255,17009851,4,2017-01-16T23:50:00,2017-01-16,23:50:00,"200 Block Bonvue St Pittsburgh, PA 15214",15214,Y,Perry North,1,AGG-ASSAULT,2702 Aggravated Assault. / 3502 Burglary.,2602,1,1,-80.01562416,40.49005112
2074,147872732,17008731,4,2017-01-15T00:37:00,2017-01-15,00:37:00,"200 Block Cheston St Pittsburgh, PA 15227",15227,Y,Carrick,3,AGG-ASSAULT,2702 Aggravated Assault.,2904,,,-79.9747584,40.38841821
2084,147778189,17007286,4,2017-01-12T20:43:00,2017-01-12,20:43:00,"6900 Block Kelly St Pittsburgh, PA 15208",15208,N,Homewood West,5,AGG-ASSAULT,2702 Aggravated Assault. / 5511(c)(1) CRUELTY TO ANIMALS,1207,9,2,-79.90426706,40.45705471
2127,148279563,17011698,4,2017-01-19T19:48:00,2017-01-19,19:48:00,"200 Block Lothrop St Pittsburgh, PA 15213",15213,N,West Oakland,4,AGG-ASSAULT,2702 Aggravated Assault. / 2705 Recklessly Endangering Another Person. / 3304 Criminal Mischief. / 607.03 Discharging Firearm or Airgun / 3736 Reckless Driving / 2707 Propulsion of Missiles ,402,8,3,-79.96109344,40.44173012
2133,147826258,17003874,4,2017-01-07T10:15:00,2017-01-07,10:15:00,"3900 Block Liberty Ave Pittsburgh, PA 15201",15201,Y,Lower Lawrenceville,2,AGG-ASSAULT,2702 Aggravated Assault. / 2705 Recklessly Endangering Another Person.,603,7,2,-79.95917371,40.46230908
2246,148282455,17011833,4,2017-01-20T00:50:00,2017-01-20,00:50:00,"1500 Block E Carson St Pittsburgh, PA 15203",15203,Y,South Side Flats,3,AGG-ASSAULT,2702 Aggravated Assault. / 2701 Simple Assault. / 5104 Resisting Arrest or Other Law Enforcement. / 5505 Public Drunkenness / 5121 Escape.,1702,3,4,-79.98330671,40.42868483
2331,148257753,17011501,4,2017-01-12T23:59:00,2017-01-12,23:59:00,"1200 Block Pritchard St Pittsburgh, PA 15204",15204,N,Sheraden,6,AGG-ASSAULT,2702 Aggravated Assault. / 2701 Simple Assault.,2022,2,5,-80.06422079,40.45332472
2377,147782594,17007364,4,2017-01-13T00:34:00,2017-01-13,00:34:00,"100 Block 9th St Pittsburgh, PA 15222",15222,Y,Central Business District,2,AGG-ASSAULT,2702 Aggravated Assault. / 2701 Simple Assault. / 2706 Terroristic Threats. / 2709 Harassment (Non-Specific) / 5104 Resisting Arrest or Other Law Enforcement. / 5505 Public Drunkenness / 5503 Disorderly Conduct.,201,6,6,-79.99905,40.44509999
2403,147843165,17008107,4,2017-01-14T01:55:00,2017-01-14,01:55:00,"Roland St & S 16th St Pittsburgh, PA 15203",15203,Y,South Side Flats,3,AGG-ASSAULT,"2702 Aggravated Assault. / 5104 Resisting Arrest or Other Law Enforcement. / 5505 Public Drunkenness / 5503 Disorderly Conduct. / 5507(a) Obstructing highway, railroad or public passage",1702,3,4,-79.98283645,40.42854098
2432,147901346,17009253,4,2017-01-15T22:30:00,2017-01-15,22:30:00,"3200 Block Brereton St Pittsburgh, PA 15219",15219,Y,Polish Hill,2,AGG-ASSAULT,2702 Aggravated Assault.,605,7,6,-79.96625048,40.45634912
2451,147905879,16233490,4,2017-01-16T04:32:00,2017-01-16,04:32:00,"1200 Block Brownsville Rd Pittsburgh, PA 15210",15210,Y,Carrick,3,AGG-ASSAULT,2702 Aggravated Assault. / 2709(a) Harassment. / 2705 Recklessly Endangering Another Person. / 2706 Terroristic Threats.,2902,4,4,-79.99016916,40.403795
2485,147896311,17009019,4,2017-01-15T15:49:00,2017-01-15,15:49:00,"2600 Block Brownsville Rd Pittsburgh, PA 15227",15227,N,Carrick,3,AGG-ASSAULT,"2702 Aggravated Assault. / 3502 Burglary. / 3921 Theft by Unlawful Taking or Disposition. / 2709(a)(1) Harassment by Physical Contact, or Attempts or Threats / 2701 Simple Assault.",2904,4,4,-79.97880106,40.38544231
2552,148176042,17011067,4,2017-01-18T20:18:00,2017-01-18,20:18:00,"6400 Block Dean St Pittsburgh, PA 15206",15206,N,Lincoln-Lemington-Belmar,5,AGG-ASSAULT,2702 Aggravated Assault. / 3304 Criminal Mischief.,1203,9,2,-79.90567981,40.469264
2602,148396130,17013498,4,2017-01-22T15:56:00,2017-01-22,15:56:00,"Forbes Ave & Mc Kee Pl Pittsburgh, PA 15213",15213,N,Central Oakland,4,AGG-ASSAULT,2702 Aggravated Assault. / 2705 Recklessly Endangering Another Person. / 3736 Reckless Driving,405,3,3,-79.95943196,40.43978007
2688,148365571,17013093,4,2017-01-21T22:00:00,2017-01-21,22:00:00,"200 Block Parkfield St Pittsburgh, PA 15210",15210,N,Carrick,3,AGG-ASSAULT,2702 Aggravated Assault. / 2706 Terroristic Threats. / 2901 Kidnapping.,2904,4,4,-79.99041093,40.39199231
2718,148399549,17013633,4,2017-01-22T20:50:00,2017-01-22,20:50:00,"900 Block E Carson St Pittsburgh, PA 15203",15203,Y,South Side Flats,3,AGG-ASSAULT,2702 Aggravated Assault.,1702,3,4,-79.98976989,40.42861965
2734,148479683,17013810,4,2017-01-23T07:45:00,2017-01-23,07:45:00,"300 Block Amber St Pittsburgh, PA 15206",15206,N,East Liberty,5,AGG-ASSAULT,2702 Aggravated Assault. / 2706 Terroristic Threats. / 2705 Recklessly Endangering Another Person.,1115,7,2,-79.93171733,40.46029037
2791,148234606,17011371,4,2017-01-19T08:25:00,2017-01-19,08:25:00,"200 Block Stanwix St Pittsburgh, PA 15222",15222,Y,Central Business District,2,AGG-ASSAULT,2702 Aggravated Assault.,201,6,6,-80.00480682,40.43979444
2797,148138175,16216625,4,2017-01-18T12:30:00,2017-01-18,12:30:00,"100 Block Penfort St Pittsburgh, PA 15214",15214,Y,Northview Heights,1,AGG-ASSAULT,2702 Aggravated Assault.,2609,1,1,-80.00282222,40.4733496
2842,147959207,17009775,4,2017-01-16T20:36:00,2017-01-16,20:36:00,"Boston St Pittsburgh, PA 15212",15212,N,Marshall-Shadeland,1,AGG-ASSAULT,2702 Aggravated Assault. / 2707.1 Discharge of a Firearm into Occupied Structure / 2705 Recklessly Endangering Another Person.,2715,1,1,-80.03577813,40.46950312
2844,147763566,17007055,4,2017-01-12T14:42:00,2017-01-12,14:42:00,"4900 Block 2nd Ave Pittsburgh, PA 15207",15207,N,Hazelwood,4,AGG-ASSAULT,2702 Aggravated Assault.,1515,5,3,-79.9440557,40.40990781
2854,147875404,17008836,4,2017-01-15T04:17:00,2017-01-15,04:17:00,"800 Block Brushton Ave Pittsburgh, PA 15221",15221,N,Homewood South,5,AGG-ASSAULT,2702 Aggravated Assault. / 2705 Recklessly Endangering Another Person. / 901 Criminal Attempt,1304,9,2,-79.88837848,40.45461029
2905,147900096,17009039,4,2017-01-15T15:09:00,2017-01-15,15:09:00,"6900 Block Mc Pherson Blvd Pittsburgh, PA 15208",15208,N,Point Breeze North,4,AGG-ASSAULT,"2702 Aggravated Assault. / 2707.1 Discharge of a Firearm into Occupied Structure / 2705 Recklessly Endangering Another Person. / 2701(a)(3) Simple Assault - Attempts by Physical Menace  / 2706 Terroristic Threats. / 6106 Firearms not to be Carried without a License. / 13(a)(16) Possession of Controlled Substance / 13(a)(30) Possession w/ Intent to Del. Controlled Substance / 13(a)(16) Possession of Controlled Substance / 6105(a)(1) Persons not to possess, use, manufacture, control, sell or transfer firearms: Former Convict enumerated in subsection (b) / 607.03 Discharging Firearm or Airgun / 13(a)(31)* Hashish - Possession Small Amount / 901 Criminal Attempt",1405,9,2,-79.90631518,40.45407785
2908,147774935,17007153,4,2017-01-12T17:16:00,2017-01-12,17:16:00,"Chicago St & Mt Pleasant Rd Pittsburgh, PA 15214",15214,Y,Northview Heights,1,AGG-ASSAULT,2702 Aggravated Assault. / 4910 Tampering with or Fabricating Physical Evidence. / 2705 Recklessly Endangering Another Person. / 3925 Receiving Stolen Property. / 6106 Firearms not to be Carried without a License. / 13(a)(31) Marijuana: Possession Small Amount / 13(a)(30) Possession w/ Intent to Del. Controlled Substance / 13(a)(16) Possession of Controlled Substance / 5123 Contraband. / 5121 Escape. / 5123 Contraband.,2609,1,1,-80.00085132,40.47860925
2935,147837646,17007599,4,2017-01-13T10:46:00,2017-01-13,10:46:00,"Calistoga St & East Hills Dr Pittsburgh, PA 15221",15221,N,East Hills,5,AGG-ASSAULT,2702 Aggravated Assault. / 13(a)(30) Possession w/ Intent to Del. Controlled Substance,1306,9,2,-79.87362488,40.45249413
3139,148354509,17012828,4,2017-01-21T15:23:00,2017-01-21,15:23:00,"200 Block Charles St Pittsburgh, PA 15210",15210,Y,Knoxville,3,AGG-ASSAULT,2702 Aggravated Assault. / 2706 Terroristic Threats.,3001,3,4,-79.99074239,40.41645511
3212,148070029,17010408,4,2017-01-17T20:29:00,2017-01-17,20:29:00,"300 Block Mt Pleasant Rd Pittsburgh, PA 15214",15214,N,Northview Heights,1,AGG-ASSAULT,2702 Aggravated Assault. / 607.03 Discharging Firearm or Airgun,2609,1,1,-80.00304348,40.48235135
3249,147902657,17009311,4,2017-01-16T01:20:00,2017-01-16,01:20:00,"1500 Block E Carson St Pittsburgh, PA 15203",15203,Y,South Side Flats,3,AGG-ASSAULT,2702 Aggravated Assault. / 5505 Public Drunkenness / 5101 Obstructing Admin. of Law ,1702,3,4,-79.98330671,40.42868483
3259,148332517,17012471,4,2017-01-21T00:40:00,2017-01-21,00:40:00,"2100 Block Arlington Ave Pittsburgh, PA 15210",15210,Y,Arlington,3,AGG-ASSAULT,2702 Aggravated Assault.,1603,3,4,-79.97728355,40.41767288
3323,148190583,17011261,4,2017-01-19T03:52:00,2017-01-19,03:52:00,"2900 Block Spring St Pittsburgh, PA 15210",15210,N,Arlington,3,AGG-ASSAULT,2702 Aggravated Assault. / 2707.1 Discharge of a Firearm into Occupied Structure / 3304 Criminal Mischief.,1603,3,4,-79.96742884,40.41560846
3406,148185986,17011222,4,2017-01-19T01:00:00,2017-01-19,01:00:00,"2300 Block Brownsville Rd Pittsburgh, PA 15210",15210,N,Carrick,3,AGG-ASSAULT,2702 Aggravated Assault.,2902,4,4,-79.98551986,40.38904931
3472,148355921,17012905,4,2017-01-05T12:36:00,2017-01-05,12:36:00,"2400 Block Hazelton St Pittsburgh, PA 15214",15214,N,Perry South,1,AGG-ASSAULT,2702 Aggravated Assault. / 4304(a)(1) Endangering Welfare of Children.,2614,6,1,-80.00642466,40.46903718
3494,148380777,17000945,4,2017-01-02T15:05:00,2017-01-02,15:05:00,"Brushton Ave & Frankstown Ave Pittsburgh, PA 15221",15221,Y,Homewood South,5,AGG-ASSAULT,"2702 Aggravated Assault. / 2701(a)(1) Simple Assault - Intent., Know., Reckless.Cause Bod. Injury / 2705 Recklessly Endangering Another Person. / 3304 Criminal Mischief. / 3743 Accidents Involving Damage to Attended Veh. or Property / 1543 Driving While Operating Privilege is Suspended or Revoked.",1304,9,2,-79.8880931,40.45552646
3502,148370103,17013255,4,2017-01-22T04:35:00,2017-01-22,04:35:00,"3500 Block Fleming Ave Pittsburgh, PA 15212",15212,Y,Brighton Heights,1,AGG-ASSAULT,"2702 Aggravated Assault. / 2701(a)(1) Simple Assault - Intent., Know., Reckless.Cause Bod. Injury",2703,1,1,-80.03847454,40.47858752
3540,148443948,17011371,4,2017-01-19T08:25:00,2017-01-19,08:25:00,"600 Block First Ave Pittsburgh, PA 15219",15219,Y,Central Business District,2,AGG-ASSAULT,2702 Aggravated Assault.,201,6,6,-79.99630099,40.43469659
3596,148550834,17014737,4,2017-01-24T18:28:00,2017-01-24,18:28:00,"2600 Block Perrysville Ave Pittsburgh, PA 15214",15214,N,Perry South,1,AGG-ASSAULT,2702 Aggravated Assault.,2615,6,1,-80.00844781,40.47117479
3284,147841642,17008030,17,2017-01-13T21:05:00,2017-01-13,21:05:00,Zone 2,one 2,N,,2,AGGRAVATED INDECENT ASSAULT,3125 Aggravated Indecent Assault.,,,,,
3404,-2962002105,17012314,17,2017-01-20T19:08:00,2017-01-20,19:08:00,Zone 1,one 1,N,,1,AGGRAVATED INDECENT ASSAULT,3125 Aggravated Indecent Assault.,,,,,
2079,147901580,17009290,0,2017-01-16T00:39:00,2017-01-16,00:39:00,"Saw Mill Run Blvd & West End Cir Pittsburgh, PA 15220",15220,Y,Beechview,6,AGRICULTURAL VANDALISM,3309 Driving on Roadways Laned for Traffic. / 4304(a)(1) Endangering Welfare of Children. / 3802(c) DUI - Highest Rate of Alcohol - BAC >= .16% / 3334 Turning Movements and Required Signals. / 3736 Reckless Driving / 3733 Fleeing or Attempting to Elude Police Officer / 1543 Driving While Operating Privilege is Suspended or Revoked. / 3802(a)(1) DUI - General Impairment / 4581 Restraint Systems.,1920,2,5,-80.02942799,40.44409702
2297,148553866,17014727,0,2017-01-24T20:10:00,2017-01-24,20:10:00,"Berry St & Charlton St Pittsburgh, PA ",", PA ",Y,Windgap,6,AGRICULTURAL VANDALISM,3309 Driving on Roadways Laned for Traffic. / 3809(a) Restriction on Alcoholic Beverages in Vehicle / 3802(a)(1) DUI - General Impairment / 3736 Reckless Driving,2807,2,5,-80.06390202,40.44811569
2402,147844245,17008124,0,2017-01-14T01:48:00,2017-01-14,01:48:00,"Frankstown Ave & Enterprise St Pittsburgh, PA 15206",15206,Y,Larimer,5,AGRICULTURAL VANDALISM,3309 Driving on Roadways Laned for Traffic. / 3802(c) DUI - Highest Rate of Alcohol - BAC >= .16% / 3112 Traffic-Control Signals. / 3301 Driving on Right Side of Roadway. / 3802(a)(1) DUI - General Impairment,1208,9,2,-79.91379049,40.46042593
2407,147853590,17008201,0,2017-01-14T06:49:00,2017-01-14,06:49:00,"Penn Ave & 5th Ave Pittsburgh, PA 15206",15206,Y,Shadyside,4,AGRICULTURAL VANDALISM,3309 Driving on Roadways Laned for Traffic. / 13(a)(30) Possession w/ Intent to Del. Controlled Substance / 13(a)(16) Possession of Controlled Substance / 13(a)(32) Paraphernalia - Use or Possession / 3802(b) DUI - High Rate of Alchol - BAC >=.10% <.16% / 3802(a)(1) DUI - General Impairment,708,9,3,-79.91242362,40.45403729
3014,148331879,17012441,0,2017-01-21T00:08:00,2017-01-21,00:08:00,"1700 Block West Liberty Ave Pittsburgh, PA 15226",15226,Y,Beechview,6,AGRICULTURAL VANDALISM,3309 Driving on Roadways Laned for Traffic. / 3802(a)(1) DUI - General Impairment / 3714 Careless Driving,1920,4,4,-80.01781598,40.40758002
23,147450756,17004664,99,2017-01-08T19:00:00,2017-01-08,19:00:00,"3300 Block Melwood Ave Pittsburgh, PA 15219",15219,N,Polish Hill,2,AIDED CASE,9497 Aided Case,605,7,6,-79.96390756,40.45795851
82,146711525,16240271,99,2016-12-27T19:30:00,2016-12-27,19:30:00,"200 Block W Cherryhill St Pittsburgh, PA 15210",15210,N,Carrick,3,AIDED CASE,9497 Aided Case,2901,4,4,-79.99118458,40.39780193
116,146942781,16242484,99,2016-12-31T16:23:00,2016-12-31,16:23:00,"800 Block Freeport Rd Pittsburgh, PA 15215",15215,N,Lincoln-Lemington-Belmar,5,AIDED CASE,9497 Aided Case,1201,9,2,-79.89761421,40.48782354
137,146943795,16242526,99,2016-12-31T17:55:00,2016-12-31,17:55:00,"6400 Block Centre Ave Pittsburgh, PA 15206",15206,N,East Liberty,5,AIDED CASE,9497 Aided Case,1115,9,2,-79.92120852,40.46287849
174,146633225,16239736,99,2016-12-26T19:09:00,2016-12-26,19:09:00,"2300 Block Brownsville Rd Pittsburgh, PA 15210",15210,N,Carrick,3,AIDED CASE,9497 Aided Case,2902,4,4,-79.98551986,40.38904931
155,146779315,16240804,99,2016-12-28T17:33:00,2016-12-28,17:33:00,"300 Block Lawn St Pittsburgh, PA 15213",15213,N,South Oakland,4,AIDED CASE,9497 Aided Case,409,6,3,-79.96360688,40.43448213
175,146636933,16239767,99,2016-12-26T21:28:00,2016-12-26,21:28:00,"Grant St & 6th St Pittsburgh, PA 15219",15219,N,Central Business District,2,AIDED CASE,9497 Aided Case,201,6,6,-79.99588222,40.44075659
179,146915549,16241972,99,2016-12-30T18:40:00,2016-12-30,18:40:00,"1000 Block Chartiers Ave Pittsburgh, PA 15220",15220,N,Elliott,6,AIDED CASE,9497 Aided Case,2020,2,5,-80.0406073,40.44420027
2046,147845630,17008181,99,2017-01-14T05:00:00,2017-01-14,05:00:00,"Verner Ct Pittsburgh, PA 15212",15212,Y,Brighton Heights,1,AIDED CASE,9497 Aided Case,2701,1,1,-80.04181544,40.4813508
249,-2986000125,17001232,99,2017-01-03T01:30:00,2017-01-03,01:30:00,"100 Block W Mc Intyre Ave Pittsburgh, PA 15214",15214,Y,Perry South,1,AIDED CASE,9497 Aided Case,2614,6,1,-80.01177862,40.4685803
253,146992485,17000633,99,2017-01-02T01:21:00,2017-01-02,01:21:00,"1600 Block Forsythe St Pittsburgh, PA 15212",15212,N,Marshall-Shadeland,1,AIDED CASE,9497 Aided Case,2715,1,1,-80.03536554,40.47088077
273,146869330,16241547,99,2016-12-30T01:00:00,2016-12-30,01:00:00,"East Ohio St & Cedar Ave Pittsburgh, PA 15212",15212,N,Allegheny Center,1,AIDED CASE,9497 Aided Case,2204,1,1,-80.00169385,40.45331224
332,147160474,17001929,99,2017-01-04T05:36:00,2017-01-04,05:36:00,"600 Block Smithfield St Pittsburgh, PA 15222",15222,N,Central Business District,2,AIDED CASE,9497 Aided Case,201,6,6,-79.99740551,40.44152525
348,147438177,17004383,99,2017-01-08T07:00:00,2017-01-08,07:00:00,"Chartiers Ave & Krupp St Pittsburgh, PA 15204",15204,N,Chartiers City,6,AIDED CASE,9497 Aided Case,2021,2,5,-80.07079096,40.45818214
370,147334418,17002988,99,2017-01-05T19:30:00,2017-01-05,19:30:00,"N Charles St & Irwin Ave Pittsburgh, PA 15212",15212,N,Perry South,1,AIDED CASE,9497 Aided Case,2614,6,1,-80.01712214,40.46006415
465,147691431,17006655,99,2017-01-11T23:05:00,2017-01-11,23:05:00,"2400 Block California Ave Pittsburgh, PA 15212",15212,Y,Marshall-Shadeland,1,AIDED CASE,9497 Aided Case,2704,1,1,-80.03215642,40.46375574
472,147509939,17005251,99,2017-01-09T18:58:00,2017-01-09,18:58:00,"1500 Block Fallowfield Ave Pittsburgh, PA 15216",15216,N,Beechview,6,AIDED CASE,9497 Aided Case,1916,4,5,-80.02417657,40.41285782
538,-2965000153,17002827,99,2017-01-05T15:12:00,2017-01-05,15:12:00,"100 Block Bausman St Pittsburgh, PA 15210",15210,N,Knoxville,3,AIDED CASE,9497 Aided Case,3001,,,-79.98805131,40.41437893
3525,147812421,17007643,99,2017-01-13T10:45:00,2017-01-13,10:45:00,"400 Block Jillison St Pittsburgh, PA 15226",15226,N,Sheraden,6,AIDED CASE,9497 Aided Case,2018,4,4,-80.02577208,40.39537934
549,147379053,17003534,99,2017-01-06T15:00:00,2017-01-06,15:00:00,"20 Block Marshall Ave Pittsburgh, PA 15214",15214,N,Perry South,1,AIDED CASE,9497 Aided Case,2615,1,1,-80.00935393,40.47528634
577,147400428,17003702,99,2017-01-07T00:50:00,2017-01-07,00:50:00,"forbes Ave & armstrong Tunl Pittsburgh, PA 15219",15219,N,Bluff,2,AIDED CASE,9497 Aided Case,103,6,6,-79.99205197,40.43797104
585,146741101,16240507,99,2016-12-28T07:56:00,2016-12-28,07:56:00,"5900 Block 5th Ave Pittsburgh, PA 15232",15232,N,Shadyside,4,AIDED CASE,9497 Aided Case,706,8,3,-79.92542818,40.45128074
627,146710892,16240265,99,2016-12-27T19:05:00,2016-12-27,19:05:00,"1900 Block 5th Ave Pittsburgh, PA 15219",15219,N,Crawford-Roberts,2,AIDED CASE,9497 Aided Case,305,6,3,-79.9793932,40.43824562
624,147513017,17005291,99,2017-01-09T20:15:00,2017-01-09,20:15:00,"3600 Block California Ave Pittsburgh, PA 15212",15212,N,Brighton Heights,1,AIDED CASE,9497 Aided Case,2701,1,1,-80.04085736,40.48041277
638,147509760,17005256,99,2017-01-09T19:03:00,2017-01-09,19:03:00,"2200 Block Valera St Pittsburgh, PA 15210",15210,N,Carrick,3,AIDED CASE,9497 Aided Case,2904,4,4,-79.98839632,40.39014851
712,147587587,17005846,99,2017-01-10T19:00:00,2017-01-10,19:00:00,"800 Block Fordham St Pittsburgh, PA 15226",15226,N,Brookline,6,AIDED CASE,9497 Aided Case,1918,4,4,-80.02382028,40.39168443
815,146664517,16240015,99,2016-12-27T10:30:00,2016-12-27,10:30:00,"5400 Block Berlin Way Pittsburgh, PA 15201",15201,N,Upper Lawrenceville,2,AIDED CASE,9497 Aided Case,1011,7,2,-79.95148392,40.48311133
869,146744868,16240092,99,2016-12-27T13:35:00,2016-12-27,13:35:00,"500 Block Frayne St Pittsburgh, PA 15207",15207,Y,Hazelwood,4,AIDED CASE,9497 Aided Case,1515,5,3,-79.93746521,40.415717
1020,146722868,16240440,99,2016-12-28T03:00:00,2016-12-28,03:00:00,"Cedar Ave & E North Ave Pittsburgh, PA 15212",15212,N,Allegheny Center,1,AIDED CASE,9497 Aided Case,2204,1,1,-80.00262127,40.45621922
1105,146795118,16240929,99,2016-12-28T22:04:00,2016-12-28,22:04:00,"1700 Block Letsche St Pittsburgh, PA 15214",15214,N,Fineview,1,AIDED CASE,9497 Aided Case,2509,6,1,-80.00823887,40.46262849
1284,147215072,17002162,99,2017-01-04T15:29:00,2017-01-04,15:29:00,"200 Block Hammond St Pittsburgh, PA 15204",15204,Y,Sheraden,6,AIDED CASE,9497 Aided Case,2018,2,5,-80.04851498,40.45677171
1295,147341909,17003046,99,2017-01-05T21:00:00,2017-01-05,21:00:00,"5300 Block Wickliff St Pittsburgh, PA 15201",15201,N,Upper Lawrenceville,2,AIDED CASE,9497 Aided Case,1011,7,2,-79.94891915,40.47955412
1296,147342890,17003108,99,2017-01-06T00:28:00,2017-01-06,00:28:00,"300 Block N Braddock Ave Pittsburgh, PA 15208",15208,N,Point Breeze North,4,AIDED CASE,9497 Aided Case,1405,9,2,-79.89279811,40.44964666
1356,146971854,17000400,99,2017-01-01T16:30:00,2017-01-01,16:30:00,"2300 Block Spring Garden Ave Pittsburgh, PA 15212",15212,Y,Spring Garden,1,AIDED CASE,9497 Aided Case,2412,1,1,-79.98658124,40.47155732
1416,147400283,17003685,99,2017-01-06T23:59:00,2017-01-06,23:59:00,"1500 Block Asbury Pl Pittsburgh, PA 15217",15217,Y,Squirrel Hill North,4,AIDED CASE,9497 Aided Case,1403,8,3,-79.92100252,40.44166364
1440,147637134,17006244,99,2017-01-11T11:13:00,2017-01-11,11:13:00,"700 Block Moravian Way Pittsburgh, PA 15212",15212,N,East Allegheny,1,AIDED CASE,9497 Aided Case,2304,1,1,-80.00106618,40.45341492
1450,147182869,17001960,99,2017-01-04T09:00:00,2017-01-04,09:00:00,"200 Block S Negley Ave Pittsburgh, PA 15206",15206,N,East Liberty,5,AIDED CASE,9497 Aided Case,1115,9,2,-79.93012236,40.46456389
1464,147429327,17004136,99,2017-01-07T20:06:00,2017-01-07,20:06:00,"1100 Block Sheffield St Pittsburgh, PA 15233",15233,N,Manchester,1,AIDED CASE,9497 Aided Case,2107,6,1,-80.02126185,40.45420401
1478,146864142,16241413,99,2016-12-29T19:11:00,2016-12-29,19:11:00,"4000 Block Brighton Rd Pittsburgh, PA 15212",15212,N,Brighton Heights,1,AIDED CASE,9497 Aided Case,2701,1,1,-80.04084848,40.4879087
1549,147510487,17005269,99,2017-01-09T19:30:00,2017-01-09,19:30:00,"2100 Block Park Hill Dr Pittsburgh, PA 15221",15221,N,East Hills,5,AIDED CASE,9497 Aided Case,1306,9,2,-79.8740214,40.45295266
1559,-2983000325,17005582,99,2017-01-10T11:31:00,2017-01-10,11:31:00,"300 Block S 9th St Pittsburgh, PA 15203",15203,N,South Side Flats,3,AIDED CASE,9497 Aided Case,1702,3,4,-79.99041322,40.43090981
1580,147578138,17005750,99,2017-01-10T16:00:00,2017-01-10,16:00:00,"200 Block Amber St Pittsburgh, PA 15206",15206,N,East Liberty,5,AIDED CASE,9497 Aided Case,1115,9,2,-79.93083804,40.46185808
1587,147588895,17005945,99,2017-01-10T21:15:00,2017-01-10,21:15:00,"300 Block N Braddock Ave Pittsburgh, PA 15208",15208,N,Point Breeze North,4,AIDED CASE,9497 Aided Case,1405,9,2,-79.89279811,40.44964666
1595,147569357,17005709,99,2017-01-10T14:00:00,2017-01-10,14:00:00,"10 Block E North Ave Pittsburgh, PA 15212",15212,N,Allegheny Center,1,AIDED CASE,9497 Aided Case,2204,1,1,-80.00614283,40.45584368
1620,146649197,16239928,99,2016-12-27T05:18:00,2016-12-27,05:18:00,"2900 Block Zephyr Ave Pittsburgh, PA 15204",15204,N,Sheraden,6,AIDED CASE,9497 Aided Case,2018,2,5,-80.05195555,40.45481144
1672,146795224,16240855,99,2016-12-28T21:50:00,2016-12-28,21:50:00,"5600 Block 5th Ave Pittsburgh, PA 15232",15232,N,Squirrel Hill North,4,AIDED CASE,9497 Aided Case,1402,8,3,-79.93043113,40.44916137
1687,146853392,16241423,99,2016-12-29T19:07:00,2016-12-29,19:07:00,"900 Block Brookline  Blvd Pittsburgh, PA 15226",15226,Y,Brookline,6,AIDED CASE,9497 Aided Case,1918,4,4,-80.01918649,40.39287148
1924,147517852,17005363,99,2017-01-09T23:39:00,2017-01-09,23:39:00,"200 Block S Negley Ave Pittsburgh, PA 15206",15206,Y,Friendship,5,AIDED CASE,9497 Aided Case,807,9,2,-79.93012236,40.46456389
1951,147445051,17004492,99,2017-01-08T12:00:00,2017-01-08,12:00:00,"2100 Block Reed St Pittsburgh, PA 15219",15219,N,Crawford-Roberts,2,AIDED CASE,9497 Aided Case,305,6,3,-79.97725359,40.4426808
1964,147387251,17003483,99,2017-01-06T17:13:00,2017-01-06,17:13:00,"3000 Block Naomi St Pittsburgh, PA 15207",15207,N,Glen Hazel,4,AIDED CASE,9497 Aided Case,1504,5,3,-79.92821238,40.40965987
1985,147498780,17005100,99,2017-01-09T14:50:00,2017-01-09,14:50:00,"7100 Block Vann Rd Pittsburgh, PA 15206",15206,N,Lincoln-Lemington-Belmar,5,AIDED CASE,9497 Aided Case,1202,9,2,-79.89481168,40.46483085
2037,147839848,17007930,99,2017-01-13T21:36:00,2017-01-13,21:36:00,"900 Block Woodbourne Ave Pittsburgh, PA 15226",15226,N,Brookline,6,AIDED CASE,9497 Aided Case,1918,4,4,-80.02069887,40.39162421
2090,-2944011020,17010234,99,2017-01-17T17:00:00,2017-01-17,17:00:00,"1100 Block Crucible St Pittsburgh, PA 15220",15220,N,Crafton Heights,6,AIDED CASE,9497 Aided Case,2814,2,5,-80.04274208,40.44415492
2094,148403027,17013709,99,2017-01-23T00:41:00,2017-01-23,00:41:00,"E North Ave & Sandusky St N Pittsburgh, PA 15212",15212,N,Central North Side,1,AIDED CASE,9497 Aided Case,2206,1,1,-80.0045651,40.45584289
2113,147960050,17009790,99,2017-01-16T21:04:00,2017-01-16,21:04:00,"5000 Block Langhorn St Pittsburgh, PA 15207",15207,N,Hazelwood,4,AIDED CASE,9497 Aided Case,1501,5,3,-79.94813912,40.4075552
2189,148347216,17012723,99,2017-01-21T11:50:00,2017-01-21,11:50:00,"300 Block N Braddock Ave Pittsburgh, PA 15208",15208,Y,Point Breeze North,4,AIDED CASE,9497 Aided Case,1405,9,2,-79.89279811,40.44964666
2139,147902233,17009353,99,2017-01-16T02:45:00,2017-01-16,02:45:00,"200 Block 46st St Pittsburgh, PA 15201",15201,N,Upper Lawrenceville,2,AIDED CASE,9497 Aided Case,1011,,,0,0
2147,148263978,17011542,99,2017-01-19T15:17:00,2017-01-19,15:17:00,"400 Block Mt. Pleasant Rd Pittsburgh, PA 15214",15214,N,Northview Heights,1,AIDED CASE,9497 Aided Case,2609,1,1,-80.00190144,40.47982925
2254,148054813,17009659,99,2017-01-16T16:25:00,2017-01-16,16:25:00,"1200 Block Hodgkiss St Pittsburgh, PA 15212",15212,N,Marshall-Shadeland,1,AIDED CASE,9497 Aided Case,2704,1,1,-80.02688688,40.46766851
2351,-2779002657,17011599,99,2017-01-19T17:20:00,2017-01-19,17:20:00,"1800 Block Lowrie St Pittsburgh, PA 15212",15212,N,Troy Hill,1,AIDED CASE,9497 Aided Case,2406,1,1,-79.9820318,40.4647232
2391,147782538,17007375,99,2017-01-13T01:01:00,2017-01-13,01:01:00,"1100 Block Liberty Ave Pittsburgh, PA 15222",15222,Y,Central Business District,2,AIDED CASE,9497 Aided Case,201,7,6,-79.99237413,40.44415497
2405,147843314,17008117,99,2017-01-14T02:05:00,2017-01-14,02:05:00,"Forbes Ave & Wood St Pittsburgh, PA 15222",15222,N,Central Business District,2,AIDED CASE,9497 Aided Case,201,6,6,-80.00082661,40.44008916
2409,147859438,17008344,99,2017-01-14T12:30:00,2017-01-14,12:30:00,"American St Pittsburgh, PA 15207",15207,N,Hazelwood,4,AIDED CASE,9497 Aided Case,1515,5,3,-79.94262863,40.40244429
2412,147940032,17009545,99,2017-01-16T12:30:00,2017-01-16,12:30:00,"1500 Block Westmoreland St Pittsburgh, PA 15206",15206,N,Lincoln-Lemington-Belmar,5,AIDED CASE,9497 Aided Case,1202,9,2,-79.89459035,40.46824722
2468,147835052,17007779,99,2017-01-13T17:20:00,2017-01-13,17:20:00,"1100 Block Olivia St Pittsburgh, PA 15218",15218,N,Swisshelm Park,4,AIDED CASE,9497 Aided Case,1411,5,3,-79.90669632,40.42124023
2470,147864311,17008519,99,2017-01-14T16:50:00,2017-01-14,16:50:00,"5700 Block Ellsworth Ave Pittsburgh, PA 15232",15232,N,Shadyside,4,AIDED CASE,9497 Aided Case,705,8,2,-79.93211791,40.45467199
2481,147868645,17007969,99,2017-01-13T21:23:00,2017-01-13,21:23:00,"400 Block N Fairmount St Pittsburgh, PA 15206",15206,N,Garfield,5,AIDED CASE,9497 Aided Case,1114,9,2,-79.93110747,40.4672574
2580,147790927,17007478,99,2017-01-13T07:20:00,2017-01-13,07:20:00,"1200 Block Yetta Ave Pittsburgh, PA 15212",15212,Y,Spring Hill-City View,1,AIDED CASE,9497 Aided Case,2620,1,1,-79.99300799,40.46319603
2583,148159563,17010923,99,2017-01-18T16:36:00,2017-01-18,16:36:00,"1900 Block Remington Dr Pittsburgh, PA 15221",15221,N,East Hills,5,AIDED CASE,9497 Aided Case,1306,9,2,-79.86898641,40.44950773
2630,147769859,17007147,99,2017-01-12T17:23:00,2017-01-12,17:23:00,"300 Block Halket St Pittsburgh, PA 15213",15213,N,South Oakland,4,AIDED CASE,9497 Aided Case,409,3,3,-79.96153972,40.43707805
2669,148389765,17013481,99,2017-01-22T15:21:00,2017-01-22,15:21:00,"200 Block S 9th St Pittsburgh, PA 15203",15203,N,South Side Flats,3,AIDED CASE,9497 Aided Case,1702,6,6,-79.99840713,40.44371299
2704,148453987,17013947,99,2017-01-23T12:30:00,2017-01-23,12:30:00,"7100 Block Churchland St Pittsburgh, PA 15206",15206,N,Lincoln-Lemington-Belmar,5,AIDED CASE,9497 Aided Case,1201,9,2,-79.8967488,40.47099908
2732,148478825,17014276,99,2017-01-23T23:55:00,2017-01-23,23:55:00,"2200 Block Wilner Dr Pittsburgh, PA 15221",15221,N,East Hills,5,AIDED CASE,9497 Aided Case,1306,9,2,-79.86682966,40.45338758
2739,148543740,17014657,99,2017-01-24T16:25:00,2017-01-24,16:25:00,"300 Block Lawn St Pittsburgh, PA 15213",15213,N,South Oakland,4,AIDED CASE,9497 Aided Case,409,6,3,-79.96360688,40.43448213
2825,147845424,17008174,99,2017-01-14T05:20:00,2017-01-14,05:20:00,"200 Block Davenport St Pittsburgh, PA 15219",15219,N,Crawford-Roberts,2,AIDED CASE,9497 Aided Case,305,6,3,-79.98098819,40.44597496
2876,147904616,17009338,99,2017-01-16T03:00:00,2017-01-16,03:00:00,"60 Block Auburn St Pittsburgh, PA 15206",15206,Y,Larimer,5,AIDED CASE,9497 Aided Case,1204,9,2,-79.91678996,40.463793
2899,147948438,17008642,99,2017-01-14T20:54:00,2017-01-14,20:54:00,"7000 Block Highland Dr Pittsburgh, PA 15206",15206,N,Lincoln-Lemington-Belmar,5,AIDED CASE,9497 Aided Case,1203,9,2,-79.89853496,40.47666878
2930,147902051,17009302,99,2017-01-16T00:46:00,2017-01-16,00:46:00,"2400 Block Vodeli St Pittsburgh, PA 15216",15216,N,Beechview,6,AIDED CASE,9497 Aided Case,1920,4,5,-80.028029,40.40028923
2954,147967129,17009952,99,2017-01-17T05:16:00,2017-01-17,05:16:00,"3400 Block Fleming Ave Pittsburgh, PA 15212",15212,Y,Brighton Heights,1,AIDED CASE,9497 Aided Case,2703,1,1,-80.03815717,40.47698002
2981,147951788,17009731,99,2017-01-16T20:00:00,2017-01-16,20:00:00,"3000 Block Glen Mawr St Pittsburgh, PA 15204",15204,N,Sheraden,6,AIDED CASE,9497 Aided Case,2018,2,5,-80.05268816,40.45677446
3020,148195737,17010861,99,2017-01-18T15:30:00,2017-01-18,15:30:00,"900 Block Brookline Blvd Pittsburgh, PA 15226",15226,Y,Brookline,6,AIDED CASE,9497 Aided Case,1918,4,4,-80.01918649,40.39287148
3083,148403062,17013693,99,2017-01-23T01:30:00,2017-01-23,01:30:00,"1400 Block Crucible St Pittsburgh, PA 15205",15205,N,Crafton Heights,6,AIDED CASE,9497 Aided Case,2814,2,5,-80.04968352,40.44859775
3084,148403146,17013753,99,2017-01-23T01:17:00,2017-01-23,01:17:00,"400 Block Enright Ct Pittsburgh, PA 15206",15206,Y,East Liberty,5,AIDED CASE,9497 Aided Case,1115,9,2,-79.91656707,40.46093283
3136,148540051,17014621,99,2017-01-24T16:05:00,2017-01-24,16:05:00,"9th St & Exchange Way Pittsburgh, PA 15222",15222,N,Central Business District,2,AIDED CASE,9497 Aided Case,201,6,6,-79.99816542,40.44335227
3167,148475848,17014214,99,2017-01-23T22:00:00,2017-01-23,22:00:00,"3500 Block Universal St Pittsburgh, PA 15204",15204,N,Sheraden,6,AIDED CASE,9497 Aided Case,2022,2,5,-80.06550883,40.45841206
3216,147842172,17008066,99,2017-01-14T00:40:00,2017-01-14,00:40:00,"800 Block Mt Pleasant Rd Pittsburgh, PA 15214",15214,N,Northview Heights,1,AIDED CASE,9497 Aided Case,2609,1,1,-79.99947307,40.47574398
3272,147783752,17007382,99,2017-01-13T01:11:00,2017-01-13,01:11:00,"300 Block Halket St Pittsburgh, PA 15213",15213,N,South Oakland,4,AIDED CASE,9497 Aided Case,409,3,3,-79.96153972,40.43707805
3317,148058374,17010322,99,2017-01-17T18:30:00,2017-01-17,18:30:00,"2600 Block Centre Ave Pittsburgh, PA 15219",15219,N,Middle Hill,2,AIDED CASE,9497 Aided Case,501,6,3,-79.96841687,40.446533
3340,148073282,17010532,99,2017-01-18T00:34:00,2017-01-18,00:34:00,"2900 Block N Charles St Pittsburgh, PA 15214",15214,N,Perry South,1,AIDED CASE,9497 Aided Case,2615,6,1,-80.01113783,40.47045985
3362,148268344,17011553,99,2017-01-19T16:00:00,2017-01-19,16:00:00,"1100 Block Grand Ave Pittsburgh, PA 15212",15212,N,Marshall-Shadeland,1,AIDED CASE,9497 Aided Case,2715,1,1,-80.02752459,40.47497843
3419,148368143,17013196,99,2017-01-22T02:28:00,2017-01-22,02:28:00,"200 Block Carrington St Pittsburgh, PA 15212",15212,N,Central North Side,1,AIDED CASE,9497 Aided Case,2503,6,1,-80.0098599,40.45885435
3425,148273675,17011741,99,2017-01-19T20:00:00,2017-01-19,20:00:00,"1200 Block Mutual St Pittsburgh, PA 15204",15204,N,Sheraden,6,AIDED CASE,9497 Aided Case,2022,2,5,-80.06351876,40.45268207
3477,148304968,17012119,99,2017-01-20T14:30:00,2017-01-20,14:30:00,"1300 Block Woodland Ave Pittsburgh, PA 15212",15212,N,Marshall-Shadeland,1,AIDED CASE,9497 Aided Case,2715,1,1,-80.03026585,40.46922282
3507,-2746015690,17013556,99,2017-01-22T17:30:00,2017-01-22,17:30:00,"200 Block Curranhill Ave Pittsburgh, PA 15216",15216,N,Beechview,6,AIDED CASE,9497 Aided Case,1916,4,5,-80.01885289,40.4053953
1438,147634050,16205655,99,2017-01-11T11:10:00,2017-01-11,11:10:00,"200 Block W Woodford Ave Pittsburgh, PA 15210",15210,Y,Carrick,3,ARREST ON ATTACHMENT ORDER,9015 Failure To Appear/Arrest on Attachment Order,2901,4,4,-79.98290553,40.39288182
1916,147414499,17003910,99,2017-01-07T11:34:00,2017-01-07,11:34:00,"Frankstown Ave & Sweeney Pl Pittsburgh, PA 15208",15208,Y,Homewood West,5,ARREST ON ATTACHMENT ORDER,9015 Failure To Appear/Arrest on Attachment Order,1207,9,2,-79.90565331,40.45825158
49,146748637,16240541,99,2016-12-28T09:27:00,2016-12-28,09:27:00,"1900 Block Gebhart St Pittsburgh, PA 15212",15212,Y,Spring Garden,1,BENCH WARRANT ARREST - NO TIE,9501 Bench Warrant,2412,1,1,-79.98603744,40.46876597
92,146607666,16239506,99,2016-12-26T10:22:00,2016-12-26,10:22:00,"6600 Block Lyric St Pittsburgh, PA 15206",15206,Y,Lincoln-Lemington-Belmar,5,BENCH WARRANT ARREST - NO TIE,9501 Bench Warrant,1203,9,2,-79.90514216,40.46449546
189,146930422,16242325,99,2016-12-31T10:19:00,2016-12-31,10:19:00,"800 Block Peralta St Pittsburgh, PA 15212",15212,Y,East Allegheny,1,BENCH WARRANT ARREST - NO TIE,9501 Bench Warrant,2304,1,1,-79.9972198,40.4553973
471,147502585,17005204,99,2017-01-09T17:43:00,2017-01-09,17:43:00,"200 Block E Elizabeth St Pittsburgh, PA 15207",15207,Y,Hazelwood,4,BENCH WARRANT ARREST - NO TIE,9501 Bench Warrant,1515,5,3,-79.94136473,40.40718366
556,147333029,17003024,99,2017-01-05T20:39:00,2017-01-05,20:39:00,"N Lang Ave & Hermitage St Pittsburgh, PA 15208",15208,Y,Homewood North,5,BENCH WARRANT ARREST - NO TIE,9501 Bench Warrant,1301,9,2,-79.89753262,40.46072705
607,146633685,16239766,99,2016-12-26T20:10:00,2016-12-26,20:10:00,"900 Block Vista St Pittsburgh, PA 15212",15212,Y,East Allegheny,1,BENCH WARRANT ARREST - NO TIE,9501 Bench Warrant,2304,1,1,-79.99581567,40.45871948
651,147579763,17005818,99,2017-01-10T17:19:00,2017-01-10,17:19:00,"Ibis Way & Bausman St Pittsburgh, PA 15210",15210,Y,Knoxville,3,BENCH WARRANT ARREST - NO TIE,9501 Bench Warrant,3001,3,4,-79.98855363,40.41441946
740,146925287,16242237,99,2016-12-31T04:18:00,2016-12-31,04:18:00,"Kelly St & Brushton Ave Pittsburgh, PA 15221",15221,Y,Homewood South,5,BENCH WARRANT ARREST - NO TIE,9501 Bench Warrant,1304,9,2,-79.88882121,40.45366301
804,147681900,17006593,99,2017-01-11T19:25:00,2017-01-11,19:25:00,"1200 Block Brookline Blvd Pittsburgh, PA 15226",15226,Y,Brookline,6,BENCH WARRANT ARREST - NO TIE,9501 Bench Warrant,3206,4,4,-80.0129906,40.39193562
842,147407701,17003812,99,2017-01-07T06:15:00,2017-01-07,06:15:00,"500 Block Smithfield St Pittsburgh, PA 15222",15222,Y,Central Business District,2,BENCH WARRANT ARREST - NO TIE,9501 Bench Warrant / 9998 Overdose Other,201,6,6,-79.99811616,40.44033208
913,147423195,17004010,99,2017-01-07T16:10:00,2017-01-07,16:10:00,"700 Block Webster Ter Pittsburgh, PA 15219",15219,Y,Middle Hill,2,BENCH WARRANT ARREST - NO TIE,9501 Bench Warrant / 601.16 Public Urination And Defecation,501,6,3,-79.96760696,40.45186218
950,147500974,17005160,99,2017-01-09T16:00:00,2017-01-09,16:00:00,"3400 Block Fleming Ave Pittsburgh, PA 15212",15212,Y,Brighton Heights,1,BENCH WARRANT ARREST - NO TIE,9501 Bench Warrant,2703,1,1,-80.03815717,40.47698002
1031,-2805001126,16225208,99,2016-12-26T12:23:00,2016-12-26,12:23:00,"2400 Block Wylie Ave Pittsburgh, PA 15219",15219,Y,Middle Hill,2,BENCH WARRANT ARREST - NO TIE,9501 Bench Warrant,305,6,3,-79.97308743,40.44730504
1070,146849310,16241395,99,2016-12-29T17:50:00,2016-12-29,17:50:00,"Straka St & Chartiers Ave Pittsburgh, PA 15204",15204,Y,Sheraden,6,BENCH WARRANT ARREST - NO TIE,9501 Bench Warrant,2018,2,5,-80.05452327,40.45260527
1122,147403639,17003769,99,2017-01-07T02:58:00,2017-01-07,02:58:00,"N Lang Ave & Idlewild St Pittsburgh, PA 15208",15208,Y,Homewood North,5,BENCH WARRANT ARREST - NO TIE,9501 Bench Warrant / 3334 Turning Movements and Required Signals. / 1543 Driving While Operating Privilege is Suspended or Revoked. / 4914 False Identification to Law Enforcement Authorities,1301,9,2,-79.89816443,40.45883719
1231,146665073,16239993,99,2016-12-27T09:34:00,2016-12-27,09:34:00,"300 Block N Braddock Ave Pittsburgh, PA 15208",15208,Y,Point Breeze North,4,BENCH WARRANT ARREST - NO TIE,9501 Bench Warrant,1405,9,2,-79.89279811,40.44964666
1259,147574647,17005730,99,2017-01-10T15:17:00,2017-01-10,15:17:00,"4800 Block Penn Ave Pittsburgh, PA 15224",15224,Y,Bloomfield,5,BENCH WARRANT ARREST - NO TIE,9501 Bench Warrant,809,7,2,-79.94624886,40.46520537
1354,147600241,17006054,99,2017-01-11T01:23:00,2017-01-11,01:23:00,"Frankstown Ave & East Liberty Blvd Pittsburgh, PA 15206",15206,Y,Larimer,5,BENCH WARRANT ARREST - NO TIE,9501 Bench Warrant,1208,9,2,-79.91568151,40.4608223
1436,146836186,16241250,99,2016-12-29T14:00:00,2016-12-29,14:00:00,"1200 Block Western Ave Pittsburgh, PA 15233",15233,Y,Chateau,1,BENCH WARRANT ARREST - NO TIE,9501 Bench Warrant,2108,6,1,-80.02196514,40.45120975
1466,147486149,17005017,99,2017-01-09T11:33:00,2017-01-09,11:33:00,"E North Ave & East St Pittsburgh, PA 15212",15212,Y,East Allegheny,1,BENCH WARRANT ARREST - NO TIE,9501 Bench Warrant,2304,1,1,-79.99882799,40.45692052
1532,147500402,17005187,99,2017-01-09T15:50:00,2017-01-09,15:50:00,"3400 Block Fleming Ave Pittsburgh, PA 15212",15212,Y,Brighton Heights,1,BENCH WARRANT ARREST - NO TIE,9501 Bench Warrant,2703,1,1,-80.03815717,40.47698002
1617,146845694,16241300,99,2016-12-29T14:59:00,2016-12-29,14:59:00,"Grant St Ramp & I-376 Pittsburgh, PA 15219",15219,Y,Central Business District,2,BENCH WARRANT ARREST - NO TIE,9501 Bench Warrant,201,,,0,0
1663,146793393,16240911,99,2016-12-28T21:14:00,2016-12-28,21:14:00,"10 Block Fern Cir Pittsburgh, PA 15224",15224,Y,Garfield,5,BENCH WARRANT ARREST - NO TIE,9501 Bench Warrant,1016,9,2,-79.93726382,40.47208281
1693,146648463,16239913,99,2016-12-27T03:56:00,2016-12-27,03:56:00,"W North Ave & Resaca Pl Pittsburgh, PA 15212",15212,Y,Allegheny Center,1,BENCH WARRANT ARREST - NO TIE,9501 Bench Warrant,2204,1,1,-80.01159968,40.45452335
1729,146722420,16240441,99,2016-12-28T01:30:00,2016-12-28,01:30:00,"800 Block E Warrington Ave Pittsburgh, PA 15210",15210,Y,Allentown,3,BENCH WARRANT ARREST - NO TIE,9501 Bench Warrant,1803,3,4,-79.99357756,40.42153188
1874,147125784,17001652,99,2017-01-03T17:39:00,2017-01-03,17:39:00,"Chartiers Ave & Corliss St Pittsburgh, PA 15220",15220,Y,Elliott,6,BENCH WARRANT ARREST - NO TIE,9501 Bench Warrant,2020,2,5,-80.0450787,40.45015231
1904,147057845,17001143,99,2017-01-02T21:24:00,2017-01-02,21:24:00,"1100 Block Banksville Rd Pittsburgh, PA 15216",15216,Y,Banksville,6,BENCH WARRANT ARREST - NO TIE,9501 Bench Warrant,2023,2,5,-80.03026807,40.41991044
1995,148346251,17012662,99,2017-01-21T10:00:00,2017-01-21,10:00:00,"7200 Block Thomas Blvd Pittsburgh, PA 15228",15228,Y,Point Breeze North,4,BENCH WARRANT ARREST - NO TIE,9501 Bench Warrant,1405,9,2,-79.90006879,40.45085884
2112,147947233,17009676,99,2017-01-16T16:50:00,2017-01-16,16:50:00,"Mifflin Rd & Lebanon Rd Pittsburgh, PA 15207",15207,Y,Lincoln Place,4,BENCH WARRANT ARREST - NO TIE,9501 Bench Warrant,3102,5,3,-79.92547795,40.37962306
2126,148272386,17011656,99,2017-01-19T19:17:00,2017-01-19,19:17:00,"5th Ave & Dinwiddie St Pittsburgh, PA 15219",15219,Y,Bluff,2,BENCH WARRANT ARREST - NO TIE,9501 Bench Warrant / 1301 Registration and Certificate of Title Required.,103,6,3,-79.98077519,40.43835954
2239,148363087,17013007,99,2017-01-21T20:06:00,2017-01-21,20:06:00,"Frankstown Ave & Lowell St Pittsburgh, PA 15206",15206,Y,Larimer,5,BENCH WARRANT ARREST - NO TIE,9501 Bench Warrant,1208,9,2,-79.91379049,40.46042593
2416,147844964,17008146,99,2017-01-14T03:30:00,2017-01-14,03:30:00,"700 Block Hampshire Ave Pittsburgh, PA 15216",15216,Y,Beechview,6,BENCH WARRANT ARREST - NO TIE,9501 Bench Warrant,1916,4,5,-80.02050569,40.41075929
2511,147903353,17009345,99,2017-01-16T02:10:00,2017-01-16,02:10:00,"100 Block 43rd St Pittsburgh, PA 15201",15201,Y,Central Lawrenceville,2,BENCH WARRANT ARREST - NO TIE,9501 Bench Warrant,901,7,2,-79.96392019,40.47286639
2582,148146182,17010822,99,2017-01-18T13:29:00,2017-01-18,13:29:00,"7200 Block Frankstown Ave Pittsburgh, PA 15208",15208,Y,Homewood North,5,BENCH WARRANT ARREST - NO TIE,9501 Bench Warrant,1302,9,2,-79.89625374,40.45732934
2587,148048346,17010278,99,2017-01-17T16:47:00,2017-01-17,16:47:00,"Crucible St & Ernie St Pittsburgh, PA 15220",15220,Y,Elliott,6,BENCH WARRANT ARREST - NO TIE,9501 Bench Warrant / 1543 Driving While Operating Privilege is Suspended or Revoked. / 4914 False Identification to Law Enforcement Authorities / 3345 Meeting or Overtaking School Bus.,2020,2,5,-80.04073714,40.44257321
2592,148184609,17011214,99,2017-01-19T01:31:00,2017-01-19,01:31:00,"S 24th St & Josephine St Pittsburgh, PA 15203",15203,Y,South Side Flats,3,BENCH WARRANT ARREST - NO TIE,9501 Bench Warrant,1609,3,4,-79.97216847,40.42464706
2608,147949450,17009668,99,2017-01-16T16:38:00,2017-01-16,16:38:00,"Dickens St & Crucible St Pittsburgh, PA 15220",15220,Y,Crafton Heights,6,BENCH WARRANT ARREST - NO TIE,9501 Bench Warrant / 1543 Driving While Operating Privilege is Suspended or Revoked.,2814,2,5,-80.04904069,40.44704275
2705,148467886,17014104,99,2017-01-23T17:44:00,2017-01-23,17:44:00,"Earl St & E Carson St Pittsburgh, PA 15204",15204,Y,Elliott,6,BENCH WARRANT ARREST - NO TIE,9501 Bench Warrant,2020,2,5,-80.04816981,40.46019793
2667,148364076,17013057,99,2017-01-21T22:30:00,2017-01-21,22:30:00,"Arthur St & Centre Ave Pittsburgh, PA 15219",15219,Y,Crawford-Roberts,2,BENCH WARRANT ARREST - NO TIE,9501 Bench Warrant / 1543 Driving While Operating Privilege is Suspended or Revoked.,305,6,3,-79.98387601,40.44192419
2729,148453849,17013949,99,2017-01-23T12:26:00,2017-01-23,12:26:00,"800 Block Brushton Ave Pittsburgh, PA 15221",15221,Y,Homewood South,5,BENCH WARRANT ARREST - NO TIE,9501 Bench Warrant,1304,9,2,-79.88837848,40.45461029
2785,148549558,17014714,99,2017-01-24T17:54:00,2017-01-24,17:54:00,"1300 Block Federal St N Pittsburgh, PA 15212",15212,Y,Central North Side,1,BENCH WARRANT ARREST - NO TIE,9501 Bench Warrant,2206,1,1,-80.00687314,40.45673145
2819,148274560,17011756,99,2017-01-19T21:22:00,2017-01-19,21:22:00,"Chartiers Ave & Kelvin St Pittsburgh, PA 15204",15204,Y,Sheraden,6,BENCH WARRANT ARREST - NO TIE,9501 Bench Warrant,2022,2,5,-80.06506506,40.45388357
2850,148273161,17011488,99,2017-01-19T19:50:00,2017-01-19,19:50:00,"2600 Block Norwood Ave Pittsburgh, PA 15214",15214,Y,Perry South,1,BENCH WARRANT ARREST - NO TIE,9501 Bench Warrant,2615,6,1,-80.01263459,40.47023932
2874,147901714,17009332,99,2017-01-15T22:10:00,2017-01-15,22:10:00,"5200 Block Centre Ave Pittsburgh, PA 15232",15232,Y,Shadyside,4,BENCH WARRANT ARREST - NO TIE,9501 Bench Warrant,709,8,2,-79.9405853,40.45494018
2932,147771613,17007187,99,2017-01-12T18:02:00,2017-01-12,18:02:00,"2800 Block Mary St Pittsburgh, PA 15203",15203,Y,South Side Slopes,3,BENCH WARRANT ARREST - NO TIE,9501 Bench Warrant,1608,3,4,-79.96837389,40.42421558
2987,148043651,17010200,99,2017-01-17T15:07:00,2017-01-17,15:07:00,"300 Block Millbridge St Pittsburgh, PA 15210",15210,Y,Allentown,3,BENCH WARRANT ARREST - NO TIE,9501 Bench Warrant,1803,3,4,-79.9959778,40.41981134
3036,-2917000546,17010812,99,2017-01-18T13:10:00,2017-01-18,13:10:00,"1200 Block Western Ave Pittsburgh, PA 15233",15233,Y,Chateau,1,BENCH WARRANT ARREST - NO TIE,9501 Bench Warrant,2108,6,1,-80.02196514,40.45120975
3253,148273497,17011714,99,2017-01-19T20:10:00,2017-01-19,20:10:00,"300 Block Cedar Ave Pittsburgh, PA 15212",15212,Y,East Allegheny,1,BENCH WARRANT ARREST - NO TIE,9501 Bench Warrant,2304,1,1,-80.00084389,40.45089272
3367,148063458,17010337,99,2017-01-17T19:00:00,2017-01-17,19:00:00,"2400 Block Starkamp St Pittsburgh, PA 15226",15226,Y,Brookline,6,BENCH WARRANT ARREST - NO TIE,9501 Bench Warrant,1919,4,4,-80.01591079,40.39351287
3578,148532489,17014559,99,2017-01-24T12:37:00,2017-01-24,12:37:00,"1900 Block Rhine St Pittsburgh, PA 15212",15212,Y,Spring Hill-City View,1,BENCH WARRANT ARREST - NO TIE,9501 Bench Warrant / 9999 9999 - (Misc. Incident): ,2620,1,1,-79.99203853,40.46535167
29,147327061,17002833,5,2017-01-05T15:00:00,2017-01-05,15:00:00,"100 Block Greenfield Ave Pittsburgh, PA 15207",15207,N,Greenfield,4,BURGLARY,3502 Burglary.,1516,5,3,-79.9519368,40.42489672
65,146628628,16239624,5,2016-12-26T14:30:00,2016-12-26,14:30:00,"3600 Block Rural St Pittsburgh, PA 15206",15206,N,East Liberty,5,BURGLARY,3502 Burglary.,1115,9,2,-79.92937904,40.46555136
126,146828387,16241194,5,2016-12-29T11:00:00,2016-12-29,11:00:00,"7500 Block Hamilton Ave Pittsburgh, PA 15208",15208,N,Homewood South,5,BURGLARY,3502 Burglary.,1303,9,2,-79.89248194,40.45342153
217,146971180,17000471,5,2017-01-01T17:53:00,2017-01-01,17:53:00,"50 Block Boundary St Pittsburgh, PA 15213",15213,N,Central Oakland,4,BURGLARY,3502 Burglary.,406,3,3,-79.95062045,40.43906007
218,146971560,17000475,5,2017-01-01T17:30:00,2017-01-01,17:30:00,"1200 Block Courtright St Pittsburgh, PA 15212",15212,N,Marshall-Shadeland,1,BURGLARY,3502 Burglary. / 3304 Criminal Mischief.,2715,1,1,-80.03276803,40.47489669
254,146993000,17000621,5,2017-01-01T23:50:00,2017-01-01,23:50:00,"1600 Block Sophia St Pittsburgh, PA 15212",15212,Y,Spring Hill-City View,1,BURGLARY,"3502 Burglary. / 2709(a)(1) Harassment by Physical Contact, or Attempts or Threats / 5505 Public Drunkenness",2620,1,1,-79.99397806,40.46305908
301,147157838,17001868,5,2017-01-04T01:00:00,2017-01-04,01:00:00,"400 Block Semple St Pittsburgh, PA 15213",15213,N,Central Oakland,4,BURGLARY,3502 Burglary.,406,3,3,-79.95499122,40.43692944
383,147456167,17004791,5,2017-01-08T23:00:00,2017-01-08,23:00:00,"2300 Block Sherbrook St Pittsburgh, PA 15217",15217,N,Squirrel Hill South,4,BURGLARY,3502 Burglary.,1408,5,3,-79.92170208,40.43146467
418,147412519,17003415,5,2017-01-06T11:15:00,2017-01-06,11:15:00,"300 Block Boggs Ave Pittsburgh, PA 15211",15211,N,Mount Washington,3,BURGLARY,3502 Burglary.,1914,2,5,-80.00853456,40.42565338
430,147472295,17004893,5,2017-01-09T06:11:00,2017-01-09,06:11:00,"1300 Block Beaver Ave Pittsburgh, PA 15233",15233,N,Chateau,1,BURGLARY,3502 Burglary.,2108,6,1,-80.02906596,40.45322541
459,-2863021481,17006638,5,2017-01-11T22:00:00,2017-01-11,22:00:00,"200 Block Hammond St Pittsburgh, PA 15204",15204,N,Sheraden,6,BURGLARY,3502 Burglary.,2018,2,5,-80.04851498,40.45677171
476,147516479,17005321,5,2017-01-09T21:00:00,2017-01-09,21:00:00,"10 Block Camfield St Pittsburgh, PA 15210",15210,N,Bon Air,3,BURGLARY,3502 Burglary. / 3921 Theft by Unlawful Taking or Disposition. / 3304 Criminal Mischief.,1806,4,4,-79.99736737,40.41088652
481,146976071,17000559,5,2017-01-01T20:00:00,2017-01-01,20:00:00,"3300 Block Niagara St Pittsburgh, PA 15213",15213,N,South Oakland,4,BURGLARY,3502 Burglary. / 3921 Theft by Unlawful Taking or Disposition.,409,3,3,-79.95978995,40.43491595
589,146829155,16241185,5,2016-12-29T09:30:00,2016-12-29,09:30:00,"200 Block McKee Pl Pittsburgh, PA 15213",15213,N,Central Oakland,4,BURGLARY,3502 Burglary.,405,3,3,-79.95946998,40.43973083
517,147234267,17002295,5,2017-01-04T03:00:00,2017-01-04,03:00:00,"5600 Block Fair Oaks St Pittsburgh, PA 15217",15217,N,Squirrel Hill North,4,BURGLARY,3502 Burglary. / 3921 Theft by Unlawful Taking or Disposition.,1402,8,3,-79.92816776,40.4455639
524,147092200,17001837,5,2017-01-03T09:15:00,2017-01-03,09:15:00,"200 Block Dinwiddie St Pittsburgh, PA 15219",15219,N,Crawford-Roberts,2,BURGLARY,3502 Burglary. / 3304 Criminal Mischief.,305,6,3,-79.98046032,40.43913488
530,147207592,17002154,5,2017-01-04T14:20:00,2017-01-04,14:20:00,"7200 Block Mt. Vernon St Pittsburgh, PA 15208",15208,Y,Homewood South,5,BURGLARY,3502 Burglary.,1303,9,2,-79.89442211,40.46118212
579,147400883,17003648,5,2017-01-07T01:50:00,2017-01-07,01:50:00,"1300 Block E Carson St Pittsburgh, PA 15203",15203,Y,South Side Flats,3,BURGLARY,3502 Burglary.,1702,3,4,-79.98517511,40.42860697
598,147500218,17005129,5,2017-01-09T15:00:00,2017-01-09,15:00:00,"7200 Block Meade St Pittsburgh, PA 15208",15208,N,Point Breeze North,4,BURGLARY,3502 Burglary.,1405,9,2,-79.90062919,40.45008294
612,147480532,17004978,5,2017-01-06T12:00:00,2017-01-06,12:00:00,"500 Block Fisher St Pittsburgh, PA 15210",15210,N,Mount Oliver,3,BURGLARY,3502 Burglary.,1607,3,4,-79.97947172,40.41112403
630,146760005,16240105,5,2016-12-27T08:00:00,2016-12-27,08:00:00,"2200 Block Wilner Dr Pittsburgh, PA 15221",15221,N,East Hills,5,BURGLARY,3502 Burglary.,1306,9,2,-79.86682966,40.45338758
710,147584061,17005769,5,2017-01-10T16:05:00,2017-01-10,16:05:00,"2600 Block Brownsville Rd Pittsburgh, PA 15227",15227,Y,Carrick,3,BURGLARY,3502 Burglary. / 2701(a)(3) Simple Assault - Attempts by Physical Menace  / 6106 Firearms not to be Carried without a License.,2904,4,4,-79.97880106,40.38544231
753,147596218,17005783,5,2017-01-10T21:48:00,2017-01-10,21:48:00,"5300 Block Keystone St Pittsburgh, PA 15201",15201,Y,Upper Lawrenceville,2,BURGLARY,"3502 Burglary. / 13(a)(30) Possession w/ Intent to Del. Controlled Substance / 13(a)(16) Possession of Controlled Substance / 13(a)(32) Paraphernalia - Use or Possession / 6105(a)(1) Persons not to possess, use, manufacture, control, sell or transfer firearms: Former Convict enumerated in subsection (b) / 907 Possessing Instruments of Crime.",1011,7,2,-79.95067526,40.48105004
763,147239145,17002386,5,2017-01-04T19:40:00,2017-01-04,19:40:00,"1800 Block Fox Way Pittsburgh, PA 15203",15203,N,South Side Flats,3,BURGLARY,3502 Burglary.,1702,3,4,-79.98038378,40.43006189
791,147647138,17006267,5,2017-01-10T16:00:00,2017-01-10,16:00:00,"2300 Block Parkhill Dr Pittsburgh, PA 15221",15221,N,East Hills,5,BURGLARY,3502 Burglary.,1306,9,2,-79.87407838,40.45475038
810,147689179,17006636,5,2017-01-11T22:56:00,2017-01-11,22:56:00,"2000 Block 5th Ave Pittsburgh, PA 15219",15219,Y,West Oakland,4,BURGLARY,3502 Burglary. / 3304(a)(5) CRIMINAL MISCHIEF - Intentionally Damages Real Or Personal Property Of Another,402,6,3,-79.9775296,40.43800271
851,147693451,17006599,5,2017-01-11T16:00:00,2017-01-11,16:00:00,"10 Block Lelia St Pittsburgh, PA 15211",15211,N,Mount Washington,3,BURGLARY,3502 Burglary.,1915,1,1,-80.00020751,40.4684518
855,147700191,17006725,5,2017-01-12T02:15:00,2017-01-12,02:15:00,"3000 Block Vancroft St Pittsburgh, PA 15219",15219,N,Upper Hill,2,BURGLARY,3502 Burglary.,506,6,3,-79.9651732,40.45048271
860,147704521,17006716,5,2017-01-12T01:45:00,2017-01-12,01:45:00,"1800 Block West Liberty Ave Pittsburgh, PA 15226",15226,N,Brookline,6,BURGLARY,3502 Burglary.,1917,4,5,-80.0185628,40.40639768
899,146664597,16240020,5,2016-12-27T08:54:00,2016-12-27,08:54:00,"400 Block Larimer Ave Pittsburgh, PA 15206",15206,N,Larimer,5,BURGLARY,3502 Burglary. / 3304(a)(5) CRIMINAL MISCHIEF - Intentionally Damages Real Or Personal Property Of Another,1208,9,2,-79.91505288,40.46476168
907,147707300,17006781,5,2017-01-12T06:00:00,2017-01-12,06:00:00,"800 Block Progress St Pittsburgh, PA 15212",15212,N,North Shore,1,BURGLARY,3502 Burglary. / 3304 Criminal Mischief.,2205,1,1,-79.99584116,40.45109579
924,146829089,16241183,5,2016-12-29T11:09:00,2016-12-29,11:09:00,"1000 Block East St Pittsburgh, PA 15212",15212,N,East Allegheny,1,BURGLARY,3502 Burglary.,2304,1,1,-79.99859541,40.45644682
970,146945209,16242553,5,2016-12-31T17:45:00,2016-12-31,17:45:00,"1900 Block Spring Garden Ave Pittsburgh, PA 15212",15212,Y,Spring Garden,1,BURGLARY,3502 Burglary.,2412,1,1,-79.98562477,40.46877916
973,147099604,17001427,5,2016-12-28T16:00:00,2016-12-28,16:00:00,"200 Block N Craig St Pittsburgh, PA 15213",15213,N,North Oakland,4,BURGLARY,3502 Burglary.,507,8,3,-79.95066326,40.44994598
976,-2676003952,17006460,5,2017-01-11T16:50:00,2017-01-11,16:50:00,"1800 Block Pioneer Ave Pittsburgh, PA 15226",15226,N,Brookline,6,BURGLARY,3502 Burglary.,1917,4,4,-80.01527697,40.40556491
1018,147043784,17000979,5,2017-01-02T15:00:00,2017-01-02,15:00:00,"200 Block Michigan St Pittsburgh, PA 15210",15210,N,Beltzhoover,3,BURGLARY,3502 Burglary.,1809,4,4,-80.00384623,40.41578944
1038,147141520,17001796,5,2017-01-03T21:45:00,2017-01-03,21:45:00,"2800 Block Beechwood Blvd Pittsburgh, PA 15217",15217,N,Squirrel Hill South,4,BURGLARY,3502 Burglary.,1414,5,3,-79.92036848,40.42482533
1163,147051167,17001040,5,2017-01-01T22:00:00,2017-01-01,22:00:00,"100 Block Jucunda St Pittsburgh, PA 15210",15210,N,Knoxville,3,BURGLARY,3502 Burglary.,3001,3,4,-79.98819325,40.41734514
1166,147058138,17001071,5,2017-01-02T19:53:00,2017-01-02,19:53:00,"900 Block High St Pittsburgh, PA 15212",15212,Y,Spring Garden,1,BURGLARY,3502 Burglary. / 2701 Simple Assault. / 903 Criminal Conspiracy. / 2701(b)(2) Simple Assault -  Child Under 12 / Adult 21 Or Older,2412,1,1,-79.99472533,40.45965164
1224,146628174,16239642,5,2016-12-26T16:07:00,2016-12-26,16:07:00,"200 Block Shetland St Pittsburgh, PA 15206",15206,N,Larimer,5,BURGLARY,3502 Burglary.,1204,9,2,-79.910475,40.46454405
1434,146830897,16241225,5,2016-12-27T15:00:00,2016-12-27,15:00:00,"5000 Block Orinoco St Pittsburgh, PA 15207",15207,N,Hazelwood,4,BURGLARY,3502 Burglary.,1515,5,3,-79.93920747,40.40947919
1340,147389009,17003648,5,2017-01-06T04:00:00,2017-01-06,04:00:00,"1300 Block E Carson St Pittsburgh, PA 15203",15203,Y,South Side Flats,3,BURGLARY,3502 Burglary.,1702,3,4,-79.98517511,40.42860697
1343,147400826,17003734,5,2017-01-06T23:00:00,2017-01-06,23:00:00,"900 Block Mina St Pittsburgh, PA 15212",15212,Y,Spring Hill-City View,1,BURGLARY,3502 Burglary. / 9093 Indirect Criminal Contempt,2620,1,1,-79.99918422,40.46894945
1345,146606376,16239516,5,2016-12-26T10:00:00,2016-12-26,10:00:00,"100 Block Carver St Pittsburgh, PA 15206",15206,N,Larimer,5,BURGLARY,3502 Burglary.,1208,9,2,-79.91498656,40.46446392
1348,147590695,17005952,5,2017-01-10T21:05:00,2017-01-10,21:05:00,"1800 Block Fahnestock St Pittsburgh, PA 15221",15221,N,East Hills,5,BURGLARY,3502 Burglary.,1306,9,2,-79.87848799,40.45129102
1385,146663823,16240024,5,2016-12-27T09:00:00,2016-12-27,09:00:00,"100 Block Laclede St Pittsburgh, PA 15211",15211,N,Mount Washington,3,BURGLARY,3502 Burglary.,1915,3,5,-80.00307666,40.42303766
1435,146832148,16241238,5,2016-12-29T13:00:00,2016-12-29,13:00:00,"700 Block Junilla St Pittsburgh, PA 15219",15219,N,Bedford Dwellings,2,BURGLARY,3502 Burglary.,509,6,3,-79.97246499,40.44965592
1482,146896937,16241739,5,2016-12-30T03:55:00,2016-12-30,03:55:00,"4600 Block Centre Ave Pittsburgh, PA 15213",15213,N,North Oakland,4,BURGLARY,3502 Burglary.,507,6,3,-79.95200973,40.45194542
1491,147655799,17006345,5,2017-01-11T14:30:00,2017-01-11,14:30:00,"1600 Block Broadhead St Pittsburgh, PA 15206",15206,N,Lincoln-Lemington-Belmar,5,BURGLARY,3502 Burglary.,1202,9,2,-79.89177946,40.46872959
1527,147428177,17004149,5,2017-01-06T21:00:00,2017-01-06,21:00:00,"1200 Block Itin St Pittsburgh, PA 15212",15212,N,Spring Hill-City View,1,BURGLARY,3502 Burglary.,2620,1,1,-79.99218232,40.4620423
1568,147575085,17005629,5,2017-01-10T02:00:00,2017-01-10,02:00:00,"300 Block Semple St Pittsburgh, PA 15213",15213,N,Central Oakland,4,BURGLARY,3502 Burglary.,405,3,3,-79.95709363,40.43873757
1577,-2860004018,17005809,5,2017-01-10T10:40:00,2017-01-10,10:40:00,"300 Block Meyran Ave Pittsburgh, PA 15213",15213,N,Central Oakland,4,BURGLARY,3502 Burglary.,405,3,3,-79.95670299,40.43894379
1645,146783239,16240361,5,2016-12-28T18:00:00,2016-12-28,18:00:00,"4700 Block Friendship Ave Pittsburgh, PA 15224",15224,N,Bloomfield,5,BURGLARY,3502 Burglary.,809,7,2,-79.94896911,40.46345916
1594,-2867010851,17005623,5,2017-01-10T12:00:00,2017-01-10,12:00:00,"100 Block Madeline St Pittsburgh, PA 15210",15210,N,Carrick,3,BURGLARY,3502 Burglary.,2902,4,4,-79.98523039,40.39412656
1764,146794370,16240924,5,2016-12-28T21:45:00,2016-12-28,21:45:00,"700 Block Hazelwood Ave Pittsburgh, PA 15217",15217,N,Greenfield,4,BURGLARY,3502 Burglary.,1517,5,3,-79.93304793,40.41974508
1612,146625769,16239607,5,2016-12-26T14:30:00,2016-12-26,14:30:00,"700 Block Anaheim St Pittsburgh, PA 15219",15219,N,Upper Hill,2,BURGLARY,3502 Burglary.,506,6,3,-79.96313095,40.45256383
1628,146849658,16241387,5,2016-12-29T14:00:00,2016-12-29,14:00:00,"800 Block Gearing Ave Pittsburgh, PA 15210",15210,N,Beltzhoover,3,BURGLARY,3502 Burglary.,1809,3,4,-80.00512353,40.41570516
1638,146715092,16240317,5,2016-12-27T20:30:00,2016-12-27,20:30:00,"400 Block Denniston St Pittsburgh, PA 15206",15206,N,Shadyside,4,BURGLARY,3502 Burglary. / 3921 Theft by Unlawful Taking or Disposition.,708,8,2,-79.92013078,40.45459152
1706,146747013,16240534,5,2016-12-28T08:30:00,2016-12-28,08:30:00,"100 Block Wabash St Pittsburgh, PA 15220",15220,N,West End,6,BURGLARY,3502 Burglary. / 3304 Criminal Mischief.,2019,2,5,-80.03461426,40.43821952
1711,146954909,17000167,5,2017-01-01T04:35:00,2017-01-01,04:35:00,"1800 Block West Liberty Ave Pittsburgh, PA 15226",15226,N,Brookline,6,BURGLARY,3502 Burglary.,1917,4,5,-80.0185628,40.40639768
1732,146744557,16240525,5,2016-12-28T08:15:00,2016-12-28,08:15:00,"100 Block Wabash St Pittsburgh, PA 15220",15220,N,West End,6,BURGLARY,3502 Burglary.,2019,2,5,-80.03461426,40.43821952
1893,147510469,17005235,5,2017-01-09T18:15:00,2017-01-09,18:15:00,"400 Block N Taylor Ave Pittsburgh, PA 15212",15212,N,Central North Side,1,BURGLARY,3502 Burglary.,2206,1,1,-80.01129782,40.45693301
1794,146964732,17000361,5,2017-01-01T13:42:00,2017-01-01,13:42:00,"200 Block East Ohio St Pittsburgh, PA 15212",15212,Y,Allegheny Center,1,BURGLARY,"3502 Burglary. / 2701(a)(1) Simple Assault - Intent., Know., Reckless.Cause Bod. Injury",2204,1,1,-80.00366043,40.45302239
1870,147420723,17003976,5,2017-01-07T14:00:00,2017-01-07,14:00:00,"100 Block Angena Dr Pittsburgh, PA 15205",15205,N,Oakwood,6,BURGLARY,3502 Burglary.,2812,2,5,-80.06706667,40.42313404
1877,146949960,16242662,5,2016-12-31T23:00:00,2016-12-31,23:00:00,"3900 Block Cabinet Way Pittsburgh, PA 15201",15201,Y,Lower Lawrenceville,2,BURGLARY,3502 Burglary.,603,7,2,-79.95967167,40.4635109
1887,147371612,17003364,5,2017-01-06T13:15:00,2017-01-06,13:15:00,"400 Block East Ohio St Pittsburgh, PA 15212",15212,N,East Allegheny,1,BURGLARY,3502 Burglary.,2304,1,1,-80.00153324,40.45347051
1901,147224749,17002192,5,2017-01-04T15:37:00,2017-01-04,15:37:00,"1900 Block Arlington Ave Pittsburgh, PA 15210",15210,N,Arlington,3,BURGLARY,3502 Burglary.,1603,3,4,-79.9805088,40.41750412
1907,147093247,17001359,5,2017-01-03T06:30:00,2017-01-03,06:30:00,"6300 Block Broad St Pittsburgh, PA 15206",15206,N,East Liberty,5,BURGLARY,3502 Burglary.,1115,9,2,-79.91829017,40.46058003
1932,147254519,17002525,5,2017-01-05T00:30:00,2017-01-05,00:30:00,"1700 Block Trinity St Pittsburgh, PA 15206",15206,N,Stanton Heights,5,BURGLARY,3502 Burglary.,1018,7,2,-79.9304977,40.48693327
1940,147206043,17002098,5,2017-01-04T12:20:00,2017-01-04,12:20:00,"100 Block 44th St Pittsburgh, PA 15201",15201,N,Central Lawrenceville,2,BURGLARY,3502 Burglary.,901,7,2,-79.96281388,40.47348122
1942,147236938,17002321,5,2017-01-04T18:15:00,2017-01-04,18:15:00,"200 Block E Elizabeth St Pittsburgh, PA 15207",15207,N,Hazelwood,4,BURGLARY,3502 Burglary.,1515,5,3,-79.94136473,40.40718366
1950,147440997,17004441,5,2017-01-07T23:46:00,2017-01-07,23:46:00,"1100 Block Brownsville Rd Pittsburgh, PA 15210",15210,N,Carrick,3,BURGLARY,3502 Burglary.,2902,4,4,-79.99089923,40.40493936
1959,147619307,17006152,5,2017-01-11T06:30:00,2017-01-11,06:30:00,"100 Block S 15th St Pittsburgh, PA 15203",15203,N,South Side Flats,3,BURGLARY,3502 Burglary.,1702,3,4,-79.98353135,40.4279461
1975,147332124,17002981,5,2017-01-05T19:13:00,2017-01-05,19:13:00,"7300 Block Hermitage St Pittsburgh, PA 15208",15208,N,Homewood North,5,BURGLARY,3502 Burglary.,1302,9,2,-79.89300145,40.45963884
1984,147484631,17005008,5,2017-01-09T11:00:00,2017-01-09,11:00:00,"7500 Block Mulford St Pittsburgh, PA 15208",15208,N,Homewood South,5,BURGLARY,3502 Burglary.,1304,9,2,-79.89128,40.45258146
2017,147784498,17007424,5,2017-01-13T03:10:00,2017-01-13,03:10:00,"3000 Block Penn Ave Pittsburgh, PA 15201",15201,Y,Strip District,2,BURGLARY,3502 Burglary. / 5505 Public Drunkenness,203,7,6,-79.97246805,40.45874494
2061,148362388,17012986,5,2017-01-21T19:00:00,2017-01-21,19:00:00,"6600 Block Rowan St Pittsburgh, PA 15206",15206,N,Lincoln-Lemington-Belmar,5,BURGLARY,3502 Burglary. / 3921 Theft by Unlawful Taking or Disposition.,1203,9,2,-79.90453519,40.4651103
2092,148248990,17011473,5,2017-01-19T13:26:00,2017-01-19,13:26:00,"100 Block Monastery Ave Pittsburgh, PA 15203",15203,N,South Side Slopes,3,BURGLARY,3502 Burglary.,1706,3,4,-79.98445541,40.42208854
2093,-2818001608,17011565,5,2017-01-19T14:30:00,2017-01-19,14:30:00,"800 Block Ivy St Pittsburgh, PA 15232",15232,N,Shadyside,4,BURGLARY,3502 Burglary.,703,8,2,-79.93224244,40.45165361
2119,147947241,17009687,5,2017-01-14T20:00:00,2017-01-14,20:00:00,"6200 Block Kentucky Ave Pittsburgh, PA 15206",15206,N,Shadyside,4,BURGLARY,3502 Burglary.,706,8,2,-79.92271862,40.4532369
2132,147775656,17007242,5,2017-01-12T19:35:00,2017-01-12,19:35:00,"900 Block Madison Ave Pittsburgh, PA 15212",15212,N,East Allegheny,1,BURGLARY,3502 Burglary.,2304,1,1,-79.99721207,40.45588202
2179,148065463,17010406,5,2017-01-17T20:20:00,2017-01-17,20:20:00,"2000 Block Tustin St Pittsburgh, PA 15219",15219,N,Bluff,2,BURGLARY,3502 Burglary.,103,6,3,-79.97766334,40.43676367
2192,147911075,17009407,5,2017-01-16T06:36:00,2017-01-16,06:36:00,"600 Block Bingham St Pittsburgh, PA 15203",15203,Y,South Side Flats,3,BURGLARY,3502 Burglary.,1702,3,4,-79.99341619,40.42921389
2228,148369836,17013262,5,2017-01-22T03:11:00,2017-01-22,03:11:00,"300 Block Atwood St Pittsburgh, PA 15213",15213,N,Central Oakland,4,BURGLARY,3502 Burglary.,405,3,3,-79.95594514,40.43951759
2230,-2863021684,17013437,5,2017-01-22T13:30:00,2017-01-22,13:30:00,"600 Block Larose St Pittsburgh, PA 15226",15226,N,Brookline,6,BURGLARY,3502 Burglary.,1917,4,4,-80.01425387,40.40795248
2243,147949214,17009690,5,2017-01-16T17:00:00,2017-01-16,17:00:00,"1700 Block Broadway Ave Pittsburgh, PA 15216",15216,N,Beechview,6,BURGLARY,3502 Burglary.,1916,4,5,-80.025281,40.40847144
2259,148390695,17013520,5,2017-01-22T16:30:00,2017-01-22,16:30:00,"7300 Block Tioga St Pittsburgh, PA 15208",15208,N,Homewood South,5,BURGLARY,3502 Burglary.,1303,9,2,-79.8959034,40.45341587
2295,148479631,17014318,5,2017-01-24T01:15:00,2017-01-24,01:15:00,"400 Block Beltzhoover Ave Pittsburgh, PA 15210",15210,N,Beltzhoover,3,BURGLARY,3502 Burglary.,1809,3,4,-79.99751374,40.41901427
2302,-2879012048,17014040,5,2017-01-21T18:00:00,2017-01-21,18:00:00,"300 Block Orchard Pl Pittsburgh, PA 15210",15210,N,Knoxville,3,BURGLARY,3502 Burglary.,3001,3,4,-79.99342488,40.41788931
2312,147819935,17007665,5,2017-01-13T11:00:00,2017-01-13,11:00:00,"7300 Block Hermitage St Pittsburgh, PA 15208",15208,N,Homewood North,5,BURGLARY,3502 Burglary.,1302,9,2,-79.89300145,40.45963884
2321,148213654,17011335,5,2017-01-19T07:50:00,2017-01-19,07:50:00,"100 Block W North Ave Pittsburgh, PA 15212",15212,N,Central North Side,1,BURGLARY,3502 Burglary.,2206,1,1,-80.00785047,40.455505
2323,148555726,17014772,5,2017-01-24T19:43:00,2017-01-24,19:43:00,"E Carson St & S 2nd St Pittsburgh, PA 15219",15219,N,South Side Flats,3,BURGLARY,3502 Burglary.,1702,3,5,-79.99914231,40.43012761
2328,148549124,17014687,5,2017-01-24T16:44:00,2017-01-24,16:44:00,"400 Block Orchard Pl Pittsburgh, PA 15210",15210,N,Knoxville,3,BURGLARY,3502 Burglary. / 3304 Criminal Mischief.,3001,3,4,-79.99555662,40.41774013
2332,148287630,17011932,5,2017-01-20T07:00:00,2017-01-20,07:00:00,"200 Block Institute St Pittsburgh, PA 15210",15210,N,Bon Air,3,BURGLARY,3502 Burglary.,1806,4,4,-80.00174279,40.40926776
2362,-2816001882,17008969,5,2017-01-15T11:30:00,2017-01-15,11:30:00,"300 Block Joncaire St Pittsburgh, PA 15213",15213,N,Central Oakland,4,BURGLARY,3502 Burglary.,405,3,3,-79.9536878,40.44049872
2399,147899611,17009219,5,2017-01-15T21:05:00,2017-01-15,21:05:00,"3400 Block Parkview Ave Pittsburgh, PA 15213",15213,N,Central Oakland,4,BURGLARY,3502 Burglary. / 3921(a) Theft by Unlawful Taking or Disposition - Movable item,406,3,3,-79.95183192,40.43463456
2413,147941539,17009579,5,2017-01-16T13:57:00,2017-01-16,13:57:00,"2400 Block Rhine St Pittsburgh, PA 15212",15212,N,Spring Hill-City View,1,BURGLARY,3502 Burglary. / 901 Criminal Attempt,2620,1,1,-79.99313383,40.46838995
2417,147851192,17008200,5,2017-01-13T12:00:00,2017-01-13,12:00:00,"4600 Block Saline St Pittsburgh, PA 15217",15217,N,Squirrel Hill South,4,BURGLARY,3502 Burglary. / 3304 Criminal Mischief.,1414,5,3,-79.92418684,40.41584209
2453,-2761031985,17010854,5,2017-01-18T14:20:00,2017-01-18,14:20:00,"5000 Block Broad St Pittsburgh, PA 15224",15224,N,Garfield,5,BURGLARY,3502 Burglary.,1017,9,2,-79.94371065,40.46657411
2454,148270110,17011576,5,2017-01-19T16:20:00,2017-01-19,16:20:00,"100 Block Maywood St Pittsburgh, PA 15214",15214,Y,Perry South,1,BURGLARY,3502 Burglary.,2614,6,1,-80.0106134,40.46738174
2475,147770165,17007135,5,2017-01-12T14:30:00,2017-01-12,14:30:00,"60 Block Ruth St Pittsburgh, PA 15211",15211,N,Mount Washington,3,BURGLARY,3502 Burglary.,1915,2,5,-80.00524344,40.42484008
2504,147747977,17007047,5,2017-01-12T14:25:00,2017-01-12,14:25:00,"40 Block James Henry Jr Pl pittsburgh, PA 15213",15213,N,Middle Hill,2,BURGLARY,3502 Burglary.,501,6,3,-79.97080603,40.44330935
2520,147856367,17008306,5,2017-01-14T10:30:00,2017-01-14,10:30:00,"3800 Block Bigelow Blvd Pittsburgh, PA 15213",15213,N,North Oakland,4,BURGLARY,3502 Burglary.,507,6,3,-79.95511098,40.45687624
2535,148068794,17010452,5,2017-01-17T20:30:00,2017-01-17,20:30:00,"20 Block Almeda St Pittsburgh, PA 15207",15207,N,Hazelwood,4,BURGLARY,3502 Burglary.,1515,5,3,-79.94103262,40.40296134
2616,-2863021640,17011179,5,2017-01-19T15:00:00,2017-01-19,15:00:00,"2700 Block Stafford St Pittsburgh, PA 15204",15204,N,Sheraden,6,BURGLARY,3502 Burglary.,2018,2,5,-80.04814348,40.45454117
2636,148444308,17013667,5,2017-01-22T22:30:00,2017-01-22,22:30:00,"900 Block Brookline Blvd Pittsburgh, PA 15226",15226,N,Brookline,6,BURGLARY,3502 Burglary.,1918,4,4,-80.01918649,40.39287148
2693,148377725,17013366,5,2017-01-22T11:30:00,2017-01-22,11:30:00,"100 Block Chalfont St Pittsburgh, PA 15210",15210,N,Beltzhoover,3,BURGLARY,3502 Burglary.,1809,3,4,-80.00584309,40.41651095
2738,148536613,17014609,5,2017-01-24T14:20:00,2017-01-24,14:20:00,"400 Block Augusta St Pittsburgh, PA 15211",15211,N,Duquesne Heights,3,BURGLARY,3502 Burglary.,1911,2,5,-80.02390219,40.43609228
2756,148465263,17014046,5,2017-01-23T14:00:00,2017-01-23,14:00:00,"100 Block Sweetbriar St Pittsburgh, PA 15211",15211,N,Duquesne Heights,3,BURGLARY,3502 Burglary.,1911,2,5,-80.0215422,40.43920508
2783,148500438,17014009,5,2017-01-23T14:20:00,2017-01-23,14:20:00,"1000 Block Shreve St Pittsburgh, PA 15212",15212,N,Spring Hill-City View,1,BURGLARY,3502 Burglary.,2620,1,1,-79.99889061,40.47038174
2823,147837000,17007910,5,2017-01-13T19:11:00,2017-01-13,19:11:00,"1400 Block Eleanor St Pittsburgh, PA 15210",15210,N,South Side Slopes,3,BURGLARY,3502 Burglary.,1608,3,4,-79.97273958,40.41879456
2851,148324339,17012372,5,2017-01-20T20:50:00,2017-01-20,20:50:00,"2000 Block Rose St Pittsburgh, PA 15219",15219,N,Crawford-Roberts,2,BURGLARY,3502 Burglary.,305,6,3,-79.97962466,40.44265499
2864,147903023,17009363,5,2017-01-15T19:10:00,2017-01-15,19:10:00,"2900 Block N Charles St Pittsburgh, PA 15214",15214,N,Perry South,1,BURGLARY,3502 Burglary.,2615,6,1,-80.01113783,40.47045985
2889,148265230,17011486,5,2017-01-19T15:16:00,2017-01-19,15:16:00,"200 Block Madeline St Pittsburgh, PA 15210",15210,N,Carrick,3,BURGLARY,3502 Burglary.,2902,4,4,-79.98276581,40.39338071
2925,147852442,17008211,5,2017-01-14T07:00:00,2017-01-14,07:00:00,"2600 Block Smallman St Pittsburgh, PA 15222",15222,N,Strip District,2,BURGLARY,3502 Burglary.,203,7,6,-79.97847225,40.45580193
2969,147963650,17009860,5,2017-01-16T23:30:00,2017-01-16,23:30:00,"1600 Block Broadway Ave Pittsburgh, PA 15216",15216,N,Beechview,6,BURGLARY,3502 Burglary.,1920,4,5,-80.02494761,40.41044189
2977,147770943,17007188,5,2017-01-12T17:30:00,2017-01-12,17:30:00,"7000 Block Hamilton Ave Pittsburgh, PA 15208",15208,N,Homewood South,5,BURGLARY,3502 Burglary.,1303,9,2,-79.90220845,40.4556325
2984,148175308,17011069,5,2017-01-18T20:23:00,2017-01-18,20:23:00,"300 Block S Atlantic Ave Pittsburgh, PA 15224",15224,N,Bloomfield,5,BURGLARY,3502 Burglary.,806,7,2,-79.9392515,40.46184403
2996,148236604,17003734,5,2017-01-06T23:00:00,2017-01-06,23:00:00,"600 Block 1st Ave Pittsburgh, PA 15219",15219,Y,Spring Hill-City View,1,BURGLARY,3502 Burglary.,2620,6,6,-79.99630099,40.43469659
3001,147791235,17007484,5,2017-01-13T06:30:00,2017-01-13,06:30:00,"900 Block N Murtland St Pittsburgh, PA 15208",15208,N,Homewood North,5,BURGLARY,3502 Burglary.,1301,9,2,-79.90104113,40.45848802
3002,147941358,17009606,5,2017-01-15T20:00:00,2017-01-15,20:00:00,"5800 Block Beacon St Pittsburgh, PA 15217",15217,N,Squirrel Hill South,4,BURGLARY,3502 Burglary.,1408,5,3,-79.92270467,40.43471505
3008,148140174,17010820,5,2017-01-18T13:00:00,2017-01-18,13:00:00,"500 Block Oak Hill Dr Pittsburgh, PA 15213",15213,N,Terrace Village,2,BURGLARY,3502 Burglary.,510,6,3,-79.96984075,40.44327214
3019,148185666,17011217,5,2017-01-19T01:00:00,2017-01-19,01:00:00,"10 Block Jacob St Pittsburgh, PA 15234",15234,N,Overbrook,3,BURGLARY,3502 Burglary.,3207,4,4,-79.99721572,40.38563977
3031,148162647,17010955,5,2017-01-18T17:00:00,2017-01-18,17:00:00,"3400 Block Denny St Pittsburgh, PA 15201",15201,N,Lower Lawrenceville,2,BURGLARY,3502 Burglary.,603,7,2,-79.96594813,40.46166787
3068,148285526,17011916,5,2017-01-20T05:33:00,2017-01-20,05:33:00,"2400 Block Perrysville Ave Pittsburgh, PA 15214",15214,N,Perry South,1,BURGLARY,3502 Burglary.,2614,6,1,-80.00981673,40.46761646
3089,148481138,17014346,5,2017-01-24T02:30:00,2017-01-24,02:30:00,"2100 Block Abel St Pittsburgh, PA 15210",15210,N,Arlington,3,BURGLARY,3502 Burglary.,1603,3,4,-79.97723966,40.41644017
3116,148444043,17013904,5,2017-01-22T12:00:00,2017-01-22,12:00:00,"400 Block Hammond St Pittsburgh, PA 15204",15204,N,Sheraden,6,BURGLARY,3502 Burglary.,2018,2,5,-80.0497466,40.45601095
3137,148549812,17014702,5,2017-01-24T17:30:00,2017-01-24,17:30:00,"60 Block Semicir St Pittsburgh, PA 15214",15214,N,Perry North,1,BURGLARY,3502 Burglary.,2602,1,1,-80.01842645,40.48747478
3174,148027657,17010121,5,2017-01-17T12:50:00,2017-01-17,12:50:00,"1100 Block Langtry St Pittsburgh, PA 15212",15212,N,Marshall-Shadeland,1,BURGLARY,3502 Burglary.,2715,1,1,-80.02818677,40.47742159
3200,148350558,17012765,5,2017-01-21T13:00:00,2017-01-21,13:00:00,"1900 Block Federal Ext N Pittsburgh, PA 15214",15214,N,Perry South,1,BURGLARY,3502 Burglary. / 3921 Theft by Unlawful Taking or Disposition. / 3304(a)(5) CRIMINAL MISCHIEF - Intentionally Damages Real Or Personal Property Of Another,2614,6,1,-80.00856679,40.46247928
3233,148321357,17011576,5,2017-01-19T16:20:00,2017-01-19,16:20:00,"100 Block Maywood St Pittsburgh, PA 15214",15214,Y,Perry South,1,BURGLARY,3502 Burglary.,2614,6,1,-80.0106134,40.46738174
3297,147731094,17006900,5,2017-01-12T10:20:00,2017-01-12,10:20:00,"1000 Block Blackadore St Pittsburgh, PA 15221",15221,N,Homewood North,5,BURGLARY,3502 Burglary.,1301,9,2,-79.88325344,40.45766282
3315,147948704,17009700,5,2017-01-15T00:01:00,2017-01-15,00:01:00,"1700 Block E Carson St Pittsburgh, PA 15203",15203,N,South Side Flats,3,BURGLARY,3502 Burglary.,1702,3,4,-79.98186901,40.4285852
3318,148061214,17010387,5,2017-01-16T20:00:00,2017-01-16,20:00:00,"200 Block Jucunda St Pittsburgh, PA 15210",15210,N,Knoxville,3,BURGLARY,3502 Burglary.,3001,3,4,-79.99104892,40.41718259
3343,147836913,17006636,5,2017-01-11T22:56:00,2017-01-11,22:56:00,"70 Block Pedro Way Pittsburgh, PA 15210",15210,Y,West Oakland,4,BURGLARY,3502 Burglary. / 3304(a)(5) CRIMINAL MISCHIEF - Intentionally Damages Real Or Personal Property Of Another,402,3,4,-79.99702755,40.42302453
3346,148159108,17010957,5,2017-01-18T17:30:00,2017-01-18,17:30:00,"3300 Block Allendale St Pittsburgh, PA 15204",15204,N,Sheraden,6,BURGLARY,3502 Burglary.,2022,2,5,-80.06221158,40.45673358
3371,148044921,17010218,5,2017-01-17T15:00:00,2017-01-17,15:00:00,"200 Block Clover St Pittsburgh, PA 15210",15210,N,Arlington,3,BURGLARY,3502 Burglary. / 3921 Theft by Unlawful Taking or Disposition.,1603,3,4,-79.9716703,40.41595935
3373,148270750,17011519,5,2017-01-19T14:39:00,2017-01-19,14:39:00,"100 Block Orchard Pl Pittsburgh, PA 15210",15210,N,Knoxville,3,BURGLARY,3502 Burglary.,3001,3,4,-79.98823229,40.41808239
3384,148166463,17011017,5,2017-01-18T19:00:00,2017-01-18,19:00:00,"4400 Block Morefield St Pittsburgh, PA 15214",15214,N,Summer Hill,1,BURGLARY,3502 Burglary.,2612,1,1,-80.01514575,40.4969384
3438,148334294,17012560,5,2017-01-20T07:10:00,2017-01-20,07:10:00,"3500 Block Gerber Ave Pittsburgh, PA 15212",15212,N,Brighton Heights,1,BURGLARY,3502 Burglary.,2703,1,1,-80.03341058,40.47954726
3469,148293554,17011500,5,2017-01-19T13:50:00,2017-01-19,13:50:00,"200 Block Paul St Pittsburgh, PA 15211",15211,N,Mount Washington,3,BURGLARY,3502 Burglary.,1915,2,5,-80.01003506,40.4224154
3505,148389437,17011652,5,2017-01-19T18:27:00,2017-01-19,18:27:00,"10 Block Camfield St Pittsburgh, PA 15210",15210,N,Bon Air,3,BURGLARY,3502 Burglary.,1806,4,4,-79.99736737,40.41088652
3590,-2746015727,17014652,5,2017-01-24T08:30:00,2017-01-24,08:30:00,"1200 Block Gallupe Dr Pittsburgh, PA 15226",15226,N,Brookline,6,BURGLARY,3502 Burglary.,3206,4,4,-80.01128974,40.39525441
1754,146923761,16242159,26,2016-12-31T01:07:00,2016-12-31,01:07:00,"N Braddock Ave & Tioga St Pittsburgh, PA 15208",15208,Y,Homewood South,5,CONCEALING DEATH BASTARD CHILD,4303 General Lighting Requirements. / 3802(a)(1) DUI - General Impairment,1303,9,2,-79.89163849,40.45196886
3267,148338964,17012568,26,2017-01-21T03:00:00,2017-01-21,03:00:00,"Grant St & 5th Ave Pittsburgh, PA 15219",15219,Y,Central Business District,2,CONCEALING DEATH BASTARD CHILD,4303 General Lighting Requirements. / 9501 Bench Warrant / 1543 Driving While Operating Privilege is Suspended or Revoked.,201,6,6,-79.99680807,40.4393871
2387,147893430,17009062,26,2017-01-15T17:30:00,2017-01-15,17:30:00,"5400 Block Black St Pittsburgh, PA 15206",15206,N,Garfield,5,CORRUPTION OF MINORS,6301 Corruption of Minors.,1114,9,2,-79.93279281,40.47042797
341,147424012,17004064,11,2017-01-07T08:00:00,2017-01-07,08:00:00,"6900 Block Lemington Ave Pittsburgh, PA 15206",15206,N,Lincoln-Lemington-Belmar,5,CREDIT CARDS,4106 Access Device Fraud,1201,9,2,-79.90442858,40.47388538
360,147321202,17002823,11,2017-01-05T14:57:00,2017-01-05,14:57:00,"100 Block Federal St S Pittsburgh, PA 15212",15212,N,North Shore,1,CREDIT CARDS,4106 Access Device Fraud / 4120 Identity Theft,2205,1,6,-80.00376367,40.44779138
399,147367530,17003385,11,2016-12-30T23:59:00,2016-12-30,23:59:00,"2500 Block Mt Royal Rd Pittsburgh, PA 15217",15217,N,Squirrel Hill South,4,CREDIT CARDS,4106 Access Device Fraud / 4120 Identity Theft,1408,5,3,-79.91237087,40.42810524
646,146973091,17000474,11,2016-12-31T16:28:00,2016-12-31,16:28:00,"900 Block Freeport Rd Pittsburgh, PA 15238",15238,N,Lincoln-Lemington-Belmar,5,CREDIT CARDS,4106 Access Device Fraud,1201,9,2,-79.89431722,40.48808181
736,146920104,16242029,11,2016-12-30T00:01:00,2016-12-30,00:01:00,"1400 Block Centre Ave Pittsburgh, PA 15219",15219,N,Central Business District,2,CREDIT CARDS,4120 Identity Theft / 4106 Access Device Fraud,201,6,6,-79.98769558,40.44040542
837,147376750,17003491,11,2017-01-06T00:01:00,2017-01-06,00:01:00,"1900 Block Walton Ave Pittsburgh, PA 15210",15210,Y,Carrick,3,CREDIT CARDS,4106 Access Device Fraud,2901,4,4,-79.99467022,40.39422495
877,147663065,17006463,11,2017-01-11T00:01:00,2017-01-11,00:01:00,"500 Block S Aiken Ave Pittsburgh, PA 15232",15232,N,Shadyside,4,CREDIT CARDS,4106 Access Device Fraud,709,8,2,-79.93860414,40.4556433
883,147676277,17006544,11,2017-01-11T18:45:00,2017-01-11,18:45:00,"2000 Block Centre Ave Pittsburgh, PA 15219",15219,N,Crawford-Roberts,2,CREDIT CARDS,4106 Access Device Fraud,305,6,3,-79.9799791,40.44358094
1037,147124342,17001670,11,2017-01-03T18:04:00,2017-01-03,18:04:00,"400 Block N Negley Ave Pittsburgh, PA 15206",15206,N,East Liberty,5,CREDIT CARDS,4106 Access Device Fraud,1115,9,2,-79.92823627,40.46676258
1391,147614265,17005681,11,2017-01-10T04:00:00,2017-01-10,04:00:00,"100 Block Oakbrook Cir Pittsburgh, PA 15220",15220,N,Westwood,6,CREDIT CARDS,4106 Access Device Fraud,2811,2,5,-80.0461547,40.43099532
1429,147476858,17004974,11,2017-01-06T12:00:00,2017-01-06,12:00:00,"1200 Block N Sheridan Ave Pittsburgh, PA 15206",15206,N,Highland Park,5,CREDIT CARDS,4106 Access Device Fraud,1106,7,2,-79.91576866,40.47451154
1538,147402270,17003764,11,2017-01-06T22:15:00,2017-01-06,22:15:00,"100 Block Madonna St Pittsburgh, PA 15221",15221,N,East Hills,5,CREDIT CARDS,4106 Access Device Fraud / 3928 Unauthorized Use of Automobile and Other Vehicles.,1306,9,2,-79.87384584,40.45857326
1741,146896868,16241747,11,2016-12-29T23:00:00,2016-12-29,23:00:00,"3600 Block Perrysville Ave Pittsburgh, PA 15214",15214,N,Perry North,1,CREDIT CARDS,4106 Access Device Fraud,2607,1,1,-80.01468901,40.48459237
1866,147367524,17003390,11,2017-01-06T13:40:00,2017-01-06,13:40:00,"2000 Block Centre Ave Pittsburgh, PA 15219",15219,Y,Crawford-Roberts,2,CREDIT CARDS,4106 Access Device Fraud,305,6,3,-79.9799791,40.44358094
1988,148113244,17010730,11,2017-01-17T13:00:00,2017-01-17,13:00:00,"1300 Block Federal  (Northside Beer & Beverage) St N Pittsburgh, PA 15212",15212,N,Central North Side,1,CREDIT CARDS,4106 Access Device Fraud,2206,,,0,0
2088,147951864,17009691,11,2016-12-29T23:59:00,2016-12-29,23:59:00,"300 Block N Craig St Pittsburgh, PA 15213",15213,N,North Oakland,4,CREDIT CARDS,4106 Access Device Fraud,507,8,3,-79.94938724,40.44559065
2528,147855875,17008310,11,2017-01-03T08:01:00,2017-01-03,08:01:00,"1600 Block Graymore St Pittsburgh, PA 15216",15216,Y,Beechview,6,CREDIT CARDS,4106 Access Device Fraud,1916,2,5,-80.03006149,40.41272808
2655,148354864,17012881,11,2017-01-21T12:00:00,2017-01-21,12:00:00,"5500 Block Bartlett St Pittsburgh, PA 15217",15217,N,Squirrel Hill South,4,CREDIT CARDS,4105(a)(1) Bad Checks / 4106 Access Device Fraud,1413,5,3,-79.930349,40.4352012
2942,147830376,17007807,11,2017-01-11T11:00:00,2017-01-11,11:00:00,"400 Block Kilbourne St Pittsburgh, PA 15207",15207,N,Hazelwood,4,CREDIT CARDS,4106 Access Device Fraud,1515,5,3,-79.93744958,40.41124485
2973,148040333,17010133,11,2017-01-17T13:11:00,2017-01-17,13:11:00,"3900 Block Raff St Pittsburgh, PA 15207",15207,N,Greenfield,4,CREDIT CARDS,4106 Access Device Fraud,1516,5,3,-79.94334469,40.42619866
3057,148274119,17011731,11,2017-01-19T13:13:00,2017-01-19,13:13:00,"5500 Block Walnut St Pittsburgh, PA 15232",15232,N,Shadyside,4,CREDIT CARDS,4106 Access Device Fraud,703,8,2,-79.9335939,40.45096608
3162,148467145,17014118,11,2017-01-08T00:01:00,2017-01-08,00:01:00,"2300 Block Wilson Ave Pittsburgh, PA 15214",15214,N,Perry South,1,CREDIT CARDS,4106 Access Device Fraud,2614,6,1,-80.01309116,40.46664719
3164,148471848,17014187,11,2017-01-23T00:01:00,2017-01-23,00:01:00,"5300 Block Gertrude St Pittsburgh, PA 15207",15207,N,Hazelwood,4,CREDIT CARDS,4106 Access Device Fraud,1515,5,3,-79.94171518,40.4046132
3260,148357534,17012941,11,2017-01-20T18:20:00,2017-01-20,18:20:00,"300 Block Cedar Ave Pittsburgh, PA 15212",15212,N,East Allegheny,1,CREDIT CARDS,4106 Access Device Fraud,2304,1,1,-80.00084389,40.45089272
3302,147767476,17007120,11,2017-01-09T00:01:00,2017-01-09,00:01:00,"300 Block Lucilla St Pittsburgh, PA 15218",15218,N,Swisshelm Park,4,CREDIT CARDS,4120 Identity Theft / 4106 Access Device Fraud,1411,5,3,-79.89989329,40.42442532
3307,147776745,17007287,11,2017-01-12T00:01:00,2017-01-12,00:01:00,"500 Block S Aiken Ave Pittsburgh, PA 15232",15232,N,Shadyside,4,CREDIT CARDS,4106 Access Device Fraud,709,8,2,-79.93860414,40.4556433
3348,148254660,17011528,11,2017-01-19T00:01:00,2017-01-19,00:01:00,"3900 Block Perrysville Ave Pittsburgh, PA 15214",15214,N,Perry North,1,CREDIT CARDS,4106 Access Device Fraud / 4120 Identity Theft,2602,1,1,-80.01811396,40.48961363
3354,148060803,17010348,11,2017-01-09T20:24:00,2017-01-09,20:24:00,"5100 Block Hillcrest St Pittsburgh, PA 15224",15224,N,Garfield,5,CREDIT CARDS,4106 Access Device Fraud,1017,9,2,-79.94187888,40.46849763
3462,148314488,17012323,11,2017-01-20T16:37:00,2017-01-20,16:37:00,"200 Block 5th Ave Pittsburgh, PA 15222",15222,N,Central Business District,2,CREDIT CARDS,4106 Access Device Fraud,201,6,6,-80.00207379,40.44122843
12,147272023,17001309,14,2017-01-04T12:55:00,2017-01-04,12:55:00,"3600 Block Dawson St Pittsburgh, PA 15213",15213,N,Central Oakland,4,CRIM MISCHIEF,3304 Criminal Mischief.,406,3,3,-79.95253218,40.43623825
17,147440353,17004412,14,2017-01-08T08:00:00,2017-01-08,08:00:00,"100 Block 50th St Pittsburgh, PA 15201",15201,N,Central Lawrenceville,2,CRIM MISCHIEF,3304 Criminal Mischief. / 3745 Accidents Involving Damage to Unattended Veh.or Prop.,901,7,2,-79.95752174,40.47918477
45,146710500,16240274,14,2016-12-27T19:24:00,2016-12-27,19:24:00,"2100 Block Pauline Ave Pittsburgh, PA 15216",15216,N,Beechview,6,CRIM MISCHIEF,3304 Criminal Mischief.,1920,4,5,-80.02611668,40.4051254
51,146750581,16240628,14,2016-12-28T10:00:00,2016-12-28,10:00:00,"20 Block Monastery St Pittsburgh, PA 15203",15203,N,South Side Slopes,3,CRIM MISCHIEF,3304 Criminal Mischief.,1706,3,4,-79.98533684,40.42327188
73,146848804,16241407,14,2016-12-29T18:05:00,2016-12-29,18:05:00,"6200 Block St Marie St Pittsburgh, PA 15206",15206,N,East Liberty,5,CRIM MISCHIEF,3304 Criminal Mischief.,1113,9,2,-79.91809039,40.46791598
75,146856875,16241479,14,2016-12-29T00:30:00,2016-12-29,00:30:00,"Roland St & S 16th St Pittsburgh, PA 15203",15203,N,South Side Flats,3,CRIM MISCHIEF,3304 Criminal Mischief.,1702,3,4,-79.98283645,40.42854098
80,146925815,16242246,14,2016-12-31T05:05:00,2016-12-31,05:05:00,"2300 Block Brownsville Rd Pittsburgh, PA 15210",15210,Y,Carrick,3,CRIM MISCHIEF,3304 Criminal Mischief. / 5505 Public Drunkenness / 3503.B1I DEF. TRESPASS ACTUAL COMMUNICATION,2902,4,4,-79.98551986,40.38904931
101,-2746015159,16242271,14,2016-12-31T07:00:00,2016-12-31,07:00:00,"60 Block Greenway Dr Pittsburgh, PA 15204",15204,N,Crafton Heights,6,CRIM MISCHIEF,3304 Criminal Mischief.,2814,2,5,-80.0514617,40.45081181
102,-2751001635,16242270,14,2016-12-31T07:00:00,2016-12-31,07:00:00,"2000 Block Brownsville Rd Pittsburgh, PA 15210",15210,N,Carrick,3,CRIM MISCHIEF,3304 Criminal Mischief.,2902,4,4,-79.98686442,40.39495799
132,146746699,16240547,14,2016-12-28T09:30:00,2016-12-28,09:30:00,"2100 Block Mission St Pittsburgh, PA 15203",15203,N,East Liberty,3,CRIM MISCHIEF,3304 Criminal Mischief.,1113,3,4,-79.97535772,40.42333146
147,146968728,17000440,14,2017-01-01T16:57:00,2017-01-01,16:57:00,"Bausman St & Mathews Ave Pittsburgh, PA 15210",15210,N,Bon Air,3,CRIM MISCHIEF,3304 Criminal Mischief.,1806,3,4,-79.99704672,40.41378775
180,146917933,16241956,14,2016-12-30T17:12:00,2016-12-30,17:12:00,"700 Block Brookline Blvd Pittsburgh, PA 15226",15226,Y,Brookline,6,CRIM MISCHIEF,3304 Criminal Mischief. / 9093 Indirect Criminal Contempt,1918,4,4,-80.0216923,40.39458318
182,146937233,16242403,14,2016-12-31T12:00:00,2016-12-31,12:00:00,"3100 Block Ashlyn St Pittsburgh, PA 15204",15204,N,Sheraden,6,CRIM MISCHIEF,3304 Criminal Mischief.,2018,2,5,-80.05635219,40.45607437
205,147090146,17001296,14,2017-01-03T06:30:00,2017-01-03,06:30:00,"40 Block 26th St Pittsburgh, PA 15222",15222,N,Strip District,2,CRIM MISCHIEF,3304 Criminal Mischief.,203,7,6,-79.97958389,40.45595171
210,-3011000084,16240021,14,2016-12-27T08:00:00,2016-12-27,08:00:00,"300 Block Whipple St Pittsburgh, PA 15218",15218,N,Swisshelm Park,4,CRIM MISCHIEF,3304 Criminal Mischief.,1411,5,3,-79.89901827,40.42325542
215,-2726011034,17000229,14,2017-01-01T08:30:00,2017-01-01,08:30:00,"3000 Block Josephine St Pittsburgh, PA 15203",15203,N,South Side Slopes,3,CRIM MISCHIEF,3304 Criminal Mischief.,1608,3,4,-79.96539972,40.42220588
251,147109895,17001511,14,2017-01-03T13:42:00,2017-01-03,13:42:00,"300 Block S Braddock Ave Pittsburgh, PA 15221",15221,N,Point Breeze,4,CRIM MISCHIEF,3304 Criminal Mischief.,1406,9,3,-79.89635002,40.44542498
256,147027418,17000851,14,2017-01-02T12:20:00,2017-01-02,12:20:00,"Bausman St & Bernd St Pittsburgh, PA 15210",15210,N,Beltzhoover,3,CRIM MISCHIEF,3304 Criminal Mischief.,1809,4,4,-79.99812471,40.41530517
257,147028486,17000230,14,2017-01-01T01:00:00,2017-01-01,01:00:00,"Rochelle St & Grimes Ave Pittsburgh, PA 15210",15210,N,Knoxville,3,CRIM MISCHIEF,3304 Criminal Mischief.,3001,3,4,-79.99301543,40.41503997
283,146947012,16242626,14,2016-12-31T21:05:00,2016-12-31,21:05:00,"S 18th St & Crosman St Pittsburgh, PA 15203",15203,N,South Side Slopes,3,CRIM MISCHIEF,3304 Criminal Mischief.,1706,3,4,-79.97926519,40.42172808
318,146964616,17000402,14,2017-01-01T09:00:00,2017-01-01,09:00:00,"400 Block Knox Ave Pittsburgh, PA 15210",15210,N,Allentown,3,CRIM MISCHIEF,3304 Criminal Mischief.,1803,3,4,-79.99114888,40.41910003
319,146965325,17000423,14,2017-01-01T15:50:00,2017-01-01,15:50:00,"100 Block Bausman St Pittsburgh, PA 15210",15210,N,Knoxville,3,CRIM MISCHIEF,3304 Criminal Mischief.,3001,,,-79.98805131,40.41437893
342,147427189,17004101,14,2016-12-28T23:00:00,2016-12-28,23:00:00,"6800 Block Kelly St Pittsburgh, PA 15208",15208,Y,Homewood West,5,CRIM MISCHIEF,3304 Criminal Mischief.,1207,9,2,-79.90617727,40.45746008
412,147387145,17003593,14,2017-01-06T19:00:00,2017-01-06,19:00:00,"2100 Block Centre Ave Pittsburgh, PA 15219",15219,N,Middle Hill,2,CRIM MISCHIEF,3304 Criminal Mischief.,501,6,3,-79.9789234,40.44439518
420,147424969,17003748,14,2017-01-07T02:10:00,2017-01-07,02:10:00,"1400 Block E Carson St Pittsburgh, PA 15203",15203,Y,South Side Flats,3,CRIM MISCHIEF,3304 Criminal Mischief. / 5505 Public Drunkenness,1702,3,4,-79.98403098,40.42864859
435,-2983000221,16241714,14,2016-12-30T08:50:00,2016-12-30,08:50:00,"900 Block Arlington Ave Pittsburgh, PA 15203",15203,N,South Side Slopes,3,CRIM MISCHIEF,3304 Criminal Mischief.,1706,3,4,-79.99066709,40.42522392
445,147492979,17004967,14,2017-01-09T10:45:00,2017-01-09,10:45:00,"7500 Block Hamilton Ave Pittsburgh, PA 15208",15208,N,Homewood South,5,CRIM MISCHIEF,3304 Criminal Mischief.,1303,9,2,-79.89248194,40.45342153
469,-2746015434,17006692,14,2017-01-12T00:16:00,2017-01-12,00:16:00,"900 Block Brookline Blvd Pittsburgh, PA 15226",15226,N,Brookline,6,CRIM MISCHIEF,3304 Criminal Mischief. / 2709(a)(6) Harassment Communicates Repeatedly at Extreme Hours,1919,4,4,-80.01918649,40.39287148
492,146963024,17000262,14,2017-01-01T10:15:00,2017-01-01,10:15:00,"600 Block Smithfield St Pittsburgh, PA 15219",15219,N,Central Business District,2,CRIM MISCHIEF,3304 Criminal Mischief.,201,6,6,-79.99740551,40.44152525
498,147030887,16241982,14,2016-12-30T15:30:00,2016-12-30,15:30:00,"1300 Block Sarah St Pittsburgh, PA 15203",15203,N,South Side Flats,3,CRIM MISCHIEF,3304 Criminal Mischief. / 3302 Causing or Risking Catastrophe. / 3301 Arson ,1702,3,4,-79.98512978,40.42749878
541,147224689,17002191,14,2017-01-04T12:00:00,2017-01-04,12:00:00,"S 12th St & Muriel St Pittsburgh, PA 15203",15203,N,South Side Flats,3,CRIM MISCHIEF,3304 Criminal Mischief.,1702,3,4,-79.98646806,40.43007914
548,-2911010317,17003277,14,2017-01-06T09:50:00,2017-01-06,09:50:00,"3800 Block Bigelow Blvd Pittsburgh, PA 15213",15213,N,North Oakland,4,CRIM MISCHIEF,3304 Criminal Mischief.,507,6,3,-79.95511098,40.45687624
560,147366625,17003278,14,2017-01-06T10:30:00,2017-01-06,10:30:00,"600 Block Haverhill St Pittsburgh, PA 15221",15221,N,East Hills,5,CRIM MISCHIEF,3304 Criminal Mischief.,1306,9,2,-79.8846954,40.45182203
567,147426835,16230705,14,2017-01-07T18:40:00,2017-01-07,18:40:00,"2200 Block Jane St Pittsburgh, PA 15203",15203,Y,South Side Flats,3,CRIM MISCHIEF,3304 Criminal Mischief.,1609,3,4,-79.97477379,40.42655146
583,-2932001362,17004220,14,2017-01-07T23:00:00,2017-01-07,23:00:00,"700 Block Carnival Way Pittsburgh, PA 15210",15210,N,Allentown,3,CRIM MISCHIEF,3304 Criminal Mischief.,1803,3,4,-79.99576237,40.42222854
586,146750592,16240603,14,2016-12-28T10:00:00,2016-12-28,10:00:00,"100 Block Stewart Ave Pittsburgh, PA 15227",15227,N,Carrick,3,CRIM MISCHIEF,3304 Criminal Mischief.,2904,4,4,-79.97947622,40.38252712
587,-2932001211,16240551,14,2016-12-28T09:00:00,2016-12-28,09:00:00,"900 Block E Carson St Pittsburgh, PA 15203",15203,N,South Side Flats,3,CRIM MISCHIEF,3304 Criminal Mischief.,1702,3,4,-79.98976989,40.42861965
600,147501200,17005208,14,2017-01-09T17:30:00,2017-01-09,17:30:00,"100 Block S 4th St Pittsburgh, PA 15203",15203,N,South Side Flats,3,CRIM MISCHIEF,3304 Criminal Mischief.,1702,3,4,-79.99623821,40.42957359
606,146633534,16239735,14,2016-12-26T18:20:00,2016-12-26,18:20:00,"7500 Block Meade St Pittsburgh, PA 15208",15208,N,Point Breeze North,4,CRIM MISCHIEF,3304 Criminal Mischief.,1405,9,2,-79.89506272,40.44812579
634,147499726,17003748,14,2017-01-07T02:10:00,2017-01-07,02:10:00,"1400 Block E Carson St Pittsburgh, PA 15203",15203,Y,South Side Flats,3,CRIM MISCHIEF,3304 Criminal Mischief. / 5505 Public Drunkenness,1702,3,4,-79.98403098,40.42864859
657,146844301,16236451,14,2016-12-29T14:30:00,2016-12-29,14:30:00,"500 Block Semple St Pittsburgh, PA 15213",15213,N,Central Oakland,4,CRIM MISCHIEF,3304 Criminal Mischief.,406,3,3,-79.95419774,40.43635406
676,146974920,17000547,14,2017-01-01T20:30:00,2017-01-01,20:30:00,"4700 Block Centre Ave Pittsburgh, PA 15213",15213,N,Shadyside,4,CRIM MISCHIEF,3304 Criminal Mischief. / 3745 Accidents Involving Damage to Unattended Veh.or Prop.,709,8,2,-79.94927741,40.45255125
699,146908503,16241895,14,2016-12-30T10:00:00,2016-12-30,10:00:00,"1900 Block Sidney St Pittsburgh, PA 15203",15203,N,South Side Flats,3,CRIM MISCHIEF,3304 Criminal Mischief.,1702,3,4,-79.97900164,40.42953578
700,146909026,16241885,14,2016-12-30T12:00:00,2016-12-30,12:00:00,"Wadsworth St & Eckstein Pl Pittsburgh, PA 15213",15213,N,Terrace Village,2,CRIM MISCHIEF,3304 Criminal Mischief.,510,6,3,-79.96814985,40.44282473
730,147654583,17006332,14,2017-01-11T14:00:00,2017-01-11,14:00:00,"3600 Block Mexico St Pittsburgh, PA 15212",15212,N,Brighton Heights,1,CRIM MISCHIEF,3304 Criminal Mischief.,2701,1,1,-80.04173917,40.47991862
769,147673015,17006500,14,2017-01-11T17:00:00,2017-01-11,17:00:00,"Beacon St & Murray Ave Pittsburgh, PA 15217",15217,N,Squirrel Hill South,4,CRIM MISCHIEF,3304 Criminal Mischief.,1408,5,3,-79.92283299,40.43475379
775,-2726011048,17000261,14,2017-01-01T10:30:00,2017-01-01,10:30:00,"10 Block Enon Way Pittsburgh, PA 15203",15203,N,South Side Flats,3,CRIM MISCHIEF,3304 Criminal Mischief.,1702,3,4,-79.98590097,40.42747284
786,146661214,16239962,14,2016-12-27T06:00:00,2016-12-27,06:00:00,"200 Block Semple St Pittsburgh, PA 15213",15213,N,Central Oakland,4,CRIM MISCHIEF,3304 Criminal Mischief. / 901 Criminal Attempt,405,3,3,-79.9588676,40.44015588
788,147627951,17006209,14,2017-01-11T09:00:00,2017-01-11,09:00:00,"2400 Block Bedford Ave Pittsburgh, PA 15219",15219,N,Bedford Dwellings,2,CRIM MISCHIEF,3304 Criminal Mischief.,509,6,3,-79.97427068,40.44960637
801,147679449,17006572,14,2017-01-11T07:00:00,2017-01-11,07:00:00,"800 Block Brushton Ave Pittsburgh, PA 15221",15221,N,Homewood South,5,CRIM MISCHIEF,3304 Criminal Mischief.,1304,9,2,-79.88837848,40.45461029
817,146664916,16240012,14,2016-12-27T09:45:00,2016-12-27,09:45:00,"2100 Block Broadway Ave Pittsburgh, PA 15216",15216,N,Beechview,6,CRIM MISCHIEF,3304 Criminal Mischief.,1920,4,5,-80.03021699,40.40513198
819,146675992,16240094,14,2016-12-27T06:30:00,2016-12-27,06:30:00,"100 Block Anderson St Pittsburgh, PA 15212",15212,N,North Shore,1,CRIM MISCHIEF,3304 Criminal Mischief.,2205,1,6,-79.99935852,40.4486304
822,146702399,16240227,14,2016-12-26T22:00:00,2016-12-26,22:00:00,"1300 Block Pointview St Pittsburgh, PA 15206",15206,Y,Lincoln-Lemington-Belmar,5,CRIM MISCHIEF,3304 Criminal Mischief.,1203,9,2,-79.89848825,40.46660975
853,147697026,17006711,14,2017-01-12T01:47:00,2017-01-12,01:47:00,"1300 Block 5th Ave Pittsburgh, PA 15219",15219,N,Bluff,2,CRIM MISCHIEF,3304 Criminal Mischief.,103,6,3,-79.98814139,40.43846683
895,146638149,16239757,14,2016-12-26T17:25:00,2016-12-26,17:25:00,"California Ave Pittsburgh, PA 15212",15212,N,Brighton Heights,1,CRIM MISCHIEF,3304 Criminal Mischief.,2701,,,0,0
902,147704588,17006730,14,2017-01-12T02:43:00,2017-01-12,02:43:00,"3100 Block Josephine St Pittsburgh, PA 15203",15203,Y,South Side Slopes,3,CRIM MISCHIEF,3304 Criminal Mischief. / 3802(b) DUI - High Rate of Alchol - BAC >=.10% <.16% / 3745 Accidents Involving Damage to Unattended Veh.or Prop. / 1543 Driving While Operating Privilege is Suspended or Revoked. / 3802(a)(1) DUI - General Impairment,1608,3,4,-79.96487167,40.42184745
916,147436414,17004267,14,2017-01-08T00:55:00,2017-01-08,00:55:00,"10 Block Allen St Pittsburgh, PA 15210",15210,N,Allentown,3,CRIM MISCHIEF,3304 Criminal Mischief.,1803,3,4,-79.99360478,40.42388458
922,146825601,16241152,14,2016-12-29T10:00:00,2016-12-29,10:00:00,"4600 Block Saline St Pittsburgh, PA 15217",15217,N,Squirrel Hill South,4,CRIM MISCHIEF,3304 Criminal Mischief.,1414,5,3,-79.92418684,40.41584209
956,146746458,16240566,14,2016-12-28T07:30:00,2016-12-28,07:30:00,"20 Block Perry View Ave Pittsburgh, PA 15214",15214,N,Perry North,1,CRIM MISCHIEF,3304 Criminal Mischief.,2602,1,1,-80.02276479,40.49416423
958,146764341,16240635,14,2016-12-28T11:40:00,2016-12-28,11:40:00,"1800 Block Walz St Pittsburgh, PA 15212",15212,N,Spring Hill-City View,1,CRIM MISCHIEF,3304 Criminal Mischief.,2620,1,1,-79.99104023,40.46461839
959,146764389,16240626,14,2016-12-28T12:33:00,2016-12-28,12:33:00,"7000 Block Kedron St Pittsburgh, PA 15208",15208,N,Homewood North,5,CRIM MISCHIEF,3304 Criminal Mischief.,1301,9,2,-79.89962815,40.46174524
965,146928699,16242330,14,2016-12-31T06:15:00,2016-12-31,06:15:00,"1800 Block Letche Ave Pittsburgh, PA 15212",15212,N,Fineview,1,CRIM MISCHIEF,3304 Criminal Mischief.,2509,6,1,-80.00823887,40.46262849
977,147665512,17006424,14,2017-01-11T09:15:00,2017-01-11,09:15:00,"60 Block Semicir St Pittsburgh, PA 15214",15214,N,Perry North,1,CRIM MISCHIEF,3304 Criminal Mischief.,2602,1,1,-80.01842645,40.48747478
1007,146609462,16239547,14,2016-12-26T11:47:00,2016-12-26,11:47:00,"1000 Block Arlington Ave Pittsburgh, PA 15203",15203,N,Allentown,3,CRIM MISCHIEF,3304 Criminal Mischief.,1803,3,4,-79.98896723,40.42439028
1009,146613348,16239588,14,2016-12-26T08:00:00,2016-12-26,08:00:00,"6500 Block Armstrong Way Pittsburgh, PA 15206",15206,N,Larimer,5,CRIM MISCHIEF,3304 Criminal Mischief.,1204,9,2,-79.90812811,40.46315414
1026,146772441,16240704,14,2016-12-27T22:30:00,2016-12-27,22:30:00,"400 Block N Lexington St Pittsburgh, PA 15208",15208,N,Point Breeze North,4,CRIM MISCHIEF,3304 Criminal Mischief.,1405,9,2,-79.89708846,40.45108931
1029,146778232,16240742,14,2016-12-28T15:50:00,2016-12-28,15:50:00,"100 Block South Commons Pittsburgh, PA 15212",15212,N,Allegheny Center,1,CRIM MISCHIEF,3304 Criminal Mischief.,2204,1,1,-80.00518908,40.45100345
1040,147144765,17001808,14,2017-01-03T22:50:00,2017-01-03,22:50:00,"700 Block Hazelwood Ave Pittsburgh, PA 15217",15217,N,Greenfield,4,CRIM MISCHIEF,3304 Criminal Mischief.,1517,5,3,-79.93304793,40.41974508
1042,146802592,16241009,14,2016-12-29T01:41:00,2016-12-29,01:41:00,"1500 Block E Carson St Pittsburgh, PA 15203",15203,N,South Side Flats,3,CRIM MISCHIEF,3304 Criminal Mischief. / 5503(a)(1) DISORDERLY CONDUCT - ENGAGE IN FIGHTING,1702,3,4,-79.98330671,40.42868483
1044,146819139,16241078,14,2016-12-29T06:56:00,2016-12-29,06:56:00,"600 Block Seagirt St Pittsburgh, PA 15221",15221,N,East Hills,5,CRIM MISCHIEF,3304 Criminal Mischief.,1306,9,2,-79.8790563,40.4520492
1054,-2983000199,16240007,14,2016-12-27T09:00:00,2016-12-27,09:00:00,"200 Block Plymouth St Pittsburgh, PA 15211",15211,N,Duquesne Heights,3,CRIM MISCHIEF,3304 Criminal Mischief.,1911,2,5,-80.02135477,40.43617067
1060,146708982,16240266,14,2016-12-27T19:00:00,2016-12-27,19:00:00,"Craft Pl & Ophelia St Pittsburgh, PA 15213",15213,N,South Oakland,4,CRIM MISCHIEF,3304 Criminal Mischief.,409,6,3,-79.96281364,40.43493002
1065,-2420014286,17001998,14,2017-01-04T09:00:00,2017-01-04,09:00:00,"600 Block Loyal Way Pittsburgh, PA 15210",15210,N,Allentown,3,CRIM MISCHIEF,3304 Criminal Mischief.,1803,3,4,-79.9973112,40.41945624
1097,146918097,16241984,14,2016-12-29T17:00:00,2016-12-29,17:00:00,"300 Block W North Ave Pittsburgh, PA 15212",15212,N,Central North Side,1,CRIM MISCHIEF,3304 Criminal Mischief.,2206,1,1,-80.00964027,40.45494869
1101,146922469,16242088,14,2016-12-30T22:45:00,2016-12-30,22:45:00,"Centre Ave & Mario Lemieux Pl Pittsburgh, PA 15219",15219,N,Central Business District,2,CRIM MISCHIEF,3304 Criminal Mischief.,201,6,6,-79.98929007,40.44053839
1170,147088290,17001386,14,2017-01-03T08:49:00,2017-01-03,08:49:00,"200 Block Zara St Pittsburgh, PA 15210",15210,N,Knoxville,3,CRIM MISCHIEF,3304 Criminal Mischief.,3001,3,4,-79.99054697,40.41579262
1171,147089178,17001391,14,2017-01-02T20:00:00,2017-01-02,20:00:00,"Bingham St & Bedford Sq Pittsburgh, PA 15203",15203,N,South Side Flats,3,CRIM MISCHIEF,3304 Criminal Mischief.,1702,3,4,-79.98621187,40.42942371
1177,147478307,17004982,14,2017-01-09T04:30:00,2017-01-09,04:30:00,"400 Block Daytona St Pittsburgh, PA 15210",15210,N,Knoxville,3,CRIM MISCHIEF,3304 Criminal Mischief.,3001,3,4,-79.99489533,40.41086978
1178,147478686,17004991,14,2017-01-06T16:30:00,2017-01-06,16:30:00,"100 Block Morewood Ave Pittsburgh, PA 15213",15213,N,Bloomfield,5,CRIM MISCHIEF,3304 Criminal Mischief.,804,7,2,-79.95008361,40.45560247
1180,147480290,17005002,14,2017-01-09T10:30:00,2017-01-09,10:30:00,"1700 Block Wharton St Pittsburgh, PA 15203",15203,N,South Side Flats,3,CRIM MISCHIEF,3304 Criminal Mischief.,1702,3,4,-79.98176081,40.43049568
1185,147488551,17005062,14,2017-01-09T09:00:00,2017-01-09,09:00:00,"1800 Block Oakhurst St Pittsburgh, PA 15210",15210,N,Carrick,3,CRIM MISCHIEF,3304 Criminal Mischief.,2901,4,4,-79.98968396,40.39683552
1191,146603099,16239465,14,2016-12-26T07:30:00,2016-12-26,07:30:00,"3400 Block 5th Ave Pittsburgh, PA 15213",15213,N,West Oakland,4,CRIM MISCHIEF,3304 Criminal Mischief. / 901 Criminal Attempt,402,6,3,-79.96178778,40.43912007
1200,-2977001227,17000997,14,2017-01-02T08:15:00,2017-01-02,08:15:00,"1200 Block Bingham St Pittsburgh, PA 15203",15203,N,South Side Flats,3,CRIM MISCHIEF,3304 Criminal Mischief.,1702,3,4,-79.98618421,40.42936938
1205,147057407,17001145,14,2017-01-02T21:53:00,2017-01-02,21:53:00,"100 Block Hyman Pl Pittsburgh, PA 15213",15213,N,Terrace Village,2,CRIM MISCHIEF,3304 Criminal Mischief.,510,6,3,-79.97062077,40.44106114
1246,147134091,17001769,14,2017-01-03T20:30:00,2017-01-03,20:30:00,"600 Block Suffolk St Pittsburgh, PA 15214",15214,N,Perry South,1,CRIM MISCHIEF,3304 Criminal Mischief.,2614,6,1,-80.00330975,40.46733087
1272,146884935,16241703,14,2016-12-30T05:05:00,2016-12-30,05:05:00,"600 Block Climax St Pittsburgh, PA 15210",15210,N,Allentown,3,CRIM MISCHIEF,3304 Criminal Mischief.,1803,3,4,-79.99732506,40.41986516
1282,147198940,17002056,14,2017-01-04T10:50:00,2017-01-04,10:50:00,"200 Block Tipton St Pittsburgh, PA 15207",15207,N,Hazelwood,4,CRIM MISCHIEF,3304 Criminal Mischief.,1515,5,3,-79.94158116,40.40798601
1311,147587295,17005902,14,2017-01-10T19:43:00,2017-01-10,19:43:00,"700 Block Bay Ridge Ave Pittsburgh, PA 15226",15226,N,Brookline,6,CRIM MISCHIEF,3304 Criminal Mischief.,1918,4,4,-80.02389218,40.3928061
1351,147598224,17006023,14,2017-01-11T00:11:00,2017-01-11,00:11:00,"700 Block Bucyrus St Pittsburgh, PA 15220",15220,N,Elliott,6,CRIM MISCHIEF,3304 Criminal Mischief.,2020,2,5,-80.03988786,40.44565366
1363,147047659,17000922,14,2017-01-02T16:30:00,2017-01-02,16:30:00,"200 Block Fordyce St Pittsburgh, PA 15210",15210,N,Bon Air,3,CRIM MISCHIEF,3304 Criminal Mischief. / 3503 Criminal Trespass,1806,4,4,-80.00050593,40.40973683
1371,-2746015396,17003933,14,2017-01-07T08:00:00,2017-01-07,08:00:00,"1100 Block Merrick Ave Pittsburgh, PA 15226",15226,N,Brookline,6,CRIM MISCHIEF,3304 Criminal Mischief.,1918,4,4,-80.01302648,40.39113521
1386,146666978,16240044,14,2016-12-27T11:00:00,2016-12-27,11:00:00,"500 Block Jacksonia St Pittsburgh, PA 15212",15212,N,Central North Side,1,CRIM MISCHIEF,3304 Criminal Mischief. / 607.03 Discharging Firearm or Airgun,2503,6,1,-80.01238255,40.45753895
1387,146673037,16240081,14,2016-12-27T12:30:00,2016-12-27,12:30:00,"1400 Block Centre Ave Pittsburgh, PA 15219",15219,N,Central Business District,2,CRIM MISCHIEF,3304 Criminal Mischief.,201,6,6,-79.98769558,40.44040542
1394,147627143,17006158,14,2017-01-11T07:40:00,2017-01-11,07:40:00,"40 Block Semicir St Pittsburgh, PA 15214",15214,N,Perry North,1,CRIM MISCHIEF,3304 Criminal Mischief.,2602,1,1,-80.01798147,40.48721535
1397,147629039,17006176,14,2017-01-11T07:40:00,2017-01-11,07:40:00,"50 Block Semicir St Pittsburgh, PA 15214",15214,N,Perry North,1,CRIM MISCHIEF,3304 Criminal Mischief.,2602,1,1,-80.0178961,40.48738221
1408,147096341,17001470,14,2017-01-03T12:15:00,2017-01-03,12:15:00,"900 Block Logue St Pittsburgh, PA 15205",15205,N,Crafton Heights,6,CRIM MISCHIEF,3304 Criminal Mischief.,2814,2,5,-80.04824134,40.44514977
1428,147473648,17004904,14,2017-01-08T23:09:00,2017-01-08,23:09:00,"7800 Block Susquehanna St Pittsburgh, PA 15221",15221,N,Homewood South,5,CRIM MISCHIEF,3304 Criminal Mischief.,1304,9,2,-79.88915859,40.44934065
1437,146846846,16241352,14,2016-12-29T16:33:00,2016-12-29,16:33:00,"2000 Block De Ruad St Pittsburgh, PA 15219",15219,N,West Oakland,4,CRIM MISCHIEF,3304 Criminal Mischief.,402,2,5,-80.04190688,40.45167392
1451,147197630,17002086,14,2017-01-03T21:00:00,2017-01-03,21:00:00,"5400 Block Bartlett St Pittsburgh, PA 15217",15217,N,Squirrel Hill South,4,CRIM MISCHIEF,3304 Criminal Mischief.,1413,5,3,-79.93310022,40.43424724
1454,147413416,17003892,14,2016-12-28T12:00:00,2016-12-28,12:00:00,"1600 Block Beechwood Blvd Pittsburgh, PA 15217",15217,N,Squirrel Hill North,4,CRIM MISCHIEF,3304 Criminal Mischief. / 901 Criminal Attempt,1403,5,3,-79.91704635,40.44044032
1481,146875048,16241243,14,2016-12-29T13:30:00,2016-12-29,13:30:00,"200 Block Hollywood St Pittsburgh, PA 15205",15205,N,Crafton Heights,6,CRIM MISCHIEF,3304 Criminal Mischief.,2815,2,5,-80.05488441,40.44288255
1483,146907562,16241892,14,2016-12-30T15:21:00,2016-12-30,15:21:00,"S 12th St & Bedford Sq Pittsburgh, PA 15203",15203,N,South Side Flats,3,CRIM MISCHIEF,3304 Criminal Mischief.,1702,3,4,-79.98645129,40.42970877
1495,147298040,17002724,14,2017-01-05T11:23:00,2017-01-05,11:23:00,"2700 Block Zephyr Ave Pittsburgh, PA 15204",15204,Y,Sheraden,6,CRIM MISCHIEF,3304 Criminal Mischief. / 3503(b)(1)(i) Actual Communication,2018,2,5,-80.04934302,40.45306803
1504,147440232,17004403,14,2017-01-08T07:50:00,2017-01-08,07:50:00,"300 Block Bigham St Pittsburgh, PA 15211",15211,Y,Mount Washington,3,CRIM MISCHIEF,3304 Criminal Mischief. / 3503 Criminal Trespass,1903,2,5,-80.01542254,40.43298573
1507,147441862,17004469,14,2017-01-08T07:00:00,2017-01-08,07:00:00,"2300 Block Reed St Pittsburgh, PA 15219",15219,N,Middle Hill,2,CRIM MISCHIEF,3304 Criminal Mischief.,501,6,3,-79.97331397,40.44433479
1512,147509481,17005275,14,2017-01-09T19:35:00,2017-01-09,19:35:00,"Bausman St & Amanda Ave Pittsburgh, PA 15210",15210,N,Central Business District,3,CRIM MISCHIEF,3304 Criminal Mischief.,201,,,-79.9880386,40.41443424
1514,147509821,17005262,14,2017-01-09T18:30:00,2017-01-09,18:30:00,"7500 Block Upland St Pittsburgh, PA 15206",15206,N,Homewood North,5,CRIM MISCHIEF,3304 Criminal Mischief.,1301,9,2,-79.89004397,40.4607638
1524,147634951,17006203,14,2017-01-11T09:00:00,2017-01-11,09:00:00,"500 Block Wyncotte St Pittsburgh, PA 15204",15204,Y,Sheraden,6,CRIM MISCHIEF,3304 Criminal Mischief.,2018,2,5,-80.05486541,40.45899078
1544,147429334,17004156,14,2017-01-07T20:50:00,2017-01-07,20:50:00,"2500 Block S 18th St Pittsburgh, PA 15203",15203,N,South Side Slopes,3,CRIM MISCHIEF,3304 Criminal Mischief.,1706,3,4,-79.98419238,40.42194442
1546,147500198,17005136,14,2017-01-09T15:44:00,2017-01-09,15:44:00,"300 Block Stratford Ave Pittsburgh, PA 15232",15232,Y,Friendship,5,CRIM MISCHIEF,3304 Criminal Mischief. / 5901 Open Lewdness. / 5505 Public Drunkenness / 5503 Disorderly Conduct. / 601.16 Public Urination And Defecation,807,7,2,-79.93360519,40.4609519
1561,147556512,17005630,14,2017-01-09T08:00:00,2017-01-09,08:00:00,"300 Block Lehigh Ave Pittsburgh, PA 15232",15232,N,Shadyside,4,CRIM MISCHIEF,3304 Criminal Mischief.,705,8,2,-79.92642015,40.45708557
1593,147548110,17005545,14,2017-01-10T08:30:00,2017-01-10,08:30:00,"300 Block Brownsville Rd Pittsburgh, PA 15210",15210,N,Knoxville,3,CRIM MISCHIEF,3304 Criminal Mischief.,3001,3,4,-79.98835946,40.4142895
1605,-2867010835,17004588,14,2017-01-08T16:17:00,2017-01-08,16:17:00,"Delmont Ave & Michigan St Pittsburgh, PA 15210",15210,Y,Beltzhoover,3,CRIM MISCHIEF,3304 Criminal Mischief.,1809,4,4,-80.00389519,40.4158435
1611,146606261,16239495,14,2016-12-26T09:44:00,2016-12-26,09:44:00,"200 Block East Ohio St Pittsburgh, PA 15212",15212,N,Allegheny Center,1,CRIM MISCHIEF,3304 Criminal Mischief. / 607.03 Discharging Firearm or Airgun,2204,1,1,-80.00366043,40.45302239
1626,146700276,16240180,14,2016-12-27T15:45:00,2016-12-27,15:45:00,"Allegheny Ctr Pittsburgh, PA 15212",15212,N,East Allegheny,1,CRIM MISCHIEF,3304 Criminal Mischief.,2304,1,6,-80.01801474,40.44895425
1652,146924970,16242153,14,2016-12-31T00:57:00,2016-12-31,00:57:00,"3900 Block Brighton Rd Pittsburgh, PA 15212",15212,N,Brighton Heights,1,CRIM MISCHIEF,3304 Criminal Mischief.,2708,1,1,-80.03767094,40.4872379
1660,146779843,16240765,14,2016-12-28T15:30:00,2016-12-28,15:30:00,"100 Block Commons St S Pittsburgh, PA 15212",15212,N,Allegheny Center,1,CRIM MISCHIEF,3304 Criminal Mischief.,2204,1,1,-80.00518908,40.45100345
1688,146594642,16239396,14,2016-12-26T02:08:00,2016-12-26,02:08:00,"600 Block N Dallas Ave Pittsburgh, PA 15208",15208,N,Homewood West,5,CRIM MISCHIEF,3304 Criminal Mischief.,1207,8,3,-79.91190706,40.44655679
1705,146918789,16242034,14,2016-12-30T19:47:00,2016-12-30,19:47:00,"2800 Block Wylie Ave Pittsburgh, PA 15219",15219,N,Middle Hill,2,CRIM MISCHIEF,3304 Criminal Mischief.,501,6,3,-79.96745741,40.44982801
1712,-2983000276,17000283,14,2017-01-01T11:15:00,2017-01-01,11:15:00,"Mt Oliver St & Amanda St Pittsburgh, PA 15210",15210,N,South Side Slopes,3,CRIM MISCHIEF,3304 Criminal Mischief.,1706,3,4,-79.98807389,40.41897203
1715,146868941,16241301,14,2016-12-29T11:00:00,2016-12-29,11:00:00,"Eymard St Pittsburgh, PA 15221",15221,N,East Hills,5,CRIM MISCHIEF,3304 Criminal Mischief. / 3503 Criminal Trespass,1306,9,2,-79.87290254,40.46033
1734,146922214,16242083,14,2016-12-30T21:57:00,2016-12-30,21:57:00,"500 Block Oakwood St Pittsburgh, PA 15221",15221,N,East Hills,5,CRIM MISCHIEF,3304 Criminal Mischief.,1306,9,2,-79.88374192,40.44907284
1738,146946916,16242599,14,2016-12-31T20:20:00,2016-12-31,20:20:00,"500 Block Oakwood St Pittsburgh, PA 15221",15221,N,East Hills,5,CRIM MISCHIEF,3304 Criminal Mischief.,1306,9,2,-79.88374192,40.44907284
1743,146988080,17000614,14,2017-01-02T00:19:00,2017-01-02,00:19:00,"200 Block Rochelle St Pittsburgh, PA 15210",15210,N,Knoxville,3,CRIM MISCHIEF,3304 Criminal Mischief.,3001,3,4,-79.99062279,40.41505082
1744,146988720,17000631,14,2017-01-01T23:54:00,2017-01-01,23:54:00,"100 Block Zara St Pittsburgh, PA 15210",15210,N,Knoxville,3,CRIM MISCHIEF,3304 Criminal Mischief.,3001,3,4,-79.98811881,40.4158577
1745,146989522,17000626,14,2017-01-01T23:54:00,2017-01-01,23:54:00,"100 Block Rochelle St Pittsburgh, PA 15210",15210,N,Knoxville,3,CRIM MISCHIEF,3304 Criminal Mischief.,3001,3,4,-79.98808369,40.41512107
1765,146808463,16240955,14,2016-12-28T20:05:00,2016-12-28,20:05:00,"700 Block 2nd Ave Pittsburgh, PA 15219",15219,N,Bluff,2,CRIM MISCHIEF,3304 Criminal Mischief.,103,6,6,-79.99439768,40.43526818
1761,-2856000312,16240746,14,2016-12-28T16:35:00,2016-12-28,16:35:00,"100 Block Tecumseh St Pittsburgh, PA 15207",15207,N,Hazelwood,4,CRIM MISCHIEF,3304 Criminal Mischief.,1515,5,3,-79.94313508,40.40861174
1762,146779964,16240846,14,2016-12-28T09:30:00,2016-12-28,09:30:00,"3100 Block Brighton Rd Pittsburgh, PA 15212",15212,N,Marshall-Shadeland,1,CRIM MISCHIEF,3304 Criminal Mischief.,2715,1,1,-80.02882957,40.47392795
1763,-2779002442,16240829,14,2016-12-28T18:18:00,2016-12-28,18:18:00,"100 Block Eloise St Pittsburgh, PA 15212",15212,N,Central North Side,1,CRIM MISCHIEF,3304 Criminal Mischief.,2206,1,1,-80.00785627,40.45593542
1772,146974322,17000535,14,2017-01-01T20:00:00,2017-01-01,20:00:00,"Crawford St & Foreside Pl Pittsburgh, PA 15219",15219,N,Central Business District,2,CRIM MISCHIEF,3304 Criminal Mischief.,201,6,6,-79.98542263,40.44022616
1774,146976395,17000580,14,2017-01-01T21:00:00,2017-01-01,21:00:00,"2000 Block Sidney St Pittsburgh, PA 15203",15203,N,South Side Flats,3,CRIM MISCHIEF,3304 Criminal Mischief.,1702,3,4,-79.97751344,40.4294486
1786,147071821,17001252,14,2017-01-03T02:45:00,2017-01-03,02:45:00,"100 Block 9th St Pittsburgh, PA 15222",15222,N,Central Business District,2,CRIM MISCHIEF,3304 Criminal Mischief.,201,6,6,-79.99905,40.44509999
1803,146996412,17000630,14,2017-01-01T16:05:00,2017-01-01,16:05:00,"400 Block 52nd St Pittsburgh, PA 15201",15201,N,Upper Lawrenceville,2,CRIM MISCHIEF,3304 Criminal Mischief.,1011,7,2,-79.95367047,40.4797885
1830,-2977001244,17001004,14,2017-01-02T08:15:00,2017-01-02,08:15:00,"1200 Block Bingham St Pittsburgh, PA 15203",15203,N,South Side Flats,3,CRIM MISCHIEF,3304 Criminal Mischief.,1702,3,4,-79.98618421,40.42936938
1846,146926168,16242155,14,2016-12-31T01:00:00,2016-12-31,01:00:00,"300 Block N Negley Ave Pittsburgh, PA 15206",15206,Y,Garfield,5,CRIM MISCHIEF,3304 Criminal Mischief. / 5503 Disorderly Conduct. / 4906 False Reports to Law Enforcement Authorities. / 2709(b) Stalking / 4914(A) False Identification to Law Enforcement,1114,9,2,-79.92903573,40.46575791
1849,147028198,17000865,14,2017-01-01T09:00:00,2017-01-01,09:00:00,"2300 Block S 18th St Pittsburgh, PA 15203",15203,N,South Side Slopes,3,CRIM MISCHIEF,3304 Criminal Mischief.,1706,3,4,-79.98160515,40.42118728
1853,147207607,17002156,14,2017-01-04T14:52:00,2017-01-04,14:52:00,"90 Block Knox Ave Pittsburgh, PA 15210",15210,N,Knoxville,3,CRIM MISCHIEF,3304 Criminal Mischief.,3001,3,4,-79.99051133,40.41585735
1915,147414376,17003899,14,2017-01-07T11:12:00,2017-01-07,11:12:00,"500 Block Suismon St Pittsburgh, PA 15212",15212,Y,East Allegheny,1,CRIM MISCHIEF,3304 Criminal Mischief.,2304,1,1,-80.00106313,40.45503857
1922,147093787,17000747,14,2017-01-02T01:00:00,2017-01-02,01:00:00,"1300 Block Bingham St Pittsburgh, PA 15203",15203,N,South Side Flats,3,CRIM MISCHIEF,3304 Criminal Mischief.,1702,3,4,-79.98511872,40.42922588
1938,147347725,17003186,14,2017-01-06T04:39:00,2017-01-06,04:39:00,"3200 Block Lecky Ave Pittsburgh, PA 15212",15212,Y,Marshall-Shadeland,1,CRIM MISCHIEF,3304 Criminal Mischief.,2715,1,1,-80.03441024,40.47390774
1956,147613978,17006146,14,2017-01-11T07:30:00,2017-01-11,07:30:00,"100 Block Kirk Ave Pittsburgh, PA 15210",15210,N,Carrick,3,CRIM MISCHIEF,3304 Criminal Mischief.,2904,4,4,-79.97825424,40.38589174
1965,147404932,17003793,14,2017-01-07T03:54:00,2017-01-07,03:54:00,"300 Block Meyran Ave Pittsburgh, PA 15213",15213,Y,Central Oakland,4,CRIM MISCHIEF,"3304 Criminal Mischief. / 6308(a) Underage Purchase, Consume, Possessed or Transport Liquor / 5505 Public Drunkenness / 3503 Criminal Trespass",405,3,3,-79.95670299,40.43894379
1972,-2977001267,17005088,14,2017-01-09T14:08:00,2017-01-09,14:08:00,"600 Block Edgemont St Pittsburgh, PA 15211",15211,N,Mount Washington,3,CRIM MISCHIEF,3304 Criminal Mischief.,1807,3,4,-79.99735255,40.42234946
1974,147298583,17002758,14,2017-01-05T12:32:00,2017-01-05,12:32:00,"80 Block Knox Ave Pittsburgh, PA 15210",15210,N,Knoxville,3,CRIM MISCHIEF,3304 Criminal Mischief.,3001,3,4,-79.99069137,40.41657199
1997,148540057,17014683,14,2017-01-24T15:30:00,2017-01-24,15:30:00,"200 Block Burrows St Pittsburgh, PA 15213",15213,N,Terrace Village,2,CRIM MISCHIEF,3304 Criminal Mischief.,510,6,3,-79.96802029,40.43861001
2000,148548044,17014739,14,2017-01-24T18:00:00,2017-01-24,18:00:00,"300 Block Fort Pitt Blvd Pittsburgh, PA 15222",15222,N,Central Business District,2,CRIM MISCHIEF,3304 Criminal Mischief.,201,6,6,-80.00091193,40.4367879
2001,148553214,17014795,14,2017-01-24T20:00:00,2017-01-24,20:00:00,"3600 Block Frazier St Pittsburgh, PA 15213",15213,N,South Oakland,4,CRIM MISCHIEF,3304 Criminal Mischief.,409,3,3,-79.95554337,40.43051529
2002,147747141,17007023,14,2017-01-12T14:00:00,2017-01-12,14:00:00,"Broadway Ave & Shiras Ave Pittsburgh, PA 15216",15216,N,Beechview,6,CRIM MISCHIEF,3304 Criminal Mischief. / 9130 Graffiti Investigation,1920,4,5,-80.03027909,40.40391362
2040,147862333,17008452,14,2017-01-14T11:30:00,2017-01-14,11:30:00,"4900 Block Yew St Pittsburgh, PA 15224",15224,N,Bloomfield,5,CRIM MISCHIEF,3304 Criminal Mischief.,804,7,2,-79.94759002,40.4580502
2048,147886334,17008970,14,2017-01-15T10:00:00,2017-01-15,10:00:00,"100 Block S 10th St Pittsburgh, PA 15203",15203,N,South Side Flats,3,CRIM MISCHIEF,3304 Criminal Mischief.,1702,3,4,-79.98859816,40.42722958
2175,147824393,17007721,14,2017-01-13T14:30:00,2017-01-13,14:30:00,"7500 Block Hamilton Ave Pittsburgh, PA 15208",15208,N,Homewood South,5,CRIM MISCHIEF,3304 Criminal Mischief.,1303,9,2,-79.89248194,40.45342153
2178,148046568,17010250,14,2017-01-17T16:15:00,2017-01-17,16:15:00,"California Ave & Termon Ave Pittsburgh, PA 15212",15212,N,Brighton Heights,1,CRIM MISCHIEF,3304 Criminal Mischief.,2701,1,1,-80.04176424,40.48190312
2231,147797275,17007509,14,2017-01-08T15:30:00,2017-01-08,15:30:00,"7000 Block Highland Dr Pittsburgh, PA 15206",15206,Y,Lincoln-Lemington-Belmar,5,CRIM MISCHIEF,3304 Criminal Mischief.,1203,9,2,-79.89853496,40.47666878
2241,148369929,17013237,14,2017-01-22T03:11:00,2017-01-22,03:11:00,"2000 Block Ley St Pittsburgh, PA 15212",15212,Y,Troy Hill,1,CRIM MISCHIEF,3304 Criminal Mischief.,2406,1,1,-79.9803732,40.4678888
2247,148396519,17013575,14,2017-01-22T18:16:00,2017-01-22,18:16:00,"1500 Block Brighton Rd Pittsburgh, PA 15212",15212,N,Central North Side,1,CRIM MISCHIEF,3304 Criminal Mischief.,2503,6,1,-80.01651556,40.45651505
2277,148462373,17014029,14,2017-01-23T14:30:00,2017-01-23,14:30:00,"S 12th St & Bedford Sq Pittsburgh, PA 15203",15203,N,South Side Flats,3,CRIM MISCHIEF,3304 Criminal Mischief.,1702,3,4,-79.98645129,40.42970877
2283,148432292,17013860,14,2017-01-23T08:00:00,2017-01-23,08:00:00,"100 Block Hemlock St Pittsburgh, PA 15212",15212,N,Central North Side,1,CRIM MISCHIEF,3304 Criminal Mischief.,2206,6,1,-80.00633768,40.45750705
2293,-2983000413,17009976,14,2017-01-17T07:20:00,2017-01-17,07:20:00,"S 9th St & Sarah St Pittsburgh, PA 15203",15203,N,South Side Flats,3,CRIM MISCHIEF,3304 Criminal Mischief. / 901 Criminal Attempt,1702,3,4,-79.98978007,40.42793841
2303,148469889,17014130,14,2017-01-23T18:10:00,2017-01-23,18:10:00,"300 Block 3rd Ave Pittsburgh, PA 15222",15222,Y,Central Business District,2,CRIM MISCHIEF,3304 Criminal Mischief.,201,6,6,-80.00161855,40.43880878
2320,147811998,17007612,14,2017-01-09T13:00:00,2017-01-09,13:00:00,"2300 Block Saranac Ave Pittsburgh, PA 15216",15216,N,Beechview,6,CRIM MISCHIEF,3304 Criminal Mischief.,1920,4,5,-80.02728213,40.40262436
2326,148268634,17011603,14,2017-01-19T17:15:00,2017-01-19,17:15:00,"Schimmer St & Staho Way Pittsburgh, PA 15212",15212,N,Marshall-Shadeland,1,CRIM MISCHIEF,3304 Criminal Mischief. / 2707 Propulsion of Missiles ,2715,1,1,-80.03034448,40.47341411
2368,147784285,17007410,14,2017-01-13T02:21:00,2017-01-13,02:21:00,"60 Block Gregory St Pittsburgh, PA 15203",15203,N,South Side Slopes,3,CRIM MISCHIEF,3304 Criminal Mischief.,1706,3,4,-79.97936946,40.42385291
2374,147897732,17009179,14,2017-01-15T19:06:00,2017-01-15,19:06:00,"400 Block Sinton Ave Pittsburgh, PA 15210",15210,N,Carrick,3,CRIM MISCHIEF,3304 Criminal Mischief. / 607.03 Discharging Firearm or Airgun,2904,4,4,-79.98947681,40.38820429
2398,147891557,17009058,14,2017-01-15T12:00:00,2017-01-15,12:00:00,"200 Block Emerson St Pittsburgh, PA 15206",15206,N,Shadyside,4,CRIM MISCHIEF,3304 Criminal Mischief.,708,8,2,-79.92333509,40.45908631
2423,147861450,17008444,14,2017-01-14T14:30:00,2017-01-14,14:30:00,"1900 Block Broadway Ave Pittsburgh, PA 15216",15216,N,Beechview,6,CRIM MISCHIEF,3304 Criminal Mischief. / 9130 Graffiti Investigation,1920,4,5,-80.0272307,40.40721107
2427,147870595,17008676,14,2017-01-14T22:10:00,2017-01-14,22:10:00,"300 Block Brownsville Rd Pittsburgh, PA 15210",15210,N,Knoxville,3,CRIM MISCHIEF,3304 Criminal Mischief.,3001,3,4,-79.98835946,40.4142895
2523,148063429,17010388,14,2017-01-17T20:05:00,2017-01-17,20:05:00,"1900 Block Forbes Ave Pittsburgh, PA 15219",15219,N,Bluff,2,CRIM MISCHIEF,3304 Criminal Mischief.,103,6,3,-79.97933346,40.43723616
2525,148154211,17010911,14,2017-01-18T16:50:00,2017-01-18,16:50:00,"300 Block Mt Pleasant Rd Pittsburgh, PA 15214",15214,N,Northview Heights,1,CRIM MISCHIEF,3304 Criminal Mischief.,2609,1,1,-80.00304348,40.48235135
2530,147957973,17009799,14,2017-01-16T21:02:00,2017-01-16,21:02:00,"400 Block brownsville Rd Pittsburgh, PA 15210",15210,N,Knoxville,3,CRIM MISCHIEF,3304 Criminal Mischief.,3001,3,4,-79.98912555,40.41324466
2578,148172119,17011086,14,2017-01-18T20:30:00,2017-01-18,20:30:00,"300 Block Ivory Ave Pittsburgh, PA 15214",15214,N,Summer Hill,1,CRIM MISCHIEF,3304 Criminal Mischief.,2612,1,1,-80.01210043,40.49682695
2564,148357752,17012947,14,2017-01-21T18:10:00,2017-01-21,18:10:00,"900 Block Enfield St Pittsburgh, PA 15213",15213,N,Bloomfield,5,CRIM MISCHIEF,3304 Criminal Mischief.,804,7,2,-79.94950509,40.45403545
2586,-2960021073,17009415,14,2017-01-16T07:00:00,2017-01-16,07:00:00,"900 Block Arlington Ave Pittsburgh, PA 15203",15203,N,South Side Slopes,3,CRIM MISCHIEF,3304 Criminal Mischief.,1706,3,4,-79.99066709,40.42522392
2599,-2782003596,17013470,14,2017-01-21T20:00:00,2017-01-21,20:00:00,"1500 Block Monterey St Pittsburgh, PA 15212",15212,N,Central North Side,1,CRIM MISCHIEF,3304 Criminal Mischief.,2503,6,1,-80.0134089,40.45729369
2610,148183190,17011182,14,2017-01-18T23:51:00,2017-01-18,23:51:00,"100 Block Knox Ave Pittsburgh, PA 15210",15210,N,Knoxville,3,CRIM MISCHIEF,3304 Criminal Mischief.,3001,3,4,-79.99064494,40.41555294
2611,148195732,17011299,14,2017-01-19T06:40:00,2017-01-19,06:40:00,"S 19th St & Wharton St Pittsburgh, PA 15203",15203,N,South Side Flats,3,CRIM MISCHIEF,3304 Criminal Mischief. / 901 Criminal Attempt,1702,3,4,-79.97895862,40.4304755
2703,148294954,17011498,14,2017-01-19T14:20:00,2017-01-19,14:20:00,"400 Block Brownsville Rd Pittsburgh, PA 15210",15210,N,Knoxville,3,CRIM MISCHIEF,3304 Criminal Mischief.,3001,3,4,-79.98912555,40.41324466
2709,147918487,17009478,14,2017-01-16T08:45:00,2017-01-16,08:45:00,"600 Block E Warrington Ave Pittsburgh, PA 15210",15210,N,Allentown,3,CRIM MISCHIEF,3304 Criminal Mischief.,1803,3,4,-79.99720377,40.42155201
2722,147913731,17009460,14,2017-01-16T07:30:00,2017-01-16,07:30:00,"80 Block S 11th St Pittsburgh, PA 15203",15203,N,South Side Flats,3,CRIM MISCHIEF,3304 Criminal Mischief.,1702,3,4,-79.98758181,40.42802632
2743,148439019,17013865,14,2017-01-23T09:23:00,2017-01-23,09:23:00,"300 Block 5th Ave Pittsburgh, PA 15222",15222,N,Central Business District,2,CRIM MISCHIEF,3304 Criminal Mischief.,201,6,6,-80.00037008,40.44067062
2747,148129885,17010775,14,2017-01-18T11:50:00,2017-01-18,11:50:00,"100 Block Wabash St Pittsburgh, PA 15220",15220,N,West End,6,CRIM MISCHIEF,3304 Criminal Mischief.,2019,2,5,-80.03461426,40.43821952
2764,148540416,17014648,14,2017-01-24T12:00:00,2017-01-24,12:00:00,"Ophelia St & Craft Ave Pittsburgh, PA 15213",15213,N,South Oakland,4,CRIM MISCHIEF,3304 Criminal Mischief.,409,6,3,-79.96281364,40.43493002
2765,148543512,17014649,14,2017-01-24T11:00:00,2017-01-24,11:00:00,"300 Block Ophelia St Pittsburgh, PA 15213",15213,N,South Oakland,4,CRIM MISCHIEF,3304 Criminal Mischief.,409,6,3,-79.96327428,40.43493959
2778,148104089,17010706,14,2017-01-18T08:00:00,2017-01-18,08:00:00,"70 Block Mlller St Pittsburgh, PA 15219",15219,N,Central Business District,2,CRIM MISCHIEF,3304 Criminal Mischief.,201,6,3,-79.98253831,40.43953856
2787,-2746015605,17010692,14,2017-01-18T09:00:00,2017-01-18,09:00:00,"1400 Block Creedmoor Ave Pittsburgh, PA 15226",15226,N,Brookline,6,CRIM MISCHIEF,3304 Criminal Mischief.,1918,4,4,-80.01265422,40.389207
2800,147994341,17010023,14,2017-01-17T08:30:00,2017-01-17,08:30:00,"300 Block Brownsville Rd Pittsburgh, PA 15210",15210,N,Knoxville,3,CRIM MISCHIEF,3304 Criminal Mischief.,3001,3,4,-79.98835946,40.4142895
2805,148502620,17014449,14,2017-01-23T08:30:00,2017-01-23,08:30:00,"1300 Block Collier St Pittsburgh, PA 15208",15208,N,Homewood North,5,CRIM MISCHIEF,3304 Criminal Mischief.,1301,9,2,-79.89051291,40.45935338
2818,147994110,17010015,14,2017-01-17T09:45:00,2017-01-17,09:45:00,"100 Block Anderson St Pittsburgh, PA 15212",15212,N,North Shore,1,CRIM MISCHIEF,3304 Criminal Mischief.,2205,1,6,-79.99935852,40.4486304
2829,147872165,17008710,14,2017-01-14T23:30:00,2017-01-14,23:30:00,"100 Block 5th Ave Pittsburgh, PA 15222",15222,N,Central Business District,2,CRIM MISCHIEF,3304 Criminal Mischief.,201,6,6,-80.00287326,40.44140616
2831,147776757,17007221,14,2017-01-12T19:03:00,2017-01-12,19:03:00,"1800 Block Chessland St Pittsburgh, PA 15205",15205,Y,Westwood,6,CRIM MISCHIEF,3304 Criminal Mischief.,2811,2,5,-80.05531685,40.43059279
2833,147833266,17007777,14,2017-01-13T15:35:00,2017-01-13,15:35:00,"Colwell St & Vine St Pittsburgh, PA 15219",15219,N,Crawford-Roberts,2,CRIM MISCHIEF,3304 Criminal Mischief.,305,6,3,-79.98396021,40.439176
2885,147938246,17009607,14,2017-01-14T23:00:00,2017-01-14,23:00:00,"1200 Block ARCH St Pittsburgh, PA 15212",15212,N,Central North Side,1,CRIM MISCHIEF,3304 Criminal Mischief.,2206,1,1,-80.00860664,40.45580133
2892,147808318,17007588,14,2017-01-13T10:20:00,2017-01-13,10:20:00,"300 Block S Evaline St Pittsburgh, PA 15224",15224,N,Bloomfield,5,CRIM MISCHIEF,3304 Criminal Mischief.,806,9,2,-79.94087819,40.46624893
2926,147853983,17008224,14,2017-01-14T09:30:00,2017-01-14,09:30:00,"200 Block Sagamore St Pittsburgh, PA 15204",15204,N,Esplen,6,CRIM MISCHIEF,3304 Criminal Mischief.,2017,2,5,-80.05330326,40.46369908
2946,147857212,17008350,14,2017-01-14T12:00:00,2017-01-14,12:00:00,"5500 Block Ellsworth Ave Pittsburgh, PA 15232",15232,N,Shadyside,4,CRIM MISCHIEF,3304 Criminal Mischief.,709,8,2,-79.93482,40.45359641
2961,148021112,17010038,14,2017-01-15T09:30:00,2017-01-15,09:30:00,"500 Block Greenfield Ave Pittsburgh, PA 15207",15207,N,Greenfield,4,CRIM MISCHIEF,3304 Criminal Mischief.,1516,5,3,-79.94216632,40.42537181
2993,148161543,17011008,14,2017-01-18T17:00:00,2017-01-18,17:00:00,"10 Block Jacob St Pittsburgh, PA 15234",15234,N,Overbrook,3,CRIM MISCHIEF,3304 Criminal Mischief.,3207,4,4,-79.99721572,40.38563977
3009,148155148,17010922,14,2017-01-18T16:37:00,2017-01-18,16:37:00,"California Ave & Chellis St Pittsburgh, PA 15212",15212,N,Brighton Heights,1,CRIM MISCHIEF,3304 Criminal Mischief. / 2707 Propulsion of Missiles ,2701,1,1,-80.04346555,40.48624773
3022,148272272,17011646,14,2017-01-19T01:30:00,2017-01-19,01:30:00,"500 Block Freeland St Pittsburgh, PA 15210",15210,N,Beltzhoover,3,CRIM MISCHIEF,3304 Criminal Mischief.,1809,3,4,-79.99883274,40.41903267
3033,148174385,17011096,14,2017-01-18T06:30:00,2017-01-18,06:30:00,"E Chester St Pittsburgh, PA 15206",15206,N,Lincoln-Lemington-Belmar,5,CRIM MISCHIEF,3304 Criminal Mischief.,1201,9,2,-79.89523467,40.47231274
3040,148367028,17013103,14,2017-01-22T00:10:00,2017-01-22,00:10:00,"900 Block E Carson St Pittsburgh, PA 15203",15203,N,South Side Flats,3,CRIM MISCHIEF,3304 Criminal Mischief.,1702,3,4,-79.98976989,40.42861965
3073,-2983000382,17007534,14,2017-01-13T08:50:00,2017-01-13,08:50:00,"60 Block Pius St Pittsburgh, PA 15203",15203,N,South Side Slopes,3,CRIM MISCHIEF,3304 Criminal Mischief.,1706,3,4,-79.98270913,40.42451775
3079,148377742,17013382,14,2017-01-22T11:50:00,2017-01-22,11:50:00,"S 18th St & Jane St Pittsburgh, PA 15203",15203,N,South Side Flats,3,CRIM MISCHIEF,3304 Criminal Mischief.,1702,3,4,-79.98074032,40.42695317
3096,148304542,17012120,14,2017-01-20T14:30:00,2017-01-20,14:30:00,"2100 Block Sidney St Pittsburgh, PA 15203",15203,N,South Side Flats,3,CRIM MISCHIEF,3304 Criminal Mischief.,1609,3,4,-79.97599895,40.42923225
3117,148454755,17013968,14,2017-01-23T12:37:00,2017-01-23,12:37:00,"2100 Block Mountford Ave Pittsburgh, PA 15214",15214,Y,Fineview,1,CRIM MISCHIEF,3304 Criminal Mischief.,2509,1,1,-80.00785562,40.46498516
3125,148352888,17012833,14,2017-01-21T13:00:00,2017-01-21,13:00:00,"2400 Block Perrysville Ave Pittsburgh, PA 15214",15214,N,Perry South,1,CRIM MISCHIEF,3304 Criminal Mischief.,2614,6,1,-80.00981673,40.46761646
3126,148353159,17012863,14,2017-01-18T18:00:00,2017-01-18,18:00:00,"2400 Block Perrysville Ave Pittsburgh, PA 15214",15214,N,Perry South,1,CRIM MISCHIEF,3304 Criminal Mischief.,2614,6,1,-80.00981673,40.46761646
3128,147913828,17009445,14,2017-01-16T07:30:00,2017-01-16,07:30:00,"80 Block S 11th St Pittsburgh, PA 15203",15203,N,South Side Flats,3,CRIM MISCHIEF,3304 Criminal Mischief.,1702,3,4,-79.98758181,40.42802632
3132,-2863021623,17007904,14,2017-01-13T19:04:00,2017-01-13,19:04:00,"Sherwood Ave & Ashlyn St Pittsburgh, PA 15204",15204,N,Sheraden,6,CRIM MISCHIEF,3304 Criminal Mischief. / 2707 Propulsion of Missiles ,2018,2,5,-80.05561956,40.45502247
3133,147725469,17006895,14,2017-01-12T10:13:00,2017-01-12,10:13:00,"100 Block Watson Blvd Pittsburgh, PA 15214",15214,N,Perry North,1,CRIM MISCHIEF,3304 Criminal Mischief. / 901 Criminal Attempt,2607,1,1,-80.0100996,40.4803515
3189,148506345,17014471,14,2017-01-24T09:00:00,2017-01-24,09:00:00,"Sarah St & S 9th St Pittsburgh, PA 15203",15203,N,South Side Flats,3,CRIM MISCHIEF,3304 Criminal Mischief.,1702,3,4,-79.98978007,40.42793841
3198,147950637,17009726,14,2017-01-16T18:00:00,2017-01-16,18:00:00,"7500 Block Hamilton Ave Pittsburgh, PA 15208",15208,N,Homewood South,5,CRIM MISCHIEF,3304 Criminal Mischief.,1303,9,2,-79.89248194,40.45342153
3225,-2746015451,17007349,14,2017-01-12T23:45:00,2017-01-12,23:45:00,"2700 Block Bergman St Pittsburgh, PA 15204",15204,Y,Sheraden,6,CRIM MISCHIEF,3304 Criminal Mischief.,2018,2,5,-80.05133224,40.45295887
3250,147904565,17008789,14,2017-01-15T01:57:00,2017-01-15,01:57:00,"1500 Block E Carson St Pittsburgh, PA 15203",15203,Y,South Side Flats,3,CRIM MISCHIEF,3304 Criminal Mischief. / 5505 Public Drunkenness / 5503 Disorderly Conduct.,1702,3,4,-79.98330671,40.42868483
3255,148305191,17012163,14,2017-01-19T07:40:00,2017-01-19,07:40:00,"500 Block Heldman St Pittsburgh, PA 15219",15219,Y,Crawford-Roberts,2,CRIM MISCHIEF,3304 Criminal Mischief.,305,6,3,-79.9826809,40.44286092
3262,147781254,17007343,14,2017-01-12T23:38:00,2017-01-12,23:38:00,"200 Block East Ohio St Pittsburgh, PA 15212",15212,Y,Allegheny Center,1,CRIM MISCHIEF,3304 Criminal Mischief.,2204,1,1,-80.00366043,40.45302239
3270,148355104,17012884,14,2017-01-21T16:30:00,2017-01-21,16:30:00,"300 Block N Craig St Pittsburgh, PA 15213",15213,N,North Oakland,4,CRIM MISCHIEF,3304 Criminal Mischief.,507,8,3,-79.94938724,40.44559065
3290,147857218,17008356,14,2017-01-14T11:30:00,2017-01-14,11:30:00,"5000 Block Bayard St Pittsburgh, PA 15213",15213,N,Shadyside,4,CRIM MISCHIEF,3304 Criminal Mischief.,709,8,2,-79.94328844,40.45176912
3298,147763255,16240919,14,2016-12-28T21:05:00,2016-12-28,21:05:00,"600 Block W General Robinson St Pittsburgh, PA 15212",15212,Y,North Shore,1,CRIM MISCHIEF,3304 Criminal Mischief. / 901 Criminal Attempt,2205,1,6,-80.00668293,40.4478962
3359,148117868,17010798,14,2017-01-18T10:00:00,2017-01-18,10:00:00,"1200 Block Justine St Pittsburgh, PA 15204",15204,N,Crafton Heights,6,CRIM MISCHIEF,3304 Criminal Mischief.,2814,2,5,-80.05557831,40.44955853
3363,147856789,17008305,14,2017-01-14T09:00:00,2017-01-14,09:00:00,"4100 Block Centre Ave Pittsburgh, PA 15213",15213,N,Upper Hill,2,CRIM MISCHIEF,3304 Criminal Mischief.,506,6,3,-79.95880532,40.44829995
3365,147946471,17009649,14,2017-01-04T14:30:00,2017-01-04,14:30:00,"800 Block E Warrington Ave Pittsburgh, PA 15210",15210,N,Allentown,3,CRIM MISCHIEF,3304 Criminal Mischief.,1803,3,4,-79.99357756,40.42153188
3392,148236845,17011472,14,2017-01-19T12:00:00,2017-01-19,12:00:00,"300 Block Baldwin Rd Pittsburgh, PA 15207",15207,N,Hays,4,CRIM MISCHIEF,3304 Criminal Mischief.,3101,5,3,-79.93272134,40.3896194
3394,148268602,17011616,14,2017-01-19T17:00:00,2017-01-19,17:00:00,"Carroll St & Edmond St Pittsburgh, PA 15224",15224,N,Bloomfield,5,CRIM MISCHIEF,3304 Criminal Mischief.,809,7,2,-79.94751541,40.46494571
3397,148197583,17011334,14,2017-01-19T08:10:00,2017-01-19,08:10:00,"1500 Block Harlow St Pittsburgh, PA 15204",15204,N,Windgap,6,CRIM MISCHIEF,3304 Criminal Mischief.,2807,2,5,-80.07392535,40.4599685
3398,148213877,17011363,14,2017-01-19T08:30:00,2017-01-19,08:30:00,"1200 Block Troy Hill Rd Pittsburgh, PA 15212",15212,N,Troy Hill,1,CRIM MISCHIEF,3304 Criminal Mischief.,2406,1,1,-79.98909895,40.45767804
3399,148218380,17011370,14,2017-01-18T15:00:00,2017-01-18,15:00:00,"1300 Block Damas St Pittsburgh, PA 15212",15212,N,Spring Hill-City View,1,CRIM MISCHIEF,3304 Criminal Mischief.,2620,1,1,-79.99033377,40.46542462
3414,148173169,17011111,14,2017-01-17T09:40:00,2017-01-17,09:40:00,"7000 Block Frankstown Ave Pittsburgh, PA 15208",15208,N,Homewood South,5,CRIM MISCHIEF,3304 Criminal Mischief.,1303,9,2,-79.90105959,40.45841904
3423,148269814,17011641,14,2017-01-19T17:30:00,2017-01-19,17:30:00,"500 Block Smithfield St Pittsburgh, PA 15222",15222,N,Central Business District,2,CRIM MISCHIEF,3304 Criminal Mischief.,201,6,6,-79.99811616,40.44033208
3439,-2761032053,17012657,14,2017-01-21T07:30:00,2017-01-21,07:30:00,"700 Block S Millvale Ave Pittsburgh, PA 15213",15213,N,Bloomfield,5,CRIM MISCHIEF,3304 Criminal Mischief.,804,7,2,-79.94768397,40.45597993
3447,147769581,17007176,14,2017-01-12T12:00:00,2017-01-12,12:00:00,"Crawford St & Centre Ave Pittsburgh, PA 15219",15219,N,Central Business District,2,CRIM MISCHIEF,3304 Criminal Mischief.,201,6,6,-79.9860099,40.44102964
3458,148403974,17013283,14,2017-01-22T05:40:00,2017-01-22,05:40:00,"1100 Block Penn Ave Pittsburgh, PA 15222",15222,Y,Strip District,2,CRIM MISCHIEF,3304 Criminal Mischief. / 5503 Disorderly Conduct.,203,7,6,-79.99377796,40.44490519
3459,148407067,17013770,14,2017-01-23T03:16:00,2017-01-23,03:16:00,"800 Block Woodlow St Pittsburgh, PA 15220",15220,Y,Crafton Heights,6,CRIM MISCHIEF,3304 Criminal Mischief. / 5503 Disorderly Conduct. / 2701(b)(1) Simple Assault - Fight or Scuffle Entered by Mutual Consent,2814,2,5,-80.05117335,40.446857
3463,148315918,17012299,14,2017-01-20T14:30:00,2017-01-20,14:30:00,"500 Block Brownsville Rd Pittsburgh, PA 15210",15210,N,Knoxville,3,CRIM MISCHIEF,3304 Criminal Mischief.,3001,3,4,-79.98984514,40.41195772
3489,148030675,17008789,14,2017-01-15T01:57:00,2017-01-15,01:57:00,"1500 Block E Carson St Pittsburgh, PA 15203",15203,Y,South Side Flats,3,CRIM MISCHIEF,3304 Criminal Mischief. / 5505 Public Drunkenness / 5503 Disorderly Conduct.,1702,3,4,-79.98330671,40.42868483
3550,148436036,17012623,14,2017-01-21T03:25:00,2017-01-21,03:25:00,"5700 Block Baum Blvd Pittsburgh, PA 15206",15206,Y,East Liberty,5,CRIM MISCHIEF,3304 Criminal Mischief. / 3714 Careless Driving,1115,7,2,-79.93376984,40.45830746
3551,148437238,17013417,14,2017-01-22T13:00:00,2017-01-22,13:00:00,"200 Block S Millvale Ave Pittsburgh, PA 15224",15224,N,Bloomfield,5,CRIM MISCHIEF,3304 Criminal Mischief.,809,7,2,-79.94571905,40.46485546
3552,-3017000079,17013892,14,2017-01-23T06:00:00,2017-01-23,06:00:00,"2800 Block Smallman St Pittsburgh, PA 15222",15222,N,Strip District,2,CRIM MISCHIEF,3304 Criminal Mischief.,203,7,6,-79.97635488,40.45754163
3553,148472767,17014168,14,2017-01-23T18:30:00,2017-01-23,18:30:00,"300 Block Harmar St Pittsburgh, PA 15219",15219,N,Polish Hill,2,CRIM MISCHIEF,3304 Criminal Mischief.,605,7,6,-79.96897263,40.45804419
3556,147914307,17009005,14,2017-01-14T11:00:00,2017-01-14,11:00:00,"100 Block Kirk Ave Pittsburgh, PA 15210",15210,N,Carrick,3,CRIM MISCHIEF,3304 Criminal Mischief.,2904,4,4,-79.97825424,40.38589174
3564,148476557,17014249,14,2017-01-23T22:00:00,2017-01-23,22:00:00,"Saw Mill Run Blvd & Bausman St Pittsburgh, PA 15226",15226,N,Bon Air,3,CRIM MISCHIEF,3304 Criminal Mischief. / 5505 Public Drunkenness / 5507 Obstructing Highways and Passages.,1806,4,4,-80.00602827,40.41111529
3566,148479318,17014284,14,2017-01-23T23:30:00,2017-01-23,23:30:00,"1800 Block Kiralfy Ave Pittsburgh, PA 15216",15216,N,Beechview,6,CRIM MISCHIEF,3304 Criminal Mischief.,1920,4,5,-80.02161303,40.40753134
3579,147916464,17009453,14,2017-01-14T04:00:00,2017-01-14,04:00:00,"2000 Block Calistoga Pl Pittsburgh, PA 15221",15221,N,East Hills,5,CRIM MISCHIEF,3304 Criminal Mischief.,1306,,,-79.87226929,40.4493022
1,147106285,17001298,14,2017-01-03T13:10:00,2017-01-03,13:10:00,"3200 Block Blvd Of The Allies Pittsburgh, PA 15213",15213,N,South Oakland,4,CRIM MISCHIEF (GRAFFITI),"3304(a)(4) CRIMINAL MISCHIEF- Intentionally Damage Property (By Graffiti, Aerosol Spray Paint, Broad Tip Marker, or Similar)",409,6,3,-79.9628286,40.43565092
2,147107362,17001299,14,2017-01-03T13:00:00,2017-01-03,13:00:00,"2800 Block Blvd Of The Allies Pittsburgh, PA 15213",15213,N,South Oakland,4,CRIM MISCHIEF (GRAFFITI),"3304(a)(4) CRIMINAL MISCHIEF- Intentionally Damage Property (By Graffiti, Aerosol Spray Paint, Broad Tip Marker, or Similar)",409,6,3,-79.96352991,40.4356028
9,147269067,17001306,14,2017-01-04T12:40:00,2017-01-04,12:40:00,"Melba Pl Pittsburgh, PA 15213",15213,N,Central Oakland,4,CRIM MISCHIEF (GRAFFITI),"3304(a)(4) CRIMINAL MISCHIEF- Intentionally Damage Property (By Graffiti, Aerosol Spray Paint, Broad Tip Marker, or Similar)",406,3,3,-79.95405922,40.43734427
10,147269791,17001307,14,2017-01-04T12:45:00,2017-01-04,12:45:00,"400 Block Atwood St Pittsburgh, PA 15213",15213,N,Central Oakland,4,CRIM MISCHIEF (GRAFFITI),"3304(a)(4) CRIMINAL MISCHIEF- Intentionally Damage Property (By Graffiti, Aerosol Spray Paint, Broad Tip Marker, or Similar)",406,3,3,-79.95395185,40.43805592
11,147270293,17001308,14,2017-01-04T12:50:00,2017-01-04,12:50:00,"400 Block Atwood St Pittsburgh, PA 15213",15213,N,Central Oakland,4,CRIM MISCHIEF (GRAFFITI),"3304(a)(4) CRIMINAL MISCHIEF- Intentionally Damage Property (By Graffiti, Aerosol Spray Paint, Broad Tip Marker, or Similar)",406,3,3,-79.95395185,40.43805592
13,147272847,17001310,14,2017-01-04T13:00:00,2017-01-04,13:00:00,"Frew St Ext & Schenley Dr Pittsburgh, PA 15217",15217,N,Squirrel Hill South,4,CRIM MISCHIEF (GRAFFITI),"3304(a)(4) CRIMINAL MISCHIEF- Intentionally Damage Property (By Graffiti, Aerosol Spray Paint, Broad Tip Marker, or Similar)",1413,5,3,-79.94818522,40.44079909
107,146928454,16236464,14,2016-12-31T08:10:00,2016-12-31,08:10:00,"3600 Block Bates St Pittsburgh, PA 15213",15213,N,Central Oakland,4,CRIM MISCHIEF (GRAFFITI),"3304(a)(4) CRIMINAL MISCHIEF- Intentionally Damage Property (By Graffiti, Aerosol Spray Paint, Broad Tip Marker, or Similar)",406,3,3,-79.95478664,40.43711319
108,146928473,16236465,14,2016-12-31T08:30:00,2016-12-31,08:30:00,"5800 Block Ellsworth Ave Pittsburgh, PA 15232",15232,N,Shadyside,4,CRIM MISCHIEF (GRAFFITI),"3304(a)(4) CRIMINAL MISCHIEF- Intentionally Damage Property (By Graffiti, Aerosol Spray Paint, Broad Tip Marker, or Similar)",705,8,2,-79.93043455,40.4558496
109,146928500,16236466,14,2016-12-31T08:45:00,2016-12-31,08:45:00,"1800 Block Murray Ave Pittsburgh, PA 15217",15217,N,Squirrel Hill South,4,CRIM MISCHIEF (GRAFFITI),"3304(a)(4) CRIMINAL MISCHIEF- Intentionally Damage Property (By Graffiti, Aerosol Spray Paint, Broad Tip Marker, or Similar)",1413,5,3,-79.92317576,40.43671034
110,146928847,16236467,14,2016-12-31T11:00:00,2016-12-31,11:00:00,"700 Block Greenfield Ave Pittsburgh, PA 15217",15217,N,Greenfield,4,CRIM MISCHIEF (GRAFFITI),"3304(a)(4) CRIMINAL MISCHIEF- Intentionally Damage Property (By Graffiti, Aerosol Spray Paint, Broad Tip Marker, or Similar)",1517,5,3,-79.93814526,40.4250358
111,146928859,16236468,14,2016-12-31T10:45:00,2016-12-31,10:45:00,"5600 Block Hobart St Pittsburgh, PA 15217",15217,N,Squirrel Hill South,4,CRIM MISCHIEF (GRAFFITI),"3304(a)(4) CRIMINAL MISCHIEF- Intentionally Damage Property (By Graffiti, Aerosol Spray Paint, Broad Tip Marker, or Similar)",1413,5,3,-79.9274037,40.43256244
112,146928870,16236469,14,2016-12-31T10:50:00,2016-12-31,10:50:00,"2200 Block Shady Ave Pittsburgh, PA 15217",15217,N,Squirrel Hill South,4,CRIM MISCHIEF (GRAFFITI),"3304(a)(4) CRIMINAL MISCHIEF- Intentionally Damage Property (By Graffiti, Aerosol Spray Paint, Broad Tip Marker, or Similar)",1408,5,3,-79.91877511,40.43336897
113,146928881,16236470,14,2016-12-31T10:40:00,2016-12-31,10:40:00,"Hobart St & Shady Ave Pittsburgh, PA 15217",15217,N,Squirrel Hill South,4,CRIM MISCHIEF (GRAFFITI),"3304(a)(4) CRIMINAL MISCHIEF- Intentionally Damage Property (By Graffiti, Aerosol Spray Paint, Broad Tip Marker, or Similar)",1408,5,3,-79.91874482,40.43434389
206,147093917,17001403,14,2016-12-28T18:15:00,2016-12-28,18:15:00,"1200 Block Liverpool St Pittsburgh, PA 15233",15233,N,Manchester,1,CRIM MISCHIEF (GRAFFITI),"3304(a)(4) CRIMINAL MISCHIEF- Intentionally Damage Property (By Graffiti, Aerosol Spray Paint, Broad Tip Marker, or Similar)",2107,6,1,-80.02283278,40.4557305
269,147353731,17001314,14,2017-01-05T13:05:00,2017-01-05,13:05:00,"Howe St & Bellefonte St Pittsburgh, PA 15232",15232,N,Shadyside,4,CRIM MISCHIEF (GRAFFITI),"3304(a)(4) CRIMINAL MISCHIEF- Intentionally Damage Property (By Graffiti, Aerosol Spray Paint, Broad Tip Marker, or Similar)",703,8,2,-79.93334717,40.45028922
270,147354254,17001315,14,2017-01-05T13:00:00,2017-01-05,13:00:00,"S Graham St & Brownell St Pittsburgh, PA 15232",15232,N,Shadyside,4,CRIM MISCHIEF (GRAFFITI),"3304(a)(4) CRIMINAL MISCHIEF- Intentionally Damage Property (By Graffiti, Aerosol Spray Paint, Broad Tip Marker, or Similar)",709,8,2,-79.93524224,40.4544765
271,147354732,17001316,14,2017-01-05T12:50:00,2017-01-05,12:50:00,"300 Block S Craig St Pittsburgh, PA 15213",15213,N,North Oakland,4,CRIM MISCHIEF (GRAFFITI),"3304(a)(4) CRIMINAL MISCHIEF- Intentionally Damage Property (By Graffiti, Aerosol Spray Paint, Broad Tip Marker, or Similar)",404,8,3,-79.94938724,40.44559065
285,147163947,17001300,14,2017-01-03T12:55:00,2017-01-03,12:55:00,"2400 Block 5th Ave Pittsburgh, PA 15213",15213,N,South Oakland,4,CRIM MISCHIEF (GRAFFITI),"3304(a)(4) CRIMINAL MISCHIEF- Intentionally Damage Property (By Graffiti, Aerosol Spray Paint, Broad Tip Marker, or Similar)",409,6,3,-79.9700702,40.43680321
287,147175091,17001301,14,2017-01-03T12:40:00,2017-01-03,12:40:00,"3200 Block 5th Ave Pittsburgh, PA 15213",15213,N,South Oakland,4,CRIM MISCHIEF (GRAFFITI),"3304(a)(4) CRIMINAL MISCHIEF- Intentionally Damage Property (By Graffiti, Aerosol Spray Paint, Broad Tip Marker, or Similar)",409,6,3,-79.96492979,40.43734674
288,147177385,17001302,14,2017-01-03T12:10:00,2017-01-03,12:10:00,"Overlook Dr Pittsburgh, PA 15217",15217,N,Central Oakland,4,CRIM MISCHIEF (GRAFFITI),"3304(a)(4) CRIMINAL MISCHIEF- Intentionally Damage Property (By Graffiti, Aerosol Spray Paint, Broad Tip Marker, or Similar)",405,5,3,-79.94606268,40.43483849
290,147204429,17001303,14,2017-01-04T12:20:00,2017-01-04,12:20:00,"3300 Block Juliet St Pittsburgh, PA 15213",15213,N,South Oakland,4,CRIM MISCHIEF (GRAFFITI),"3304(a)(4) CRIMINAL MISCHIEF- Intentionally Damage Property (By Graffiti, Aerosol Spray Paint, Broad Tip Marker, or Similar)",409,3,3,-79.95627289,40.43323575
291,147205651,17001304,14,2017-01-04T12:20:00,2017-01-04,12:20:00,"3400 Block St James Pl Pittsburgh, PA 15213",15213,N,West Oakland,5,CRIM MISCHIEF (GRAFFITI),"3304(a)(4) CRIMINAL MISCHIEF- Intentionally Damage Property (By Graffiti, Aerosol Spray Paint, Broad Tip Marker, or Similar)",402,3,3,-79.95523312,40.43638939
293,147206429,17001305,14,2017-01-04T12:35:00,2017-01-04,12:35:00,"400 Block Semple St Pittsburgh, PA 15213",15213,N,Central Oakland,4,CRIM MISCHIEF (GRAFFITI),"3304(a)(4) CRIMINAL MISCHIEF- Intentionally Damage Property (By Graffiti, Aerosol Spray Paint, Broad Tip Marker, or Similar)",406,3,3,-79.95499122,40.43692944
302,147355468,17001317,14,2017-01-05T12:45:00,2017-01-05,12:45:00,"300 Block N Craig St Pittsburgh, PA 15213",15213,N,North Oakland,4,CRIM MISCHIEF (GRAFFITI),"3304(a)(4) CRIMINAL MISCHIEF- Intentionally Damage Property (By Graffiti, Aerosol Spray Paint, Broad Tip Marker, or Similar)",507,8,3,-79.94938724,40.44559065
303,147355950,17001318,14,2017-01-05T12:30:00,2017-01-05,12:30:00,"Filmore St & S Neville St Pittsburgh, PA 15213",15213,N,North Oakland,4,CRIM MISCHIEF (GRAFFITI),"3304(a)(4) CRIMINAL MISCHIEF- Intentionally Damage Property (By Graffiti, Aerosol Spray Paint, Broad Tip Marker, or Similar)",404,8,3,-79.94658277,40.4454467
304,147365845,17001319,14,2017-01-06T11:20:00,2017-01-06,11:20:00,"Murray Ave & Lilac St Pittsburgh, PA 15217",15217,N,Greenfield,4,CRIM MISCHIEF (GRAFFITI),"3304(a)(4) CRIMINAL MISCHIEF- Intentionally Damage Property (By Graffiti, Aerosol Spray Paint, Broad Tip Marker, or Similar)",1517,5,3,-79.92865165,40.42320644
305,147367043,17001320,14,2017-01-06T12:10:00,2017-01-06,12:10:00,"2nd Ave & Hot Metal St Brg Pittsburgh, PA 15213",15213,N,South Oakland,4,CRIM MISCHIEF (GRAFFITI),"3304(a)(4) CRIMINAL MISCHIEF- Intentionally Damage Property (By Graffiti, Aerosol Spray Paint, Broad Tip Marker, or Similar)",409,,,0,0
306,147367845,17001321,14,2017-01-06T12:20:00,2017-01-06,12:20:00,"4600 Block Irvine St Pittsburgh, PA 15207",15207,N,Hazelwood,4,CRIM MISCHIEF (GRAFFITI),"3304(a)(4) CRIMINAL MISCHIEF- Intentionally Damage Property (By Graffiti, Aerosol Spray Paint, Broad Tip Marker, or Similar)",1501,5,3,-79.94589746,40.41457328
307,147368507,17001322,14,2017-01-06T12:25:00,2017-01-06,12:25:00,"4800 Block 2nd Ave Pittsburgh, PA 15207",15207,N,Hazelwood,4,CRIM MISCHIEF (GRAFFITI),"3304(a)(4) CRIMINAL MISCHIEF- Intentionally Damage Property (By Graffiti, Aerosol Spray Paint, Broad Tip Marker, or Similar)",1515,5,3,-79.94483218,40.41112924
308,147368844,17001323,14,2017-01-06T12:50:00,2017-01-06,12:50:00,"5200 Block Interboro Ave Pittsburgh, PA 15207",15207,N,Lincoln Place,4,CRIM MISCHIEF (GRAFFITI),"3304(a)(4) CRIMINAL MISCHIEF- Intentionally Damage Property (By Graffiti, Aerosol Spray Paint, Broad Tip Marker, or Similar)",3102,5,3,-79.91291244,40.37023724
357,147304324,17001312,14,2017-01-05T13:50:00,2017-01-05,13:50:00,"6300 Block Burchfield Ave Pittsburgh, PA 15217",15217,N,Point Breeze,4,CRIM MISCHIEF (GRAFFITI),"3304(a)(4) CRIMINAL MISCHIEF- Intentionally Damage Property (By Graffiti, Aerosol Spray Paint, Broad Tip Marker, or Similar)",1404,5,3,-79.92333497,40.42654664
358,147305576,17001313,14,2017-01-05T13:15:00,2017-01-05,13:15:00,"200 Block Lehigh Ave Pittsburgh, PA 15232",15232,N,Shadyside,4,CRIM MISCHIEF (GRAFFITI),"3304(a)(4) CRIMINAL MISCHIEF- Intentionally Damage Property (By Graffiti, Aerosol Spray Paint, Broad Tip Marker, or Similar)",705,8,2,-79.92646303,40.45844978
443,147480304,17004997,14,2017-01-09T10:30:00,2017-01-09,10:30:00,"46th St Pittsburgh, PA 15201",15201,N,Central Business District,2,CRIM MISCHIEF (GRAFFITI),"3304(a)(4) CRIMINAL MISCHIEF- Intentionally Damage Property (By Graffiti, Aerosol Spray Paint, Broad Tip Marker, or Similar)",201,,,0,0
477,147530682,17005107,14,2017-01-09T08:00:00,2017-01-09,08:00:00,"4400 Block Forbes Ave Pittsburgh, PA 15213",15213,N,North Oakland,4,CRIM MISCHIEF (GRAFFITI),"3304(a)(4) CRIMINAL MISCHIEF- Intentionally Damage Property (By Graffiti, Aerosol Spray Paint, Broad Tip Marker, or Similar)",404,8,3,-79.94909877,40.44369849
540,147222570,17002177,14,2017-01-02T23:00:00,2017-01-02,23:00:00,"4100 Block Butler St Pittsburgh, PA 15201",15201,N,Central Lawrenceville,2,CRIM MISCHIEF (GRAFFITI),"3304(a)(4) CRIMINAL MISCHIEF- Intentionally Damage Property (By Graffiti, Aerosol Spray Paint, Broad Tip Marker, or Similar)",901,7,2,-79.96107688,40.46940283
653,146842856,16236446,14,2016-12-29T13:50:00,2016-12-29,13:50:00,"3200 Block Blvd Of The Allies Pittsburgh, PA 15213",15213,N,South Oakland,4,CRIM MISCHIEF (GRAFFITI),"3304(a)(4) CRIMINAL MISCHIEF- Intentionally Damage Property (By Graffiti, Aerosol Spray Paint, Broad Tip Marker, or Similar)",409,6,3,-79.9628286,40.43565092
654,146843059,16236448,14,2016-12-29T14:00:00,2016-12-29,14:00:00,"3200 Block Juliet St Pittsburgh, PA 15213",15213,N,South Oakland,4,CRIM MISCHIEF (GRAFFITI),"3304(a)(4) CRIMINAL MISCHIEF- Intentionally Damage Property (By Graffiti, Aerosol Spray Paint, Broad Tip Marker, or Similar)",409,3,3,-79.95663901,40.43164687
655,146843559,16236449,14,2016-12-29T14:10:00,2016-12-29,14:10:00,"3300 Block ward St Pittsburgh, PA 15213",15213,N,South Oakland,4,CRIM MISCHIEF (GRAFFITI),"3304(a)(4) CRIMINAL MISCHIEF- Intentionally Damage Property (By Graffiti, Aerosol Spray Paint, Broad Tip Marker, or Similar)",409,3,3,-79.95484339,40.43314887
656,146843904,16236450,14,2016-12-29T14:20:00,2016-12-29,14:20:00,"400 Block Mc Kee Pl Pittsburgh, PA 15213",15213,N,Central Oakland,4,CRIM MISCHIEF (GRAFFITI),"3304(a)(4) CRIMINAL MISCHIEF- Intentionally Damage Property (By Graffiti, Aerosol Spray Paint, Broad Tip Marker, or Similar)",406,3,3,-79.95543502,40.43661525
658,146844558,16236452,14,2016-12-29T14:35:00,2016-12-29,14:35:00,"500 Block Semple St Pittsburgh, PA 15213",15213,N,Central Oakland,4,CRIM MISCHIEF (GRAFFITI),"3304(a)(4) CRIMINAL MISCHIEF- Intentionally Damage Property (By Graffiti, Aerosol Spray Paint, Broad Tip Marker, or Similar)",406,3,3,-79.95419774,40.43635406
659,146845460,16236453,14,2016-12-29T14:40:00,2016-12-29,14:40:00,"3500 Block Cable Pl Pittsburgh, PA 15213",15213,N,Central Oakland,4,CRIM MISCHIEF (GRAFFITI),"3304(a)(4) CRIMINAL MISCHIEF- Intentionally Damage Property (By Graffiti, Aerosol Spray Paint, Broad Tip Marker, or Similar)",406,3,3,-79.95382045,40.43636607
660,146846428,16236454,14,2016-12-29T14:45:00,2016-12-29,14:45:00,"3400 Block Bates St Pittsburgh, PA 15213",15213,N,Central Oakland,4,CRIM MISCHIEF (GRAFFITI),"3304(a)(4) CRIMINAL MISCHIEF- Intentionally Damage Property (By Graffiti, Aerosol Spray Paint, Broad Tip Marker, or Similar)",405,3,3,-79.95632907,40.4351332
662,146846768,16236455,14,2016-12-29T14:50:00,2016-12-29,14:50:00,"3600 Block Bates St Pittsburgh, PA 15213",15213,N,Central Oakland,4,CRIM MISCHIEF (GRAFFITI),"3304(a)(4) CRIMINAL MISCHIEF- Intentionally Damage Property (By Graffiti, Aerosol Spray Paint, Broad Tip Marker, or Similar)",406,3,3,-79.95478664,40.43711319
663,146846780,16236456,14,2016-12-29T15:00:00,2016-12-29,15:00:00,"S Bouquet St & Dawson St Pittsburgh, PA 15213",15213,N,Central Oakland,4,CRIM MISCHIEF (GRAFFITI),"3304(a)(4) CRIMINAL MISCHIEF- Intentionally Damage Property (By Graffiti, Aerosol Spray Paint, Broad Tip Marker, or Similar)",406,3,3,-79.95155143,40.43922067
664,146846831,16236457,14,2016-12-29T15:10:00,2016-12-29,15:10:00,"5th Ave & Robinson St Pittsburgh, PA 15213",15213,N,West Oakland,4,CRIM MISCHIEF (GRAFFITI),"3304(a)(4) CRIMINAL MISCHIEF- Intentionally Damage Property (By Graffiti, Aerosol Spray Paint, Broad Tip Marker, or Similar)",402,6,3,-79.96535778,40.43774389
665,146846868,16236458,14,2016-12-29T15:15:00,2016-12-29,15:15:00,"100 Block Robinson St Pittsburgh, PA 15213",15213,N,West Oakland,4,CRIM MISCHIEF (GRAFFITI),"3304(a)(4) CRIMINAL MISCHIEF- Intentionally Damage Property (By Graffiti, Aerosol Spray Paint, Broad Tip Marker, or Similar)",402,6,3,-79.96550525,40.43874672
666,146846934,16236459,14,2016-12-29T15:20:00,2016-12-29,15:20:00,"200 Block Robinson St Pittsburgh, PA 15213",15213,N,West Oakland,4,CRIM MISCHIEF (GRAFFITI),"3304(a)(4) CRIMINAL MISCHIEF- Intentionally Damage Property (By Graffiti, Aerosol Spray Paint, Broad Tip Marker, or Similar)",402,6,3,-79.96533382,40.44047972
667,146847518,16236460,14,2016-12-29T15:25:00,2016-12-29,15:25:00,"Filmore St & S Neville St Pittsburgh, PA 15213",15213,N,North Oakland,4,CRIM MISCHIEF (GRAFFITI),"3304(a)(4) CRIMINAL MISCHIEF- Intentionally Damage Property (By Graffiti, Aerosol Spray Paint, Broad Tip Marker, or Similar)",404,8,3,-79.94658277,40.4454467
668,146847560,16236461,14,2016-12-29T15:30:00,2016-12-29,15:30:00,"4600 Block Centre Ave Pittsburgh, PA 15213",15213,N,North Oakland,4,CRIM MISCHIEF (GRAFFITI),"3304(a)(4) CRIMINAL MISCHIEF- Intentionally Damage Property (By Graffiti, Aerosol Spray Paint, Broad Tip Marker, or Similar)",507,6,3,-79.95200973,40.45194542
690,146847600,16236462,14,2016-12-29T15:35:00,2016-12-29,15:35:00,"400 Block Melwood Ave Pittsburgh, PA 15213",15213,N,North Oakland,4,CRIM MISCHIEF (GRAFFITI),"3304(a)(4) CRIMINAL MISCHIEF- Intentionally Damage Property (By Graffiti, Aerosol Spray Paint, Broad Tip Marker, or Similar)",507,6,3,-79.95193128,40.45412745
691,146847728,16236463,14,2016-12-29T15:45:00,2016-12-29,15:45:00,"400 Block melwood Ave Pittsburgh, PA 15213",15213,N,North Oakland,4,CRIM MISCHIEF (GRAFFITI),"3304(a)(4) CRIMINAL MISCHIEF- Intentionally Damage Property (By Graffiti, Aerosol Spray Paint, Broad Tip Marker, or Similar)",507,6,3,-79.95193128,40.45412745
697,146843027,16236447,14,2016-12-29T13:55:00,2016-12-29,13:55:00,"3200 Block Niagara St Pittsburgh, PA 15213",15213,N,South Oakland,4,CRIM MISCHIEF (GRAFFITI),"3304(a)(4) CRIMINAL MISCHIEF- Intentionally Damage Property (By Graffiti, Aerosol Spray Paint, Broad Tip Marker, or Similar)",409,3,3,-79.96037784,40.43389154
1047,-2858000074,16241304,14,2016-12-29T14:40:00,2016-12-29,14:40:00,"300 Block Atwood St Pittsburgh, PA 15213",15213,N,Central Oakland,4,CRIM MISCHIEF (GRAFFITI),"3304(a)(4) CRIMINAL MISCHIEF- Intentionally Damage Property (By Graffiti, Aerosol Spray Paint, Broad Tip Marker, or Similar)",405,3,3,-79.95594514,40.43951759
1048,-2858000085,16241306,14,2016-12-29T15:00:00,2016-12-29,15:00:00,"400 Block Atwood St Pittsburgh, PA 15213",15213,N,Central Oakland,4,CRIM MISCHIEF (GRAFFITI),"3304(a)(4) CRIMINAL MISCHIEF- Intentionally Damage Property (By Graffiti, Aerosol Spray Paint, Broad Tip Marker, or Similar)",406,3,3,-79.95395185,40.43805592
1049,-2858000108,16241325,14,2016-12-29T15:20:00,2016-12-29,15:20:00,"400 Block Atwood St Pittsburgh, PA 15213",15213,N,Central Oakland,4,CRIM MISCHIEF (GRAFFITI),"3304(a)(4) CRIMINAL MISCHIEF- Intentionally Damage Property (By Graffiti, Aerosol Spray Paint, Broad Tip Marker, or Similar)",406,3,3,-79.95395185,40.43805592
1082,-3011000129,16240597,14,2016-12-28T11:05:00,2016-12-28,11:05:00,"5th Ave & N Dithridge St Pittsburgh, PA 15213",15213,N,North Oakland,4,CRIM MISCHIEF (GRAFFITI),"3304(a)(4) CRIMINAL MISCHIEF- Intentionally Damage Property (By Graffiti, Aerosol Spray Paint, Broad Tip Marker, or Similar)",404,8,3,-79.95058847,40.4467997
1219,147564351,17001324,14,2017-01-10T12:10:00,2017-01-10,12:10:00,"200 Block Shady Ave Pittsburgh, PA 15206",15206,N,Shadyside,4,CRIM MISCHIEF (GRAFFITI),"3304(a)(4) CRIMINAL MISCHIEF- Intentionally Damage Property (By Graffiti, Aerosol Spray Paint, Broad Tip Marker, or Similar)",708,8,2,-79.92206668,40.45924818
1221,147566509,17001325,14,2017-01-10T12:00:00,2017-01-10,12:00:00,"500 Block S Negley Ave Pittsburgh, PA 15232",15232,N,Shadyside,4,CRIM MISCHIEF (GRAFFITI),"3304(a)(4) CRIMINAL MISCHIEF- Intentionally Damage Property (By Graffiti, Aerosol Spray Paint, Broad Tip Marker, or Similar)",705,9,2,-79.92772404,40.46781152
1233,146747715,16240533,14,2016-12-28T08:00:00,2016-12-28,08:00:00,"3400 Block Charlotte St Pittsburgh, PA 15201",15201,N,Lower Lawrenceville,2,CRIM MISCHIEF (GRAFFITI),"3304(a)(4) CRIMINAL MISCHIEF- Intentionally Damage Property (By Graffiti, Aerosol Spray Paint, Broad Tip Marker, or Similar) / 9130 Graffiti Investigation",603,7,2,-79.96799287,40.4630307
1388,146679393,16231456,14,2016-12-27T08:00:00,2016-12-27,08:00:00,"4700 Block Lougean Ave Pittsburgh, PA 15207",15207,Y,Lincoln Place,4,CRIM MISCHIEF (GRAFFITI),"3304(a)(4) CRIMINAL MISCHIEF- Intentionally Damage Property (By Graffiti, Aerosol Spray Paint, Broad Tip Marker, or Similar)",3102,5,3,-79.91056608,40.37788255
1389,147613452,17001326,14,2017-01-10T11:40:00,2017-01-10,11:40:00,"2700 Block Beechwood Blvd Pittsburgh, PA 15217",15217,N,Squirrel Hill South,4,CRIM MISCHIEF (GRAFFITI),"3304(a)(4) CRIMINAL MISCHIEF- Intentionally Damage Property (By Graffiti, Aerosol Spray Paint, Broad Tip Marker, or Similar)",1414,5,3,-79.91694908,40.42595931
1392,147614365,17001327,14,2017-01-10T11:30:00,2017-01-10,11:30:00,"Hobart St & Wightman St Pittsburgh, PA 15217",15217,N,Squirrel Hill South,4,CRIM MISCHIEF (GRAFFITI),"3304(a)(4) CRIMINAL MISCHIEF- Intentionally Damage Property (By Graffiti, Aerosol Spray Paint, Broad Tip Marker, or Similar)",1413,5,3,-79.927561,40.43260747
1393,147617116,17001328,14,2017-01-10T10:50:00,2017-01-10,10:50:00,"5800 Block Forbes Ave Pittsburgh, PA 15217",15217,N,Squirrel Hill North,4,CRIM MISCHIEF (GRAFFITI),"3304(a)(4) CRIMINAL MISCHIEF- Intentionally Damage Property (By Graffiti, Aerosol Spray Paint, Broad Tip Marker, or Similar)",1403,5,3,-79.92280592,40.43784637
1467,147494936,17005050,14,2017-01-08T12:00:00,2017-01-08,12:00:00,"Brighton Rd & W North Ave Pittsburgh, PA 15233",15233,N,Central North Side,1,CRIM MISCHIEF (GRAFFITI),"3304(a)(4) CRIMINAL MISCHIEF- Intentionally Damage Property (By Graffiti, Aerosol Spray Paint, Broad Tip Marker, or Similar)",2206,1,1,-80.01456809,40.45396617
1608,-2858000143,16241410,14,2016-12-29T16:20:00,2016-12-29,16:20:00,"Frew St Ext & Schenley Dr Pittsburgh, PA 15217",15217,N,Squirrel Hill South,4,CRIM MISCHIEF (GRAFFITI),"3304(a)(4) CRIMINAL MISCHIEF- Intentionally Damage Property (By Graffiti, Aerosol Spray Paint, Broad Tip Marker, or Similar)",1413,5,3,-79.94818522,40.44079909
1614,-2992000022,16240519,14,2016-12-27T14:30:00,2016-12-27,14:30:00,"500 Block Forbes Ave Pittsburgh, PA 15219",15219,N,Central Business District,2,CRIM MISCHIEF (GRAFFITI),"3304(a)(4) CRIMINAL MISCHIEF- Intentionally Damage Property (By Graffiti, Aerosol Spray Paint, Broad Tip Marker, or Similar) / 9130 Graffiti Investigation",201,6,6,-79.99606327,40.43816944
1766,146827120,16241143,14,2016-12-29T09:58:00,2016-12-29,09:58:00,"200 Block East Ohio St Pittsburgh, PA 15212",15212,N,Allegheny Center,1,CRIM MISCHIEF (GRAFFITI),"3304(a)(4) CRIMINAL MISCHIEF- Intentionally Damage Property (By Graffiti, Aerosol Spray Paint, Broad Tip Marker, or Similar)",2204,1,1,-80.00366043,40.45302239
1836,146915156,16241862,14,2016-12-30T13:57:00,2016-12-30,13:57:00,"5500 Block Hobart St Pittsburgh, PA 15217",15217,N,Squirrel Hill South,4,CRIM MISCHIEF (GRAFFITI),"3304(a)(4) CRIMINAL MISCHIEF- Intentionally Damage Property (By Graffiti, Aerosol Spray Paint, Broad Tip Marker, or Similar)",1413,5,3,-79.9302501,40.43198521
1837,146917089,16241863,14,2016-12-30T13:58:00,2016-12-30,13:58:00,"5500 Block Hobart St Pittsburgh, PA 15217",15217,N,Squirrel Hill South,4,CRIM MISCHIEF (GRAFFITI),"3304(a)(4) CRIMINAL MISCHIEF- Intentionally Damage Property (By Graffiti, Aerosol Spray Paint, Broad Tip Marker, or Similar)",1413,5,3,-79.9302501,40.43198521
1838,146917427,16242004,14,2016-12-30T15:10:00,2016-12-30,15:10:00,"3400 Block Forbes Ave Pittsburgh, PA 15213",15213,N,Central Oakland,4,CRIM MISCHIEF (GRAFFITI),"3304(a)(4) CRIMINAL MISCHIEF- Intentionally Damage Property (By Graffiti, Aerosol Spray Paint, Broad Tip Marker, or Similar)",405,3,3,-79.96089738,40.4384111
1840,146920653,16242007,14,2016-12-30T15:30:00,2016-12-30,15:30:00,"3700 Block Forbes Ave Pittsburgh, PA 15213",15213,N,Central Oakland,4,CRIM MISCHIEF (GRAFFITI),"3304(a)(4) CRIMINAL MISCHIEF- Intentionally Damage Property (By Graffiti, Aerosol Spray Paint, Broad Tip Marker, or Similar)",405,3,3,-79.95736834,40.44102425
1841,146920887,16242008,14,2016-12-30T15:35:00,2016-12-30,15:35:00,"3700 Block Forbes Ave Pittsburgh, PA 15213",15213,N,Central Oakland,4,CRIM MISCHIEF (GRAFFITI),"3304(a)(4) CRIMINAL MISCHIEF- Intentionally Damage Property (By Graffiti, Aerosol Spray Paint, Broad Tip Marker, or Similar)",405,3,3,-79.95736834,40.44102425
1843,146921369,16242010,14,2016-12-30T15:40:00,2016-12-30,15:40:00,"3700 Block Forbes Ave Pittsburgh, PA 15213",15213,N,Central Oakland,4,CRIM MISCHIEF (GRAFFITI),"3304(a)(4) CRIMINAL MISCHIEF- Intentionally Damage Property (By Graffiti, Aerosol Spray Paint, Broad Tip Marker, or Similar)",405,3,3,-79.95736834,40.44102425
1844,146921537,16242011,14,2016-12-30T15:48:00,2016-12-30,15:48:00,"4600 Block Filmore St Pittsburgh, PA 15213",15213,N,North Oakland,4,CRIM MISCHIEF (GRAFFITI),"3304(a)(4) CRIMINAL MISCHIEF- Intentionally Damage Property (By Graffiti, Aerosol Spray Paint, Broad Tip Marker, or Similar)",404,8,3,-79.94874318,40.44522148
1884,147364665,17003337,14,2017-01-06T12:00:00,2017-01-06,12:00:00,"1900 Block E Carson  St Pittsburgh, PA 15203",15203,N,South Side Flats,3,CRIM MISCHIEF (GRAFFITI),"3304(a)(4) CRIMINAL MISCHIEF- Intentionally Damage Property (By Graffiti, Aerosol Spray Paint, Broad Tip Marker, or Similar)",1702,3,4,-79.97896499,40.42846581
1913,147387382,16231456,14,2016-12-27T08:00:00,2016-12-27,08:00:00,"4700 Block Lougean Ave Pittsburgh, PA 15207",15207,Y,Lincoln Place,4,CRIM MISCHIEF (GRAFFITI),"3304(a)(4) CRIMINAL MISCHIEF- Intentionally Damage Property (By Graffiti, Aerosol Spray Paint, Broad Tip Marker, or Similar)",3102,5,3,-79.91056608,40.37788255
2096,148526419,17008240,14,2017-01-24T11:20:00,2017-01-24,11:20:00,"Swinburne St & 2nd Ave Pittsburgh, PA 15213",15213,N,South Oakland,4,CRIM MISCHIEF (GRAFFITI),"3304(a)(4) CRIMINAL MISCHIEF- Intentionally Damage Property (By Graffiti, Aerosol Spray Paint, Broad Tip Marker, or Similar)",409,3,3,-79.95376996,40.42594801
2418,147852536,17001345,14,2017-01-13T12:10:00,2017-01-13,12:10:00,"Amberson Ave & 5th Ave Pittsburgh, PA 15232",15232,N,Shadyside,4,CRIM MISCHIEF (GRAFFITI),"3304(a)(4) CRIMINAL MISCHIEF- Intentionally Damage Property (By Graffiti, Aerosol Spray Paint, Broad Tip Marker, or Similar)",703,8,3,-79.93883836,40.44768596
2419,147852862,17001346,14,2017-01-13T12:20:00,2017-01-13,12:20:00,"Walnut St & S Negley Ave Pittsburgh, PA 15232",15232,N,Shadyside,4,CRIM MISCHIEF (GRAFFITI),"3304(a)(4) CRIMINAL MISCHIEF- Intentionally Damage Property (By Graffiti, Aerosol Spray Paint, Broad Tip Marker, or Similar)",703,8,2,-79.93097922,40.45206174
2420,147853851,17001347,14,2017-01-13T12:25:00,2017-01-13,12:25:00,"S Highland Ave & Walnut St Pittsburgh, PA 15232",15232,N,Shadyside,4,CRIM MISCHIEF (GRAFFITI),"3304(a)(4) CRIMINAL MISCHIEF- Intentionally Damage Property (By Graffiti, Aerosol Spray Paint, Broad Tip Marker, or Similar)",705,8,2,-79.92534084,40.45416147
2421,147853938,17001348,14,2017-01-13T12:35:00,2017-01-13,12:35:00,"Maryland Ave & Kentucky Ave Pittsburgh, PA 15232",15232,N,Shadyside,4,CRIM MISCHIEF (GRAFFITI),"3304(a)(4) CRIMINAL MISCHIEF- Intentionally Damage Property (By Graffiti, Aerosol Spray Paint, Broad Tip Marker, or Similar)",706,8,2,-79.92790527,40.45120398
2422,147854164,17008237,14,2017-01-13T12:40:00,2017-01-13,12:40:00,"5th Ave & S Highland Ave Pittsburgh, PA 15232",15232,N,Shadyside,4,CRIM MISCHIEF (GRAFFITI),"3304(a)(4) CRIMINAL MISCHIEF- Intentionally Damage Property (By Graffiti, Aerosol Spray Paint, Broad Tip Marker, or Similar)",706,8,3,-79.92397134,40.45193154
2436,147797709,17001337,14,2017-01-12T10:30:00,2017-01-12,10:30:00,"2200 Block Murray Ave Pittsburgh, PA 15217",15217,N,Squirrel Hill South,4,CRIM MISCHIEF (GRAFFITI),"3304(a)(4) CRIMINAL MISCHIEF- Intentionally Damage Property (By Graffiti, Aerosol Spray Paint, Broad Tip Marker, or Similar)",1408,5,3,-79.92337651,40.43222207
2437,147798180,17001338,14,2017-01-12T10:40:00,2017-01-12,10:40:00,"Burchfield Ave & Murray Ave Pittsburgh, PA 15217",15217,N,Squirrel Hill South,4,CRIM MISCHIEF (GRAFFITI),"3304(a)(4) CRIMINAL MISCHIEF- Intentionally Damage Property (By Graffiti, Aerosol Spray Paint, Broad Tip Marker, or Similar)",1414,5,3,-79.92634848,40.42740705
2438,147799477,17001339,14,2017-01-12T10:55:00,2017-01-12,10:55:00,"Hazelwood Ave & 2nd Ave Pittsburgh, PA 15207",15207,N,Hazelwood,4,CRIM MISCHIEF (GRAFFITI),"3304(a)(4) CRIMINAL MISCHIEF- Intentionally Damage Property (By Graffiti, Aerosol Spray Paint, Broad Tip Marker, or Similar)",1501,5,3,-79.94472374,40.41131267
2439,147800779,17001340,14,2017-01-12T12:45:00,2017-01-12,12:45:00,"S Richland Ln & Kensington St Pittsburgh, PA 15221",15221,N,Point Breeze,4,CRIM MISCHIEF (GRAFFITI),"3304(a)(4) CRIMINAL MISCHIEF- Intentionally Damage Property (By Graffiti, Aerosol Spray Paint, Broad Tip Marker, or Similar)",1406,9,3,-79.8993291,40.44236816
2440,147818343,17001341,14,2017-01-13T11:40:00,2017-01-13,11:40:00,"400 Block Semple St Pittsburgh, PA 15213",15213,N,Central Oakland,4,CRIM MISCHIEF (GRAFFITI),"3304(a)(4) CRIMINAL MISCHIEF- Intentionally Damage Property (By Graffiti, Aerosol Spray Paint, Broad Tip Marker, or Similar)",406,3,3,-79.95499122,40.43692944
2441,147818912,17001342,14,2017-01-13T11:45:00,2017-01-13,11:45:00,"400 Block Semple St Pittsburgh, PA 15213",15213,N,Central Oakland,4,CRIM MISCHIEF (GRAFFITI),"3304(a)(4) CRIMINAL MISCHIEF- Intentionally Damage Property (By Graffiti, Aerosol Spray Paint, Broad Tip Marker, or Similar)",406,3,3,-79.95499122,40.43692944
2442,147819853,17001343,14,2017-01-13T11:50:00,2017-01-13,11:50:00,"400 Block Semple St Pittsburgh, PA 15213",15213,N,Central Oakland,4,CRIM MISCHIEF (GRAFFITI),"3304(a)(4) CRIMINAL MISCHIEF- Intentionally Damage Property (By Graffiti, Aerosol Spray Paint, Broad Tip Marker, or Similar)",406,3,3,-79.95499122,40.43692944
2443,147820656,17001344,14,2017-01-13T12:00:00,2017-01-13,12:00:00,"3100 Block Bates St Pittsburgh, PA 15213",15213,N,South Oakland,4,CRIM MISCHIEF (GRAFFITI),"3304(a)(4) CRIMINAL MISCHIEF- Intentionally Damage Property (By Graffiti, Aerosol Spray Paint, Broad Tip Marker, or Similar)",409,3,3,-79.95632907,40.4351332
2699,147915312,17009426,14,2017-01-16T08:00:00,2017-01-16,08:00:00,"2500 Block Bedford Ave Pittsburgh, PA 15219",15219,Y,Bedford Dwellings,2,CRIM MISCHIEF (GRAFFITI),"3304(a)(5) CRIMINAL MISCHIEF - Intentionally Damages Real Or Personal Property Of Another / 3304(a)(4) CRIMINAL MISCHIEF- Intentionally Damage Property (By Graffiti, Aerosol Spray Paint, Broad Tip Marker, or Similar)",509,6,3,-79.97278341,40.45052409
3074,148140155,17008238,14,2017-01-18T13:25:00,2017-01-18,13:25:00,"Reynolds St & S Dallas Ave Pittsburgh, PA 15208",15208,N,Point Breeze,4,CRIM MISCHIEF (GRAFFITI),"3304(a)(4) CRIMINAL MISCHIEF- Intentionally Damage Property (By Graffiti, Aerosol Spray Paint, Broad Tip Marker, or Similar)",1404,8,3,-79.91015815,40.44876102
3075,148140648,17008239,14,2017-01-18T12:45:00,2017-01-18,12:45:00,"2500 Block Allequippa St Pittsburgh, PA 15213",15213,N,West Oakland,4,CRIM MISCHIEF (GRAFFITI),"3304(a)(4) CRIMINAL MISCHIEF- Intentionally Damage Property (By Graffiti, Aerosol Spray Paint, Broad Tip Marker, or Similar)",402,6,3,-79.96771043,40.44111815
3175,147733851,17001329,14,2017-01-11T13:25:00,2017-01-11,13:25:00,"4600 Block Forbes Ave Pittsburgh, PA 15213",15213,N,Squirrel Hill North,4,CRIM MISCHIEF (GRAFFITI),"3304(a)(4) CRIMINAL MISCHIEF- Intentionally Damage Property (By Graffiti, Aerosol Spray Paint, Broad Tip Marker, or Similar)",1401,8,3,-79.9485888,40.44439161
3176,147736232,17001330,14,2017-01-11T13:45:00,2017-01-11,13:45:00,"Baum Blvd & Melwood Ave Pittsburgh, PA 15213",15213,N,North Oakland,4,CRIM MISCHIEF (GRAFFITI),"3304(a)(4) CRIMINAL MISCHIEF- Intentionally Damage Property (By Graffiti, Aerosol Spray Paint, Broad Tip Marker, or Similar)",507,6,3,-79.95194139,40.45403052
3177,147737726,17001331,14,2017-01-11T13:45:00,2017-01-11,13:45:00,"Walnut St & Emerson St Pittsburgh, PA 15206",15206,N,Shadyside,4,CRIM MISCHIEF (GRAFFITI),"3304(a)(4) CRIMINAL MISCHIEF- Intentionally Damage Property (By Graffiti, Aerosol Spray Paint, Broad Tip Marker, or Similar)",706,8,2,-79.92387238,40.4550506
3178,147738695,17001332,14,2017-01-11T14:00:00,2017-01-11,14:00:00,"Annie Pl & Centre Ave Pittsburgh, PA 15206",15206,N,Shadyside,4,CRIM MISCHIEF (GRAFFITI),"3304(a)(4) CRIMINAL MISCHIEF- Intentionally Damage Property (By Graffiti, Aerosol Spray Paint, Broad Tip Marker, or Similar)",709,8,2,-79.92393691,40.4602778
3179,147739685,17001333,14,2017-01-11T14:15:00,2017-01-11,14:15:00,"5th Ave & Beechwood Blvd Pittsburgh, PA 15206",15206,N,Shadyside,4,CRIM MISCHIEF (GRAFFITI),"3304(a)(4) CRIMINAL MISCHIEF- Intentionally Damage Property (By Graffiti, Aerosol Spray Paint, Broad Tip Marker, or Similar)",708,8,3,-79.91535481,40.45361379
3180,147741049,17001334,14,2017-01-12T09:55:00,2017-01-12,09:55:00,"5th Ave & N Dithridge St Pittsburgh, PA 15213",15213,N,North Oakland,4,CRIM MISCHIEF (GRAFFITI),"3304(a)(4) CRIMINAL MISCHIEF- Intentionally Damage Property (By Graffiti, Aerosol Spray Paint, Broad Tip Marker, or Similar)",404,8,3,-79.95058847,40.4467997
3181,147743594,17001335,14,2017-01-12T10:10:00,2017-01-12,10:10:00,"Forbes Ave & Beeler St Pittsburgh, PA 15213",15213,N,Squirrel Hill North,4,CRIM MISCHIEF (GRAFFITI),"3304(a)(4) CRIMINAL MISCHIEF- Intentionally Damage Property (By Graffiti, Aerosol Spray Paint, Broad Tip Marker, or Similar)",1401,8,3,-79.93879578,40.44388173
3182,147745244,17001336,14,2017-01-12T10:25:00,2017-01-12,10:25:00,"Flemington St & Murray Ave Pittsburgh, PA 15217",15217,N,Greenfield,4,CRIM MISCHIEF (GRAFFITI),"3304(a)(4) CRIMINAL MISCHIEF- Intentionally Damage Property (By Graffiti, Aerosol Spray Paint, Broad Tip Marker, or Similar)",1517,5,3,-79.92764303,40.42627059
3376,148304599,17012109,14,2017-01-20T13:00:00,2017-01-20,13:00:00,"200 Block S Mathilda St Pittsburgh, PA 15224",15224,N,Bloomfield,5,CRIM MISCHIEF (GRAFFITI),"3304(a)(4) CRIMINAL MISCHIEF- Intentionally Damage Property (By Graffiti, Aerosol Spray Paint, Broad Tip Marker, or Similar)",809,7,2,-79.94679158,40.46502427
3417,148284868,17011906,14,2017-01-20T04:50:00,2017-01-20,04:50:00,"100 Block Spencer Ave Pittsburgh, PA 15227",15227,N,Carrick,3,CRIM MISCHIEF (GRAFFITI),"3304(a)(4) CRIMINAL MISCHIEF- Intentionally Damage Property (By Graffiti, Aerosol Spray Paint, Broad Tip Marker, or Similar)",2904,4,4,-79.97720011,40.38549396
3443,148351635,17001405,14,2017-01-21T14:05:00,2017-01-21,14:05:00,"W Carson St & Stanhope St Pittsburgh, PA 15204",15204,Y,Esplen,6,CRIM MISCHIEF (GRAFFITI),"3304(a)(4) CRIMINAL MISCHIEF- Intentionally Damage Property (By Graffiti, Aerosol Spray Paint, Broad Tip Marker, or Similar)",2017,2,5,-80.05317377,40.46442864
3585,148109384,17010743,14,2017-01-18T10:00:00,2017-01-18,10:00:00,"1000 Block Becks Run Rd Pittsburgh, PA 15210",15210,N,Arlington,3,CRIM MISCHIEF (GRAFFITI),"3304(a)(4) CRIMINAL MISCHIEF- Intentionally Damage Property (By Graffiti, Aerosol Spray Paint, Broad Tip Marker, or Similar)",1603,3,4,-79.9570713,40.41090949
3594,148104192,17009426,14,2017-01-18T10:15:00,2017-01-18,10:15:00,"600 Block 1st Ave Pittsburgh, PA 15219",15219,Y,Bedford Dwellings,2,CRIM MISCHIEF (GRAFFITI),"3304(a)(5) CRIMINAL MISCHIEF - Intentionally Damages Real Or Personal Property Of Another / 3304(a)(4) CRIMINAL MISCHIEF- Intentionally Damage Property (By Graffiti, Aerosol Spray Paint, Broad Tip Marker, or Similar)",509,6,6,-79.99630099,40.43469659
46,146719554,16240370,1,2016-12-27T22:40:00,2016-12-27,22:40:00,"200 Block Shetland St Pittsburgh, PA 15206",15206,N,Larimer,5,CRIMINAL HOMICIDE,2501 Criminal Homicide.,1204,9,2,-79.910475,40.46454405
351,147080136,17001283,1,2017-01-03T05:15:00,2017-01-03,05:15:00,"7700 Block Frankstown Ave Pittsburgh, PA 15221",15221,N,Homewood North,5,CRIMINAL HOMICIDE,2501 Criminal Homicide.,1301,9,2,-79.88809679,40.45547002
2078,147901031,17009245,1,2017-01-15T22:07:00,2017-01-15,22:07:00,"500 Block Fannel St Pittsburgh, PA 15224",15224,N,Garfield,5,CRIMINAL HOMICIDE,2501 Criminal Homicide.,1016,9,2,-79.93586748,40.4689184
19,147444638,17004480,14,2017-01-08T11:30:00,2017-01-08,11:30:00,"5000 Block Centre Ave Pittsburgh, PA 15232",15232,N,Shadyside,4,CRIMINAL MISCHIEF,3304(a)(5) CRIMINAL MISCHIEF - Intentionally Damages Real Or Personal Property Of Another,709,8,2,-79.94403426,40.45411895
47,146746263,16240559,14,2016-12-26T23:00:00,2016-12-26,23:00:00,"30 Block Boggs Ave Pittsburgh, PA 15211",15211,N,Mount Washington,3,CRIMINAL MISCHIEF,3304(a)(5) CRIMINAL MISCHIEF - Intentionally Damages Real Or Personal Property Of Another,1915,2,5,-80.00645085,40.42686919
128,146684933,16240120,14,2016-12-27T14:14:00,2016-12-27,14:14:00,"10 Block Allegheny Sq E Pittsburgh, PA 15212",15212,N,Allegheny Center,1,CRIMINAL MISCHIEF,3304(a)(5) CRIMINAL MISCHIEF - Intentionally Damages Real Or Personal Property Of Another,2204,5,3,-79.93701273,40.40043528
141,146951936,17000030,14,2016-12-31T18:30:00,2016-12-31,18:30:00,"100 Block Brownsville Rd Pittsburgh, PA 15210",15210,Y,Outside City,OSC,CRIMINAL MISCHIEF,3304(a)(5) CRIMINAL MISCHIEF - Intentionally Damages Real Or Personal Property Of Another,5599,,,-79.98665357,40.4175896
262,147056985,17001131,14,2017-01-01T04:30:00,2017-01-01,04:30:00,"6600 Block Forward Ave Pittsburgh, PA 15218",15218,N,Squirrel Hill South,4,CRIMINAL MISCHIEF,3304(a)(5) CRIMINAL MISCHIEF - Intentionally Damages Real Or Personal Property Of Another,1408,5,3,-79.91478804,40.42806862
416,147400580,17003692,14,2017-01-06T22:58:00,2017-01-06,22:58:00,"100 Block Claus Ave Pittsburgh, PA 15227",15227,Y,Carrick,3,CRIMINAL MISCHIEF,3304(a)(5) CRIMINAL MISCHIEF - Intentionally Damages Real Or Personal Property Of Another,2904,4,4,-79.97959245,40.38332865
442,147712074,17006812,14,2017-01-12T06:45:00,2017-01-12,06:45:00,"5900 Block Alder St Pittsburgh, PA 15232",15232,N,Shadyside,4,CRIMINAL MISCHIEF,3304(a)(5) CRIMINAL MISCHIEF - Intentionally Damages Real Or Personal Property Of Another,705,8,2,-79.92873426,40.45631979
466,147694357,17006703,14,2017-01-12T01:12:00,2017-01-12,01:12:00,"900 Block Manton Way Pittsburgh, PA 15210",15210,N,Allentown,3,CRIMINAL MISCHIEF,3304(a)(5) CRIMINAL MISCHIEF - Intentionally Damages Real Or Personal Property Of Another,1803,3,4,-79.99200501,40.42127288
645,146960190,17000276,14,2017-01-01T11:00:00,2017-01-01,11:00:00,"500 Block Clawson St Pittsburgh, PA 15208",15208,N,Homewood South,5,CRIMINAL MISCHIEF,3304(a)(5) CRIMINAL MISCHIEF - Intentionally Damages Real Or Personal Property Of Another,1303,9,2,-79.89900682,40.4541394
683,147598604,17006007,14,2017-01-10T23:00:00,2017-01-10,23:00:00,"Ibis Way & Mathews Ave Pittsburgh, PA 15210",15210,N,Knoxville,3,CRIMINAL MISCHIEF,3304(a)(5) CRIMINAL MISCHIEF - Intentionally Damages Real Or Personal Property Of Another,3001,3,4,-79.98927068,40.41342871
861,147333229,17003012,14,2017-01-05T20:04:00,2017-01-05,20:04:00,"1200 Block Parkview Blvd Pittsburgh, PA 15217",15217,N,Squirrel Hill South,4,CRIMINAL MISCHIEF,3304(a)(6) CRIMINAL MISCHIEF- Intentionally Damage Property (By Paintball Gun or Paintball Marker),1414,5,3,-79.91258317,40.42165354
1102,146924684,16242210,14,2016-12-31T02:05:00,2016-12-31,02:05:00,"3100 Block Chartiers Ave Pittsburgh, PA 15204",15204,N,Sheraden,6,CRIMINAL MISCHIEF,3304(a)(5) CRIMINAL MISCHIEF - Intentionally Damages Real Or Personal Property Of Another,2022,2,5,-80.06110096,40.45386432
1103,146791343,16240856,14,2016-12-28T18:45:00,2016-12-28,18:45:00,"200 Block South Commons & Federal St S Pittsburgh, PA 15212",15212,N,Allegheny Center,1,CRIMINAL MISCHIEF,3304(a)(5) CRIMINAL MISCHIEF - Intentionally Damages Real Or Personal Property Of Another / 901 Criminal Attempt,2204,,,0,0
1129,146958987,17000234,14,2017-01-01T08:45:00,2017-01-01,08:45:00,"2200 Block Larkins Way Pittsburgh, PA 15203",15203,Y,South Side Flats,3,CRIMINAL MISCHIEF,3304(a)(5) CRIMINAL MISCHIEF - Intentionally Damages Real Or Personal Property Of Another / 3503(a) Criminal Trespass,1609,3,4,-79.97473302,40.42699347
1138,146958965,17000245,14,2017-01-01T09:28:00,2017-01-01,09:28:00,"5700 Block Butler St Pittsburgh, PA 15201",15201,N,Stanton Heights,5,CRIMINAL MISCHIEF,3304(a)(5) CRIMINAL MISCHIEF - Intentionally Damages Real Or Personal Property Of Another,1018,7,2,-79.94601567,40.4850701
1207,147084087,17001295,14,2017-01-01T10:00:00,2017-01-01,10:00:00,"200 Block Salerma St Pittsburgh, PA 15220",15220,N,Ridgemont,6,CRIMINAL MISCHIEF,3304(a)(5) CRIMINAL MISCHIEF - Intentionally Damages Real Or Personal Property Of Another,2016,2,5,-80.03294663,40.42870033
1319,146931175,16242368,14,2016-12-31T12:10:00,2016-12-31,12:10:00,"8200 Block Rolfe St Pittsburgh, PA 15221",15221,Y,East Hills,5,CRIMINAL MISCHIEF,3304(a)(5) CRIMINAL MISCHIEF - Intentionally Damages Real Or Personal Property Of Another,1306,9,2,-79.87598024,40.45489854
1360,146995441,17000646,14,2017-01-02T00:48:00,2017-01-02,00:48:00,"1300 Block Bingham St Pittsburgh, PA 15203",15203,Y,South Side Flats,3,CRIMINAL MISCHIEF,3304(a)(5) CRIMINAL MISCHIEF - Intentionally Damages Real Or Personal Property Of Another / 5505 Public Drunkenness,1702,3,4,-79.98511872,40.42922588
1448,147134909,17001748,14,2017-01-03T20:20:00,2017-01-03,20:20:00,"2200 Block Wilner Dr Pittsburgh, PA 15221",15221,Y,East Hills,5,CRIMINAL MISCHIEF,3304(a)(5) CRIMINAL MISCHIEF - Intentionally Damages Real Or Personal Property Of Another,1306,9,2,-79.86682966,40.45338758
1469,147498832,17005092,14,2017-01-09T14:19:00,2017-01-09,14:19:00,"400 Block Ormsby St Pittsburgh, PA 15210",15210,N,Mount Oliver,3,CRIMINAL MISCHIEF,3304(a)(5) CRIMINAL MISCHIEF - Intentionally Damages Real Or Personal Property Of Another,1607,3,4,-79.98161993,40.41262408
1508,147444467,17004486,14,2017-01-08T09:00:00,2017-01-08,09:00:00,"S 22nd St & Wharton St Pittsburgh, PA 15203",15203,N,South Side Flats,3,CRIMINAL MISCHIEF,3304(a)(5) CRIMINAL MISCHIEF - Intentionally Damages Real Or Personal Property Of Another / 901 Criminal Attempt,1609,3,4,-79.9744609,40.43020865
1949,147440218,17004435,14,2017-01-08T09:00:00,2017-01-08,09:00:00,"S 22nd St & Wharton St Pittsburgh, PA 15203",15203,N,South Side Flats,3,CRIMINAL MISCHIEF,3304(a)(5) CRIMINAL MISCHIEF - Intentionally Damages Real Or Personal Property Of Another / 901 Criminal Attempt,1609,3,4,-79.9744609,40.43020865
1991,148502983,17013834,14,2017-01-23T06:40:00,2017-01-23,06:40:00,"300 Block N   Braddock Ave Pittsburgh, PA 15208",15208,N,South Oakland,4,CRIMINAL MISCHIEF,3304(a)(5) CRIMINAL MISCHIEF - Intentionally Damages Real Or Personal Property Of Another,409,9,2,-79.89279811,40.44964666
2043,147835019,17007853,14,2017-01-13T17:00:00,2017-01-13,17:00:00,"400 Block S Aiken Ave Pittsburgh, PA 15224",15224,N,Bloomfield,5,CRIMINAL MISCHIEF,3304(a)(5) CRIMINAL MISCHIEF - Intentionally Damages Real Or Personal Property Of Another,806,7,2,-79.93839469,40.45946863
2056,148351490,17012808,14,2017-01-18T08:30:00,2017-01-18,08:30:00,"S Graham St & Japonica Way Pittsburgh, PA 15232",15232,N,Shadyside,4,CRIMINAL MISCHIEF,3304(a)(5) CRIMINAL MISCHIEF - Intentionally Damages Real Or Personal Property Of Another,709,8,2,-79.93506701,40.45417159
2069,147868769,17008603,14,2017-01-14T19:30:00,2017-01-14,19:30:00,"3900 Block Bigelow Blvd Pittsburgh, PA 15213",15213,N,North Oakland,4,CRIMINAL MISCHIEF,3304(a)(5) CRIMINAL MISCHIEF - Intentionally Damages Real Or Personal Property Of Another,507,6,3,-79.9541829,40.45295397
2124,148343836,17012644,14,2017-01-21T08:15:00,2017-01-21,08:15:00,"6100 Block Howe St Pittsburgh, PA 15206",15206,N,Shadyside,4,CRIMINAL MISCHIEF,3304(a)(5) CRIMINAL MISCHIEF - Intentionally Damages Real Or Personal Property Of Another,706,8,2,-79.92377672,40.45345406
2224,-2732011973,17012768,14,2017-01-21T10:00:00,2017-01-21,10:00:00,"800 Block Bellefonte St Pittsburgh, PA 15232",15232,N,Shadyside,4,CRIMINAL MISCHIEF,3304(a)(5) CRIMINAL MISCHIEF - Intentionally Damages Real Or Personal Property Of Another,703,8,2,-79.93390732,40.45112285
2307,148503302,17014487,14,2017-01-24T10:30:00,2017-01-24,10:30:00,"300 Block Lowenhill St Pittsburgh, PA 15216",15216,N,Beechview,6,CRIMINAL MISCHIEF,3304(a)(5) CRIMINAL MISCHIEF - Intentionally Damages Real Or Personal Property Of Another,1916,4,5,-80.02101703,40.41947613
2311,147818423,17007651,14,2017-01-13T12:30:00,2017-01-13,12:30:00,"600 Block Dornbush St Pittsburgh, PA 15221",15221,N,East Hills,5,CRIMINAL MISCHIEF,3304(a)(5) CRIMINAL MISCHIEF - Intentionally Damages Real Or Personal Property Of Another,1306,9,2,-79.87641284,40.45252634
2330,147927196,17009532,14,2017-01-15T20:15:00,2017-01-15,20:15:00,"5th Ave & Charette Way Pittsburgh, PA 15222",15222,N,Central Business District,2,CRIMINAL MISCHIEF,3304(a)(5) CRIMINAL MISCHIEF - Intentionally Damages Real Or Personal Property Of Another,201,6,6,-80.0028877,40.44210772
2371,147862712,17008489,14,2017-01-14T15:55:00,2017-01-14,15:55:00,"7500 Block Hamilton Ave Pittsburgh, PA 15208",15208,N,Homewood South,5,CRIMINAL MISCHIEF,3304(a)(5) CRIMINAL MISCHIEF - Intentionally Damages Real Or Personal Property Of Another,1303,9,2,-79.89248194,40.45342153
2373,147873827,17008716,14,2017-01-15T00:27:00,2017-01-15,00:27:00,"S 16th St & Bingham St Pittsburgh, PA 15203",15203,N,South Side Flats,3,CRIMINAL MISCHIEF,3304(a)(5) CRIMINAL MISCHIEF - Intentionally Damages Real Or Personal Property Of Another,1702,3,4,-79.98268426,40.42947958
2385,147882803,17008915,14,2017-01-14T07:00:00,2017-01-14,07:00:00,"500 Block S Braddock Ave Pittsburgh, PA 15221",15221,N,Point Breeze,4,CRIMINAL MISCHIEF,3304(a)(5) CRIMINAL MISCHIEF - Intentionally Damages Real Or Personal Property Of Another,1406,9,3,-79.8974287,40.4421885
2478,147857046,17008336,14,2017-01-14T08:00:00,2017-01-14,08:00:00,"4200 Block Lydia St Pittsburgh, PA 15207",15207,N,Greenfield,4,CRIMINAL MISCHIEF,3304(a)(5) CRIMINAL MISCHIEF - Intentionally Damages Real Or Personal Property Of Another,1516,5,3,-79.94199228,40.4231776
2503,147964221,17009403,14,2017-01-16T06:05:00,2017-01-16,06:05:00,"Briggs St Pittsburgh, PA 15234",15234,N,Overbrook,3,CRIMINAL MISCHIEF,3304(a)(5) CRIMINAL MISCHIEF - Intentionally Damages Real Or Personal Property Of Another,3207,4,4,-79.99667773,40.38491543
2537,-2960021052,17008946,14,2017-01-15T10:00:00,2017-01-15,10:00:00,"900 Block Arlington Ave Pittsburgh, PA 15203",15203,N,South Side Slopes,3,CRIMINAL MISCHIEF,3304(a)(5) CRIMINAL MISCHIEF - Intentionally Damages Real Or Personal Property Of Another,1706,3,4,-79.99066709,40.42522392
2621,147943011,17009528,14,2017-01-16T11:00:00,2017-01-16,11:00:00,"6300 Block Marchand St Pittsburgh, PA 15206",15206,N,Shadyside,4,CRIMINAL MISCHIEF,3304(a)(5) CRIMINAL MISCHIEF - Intentionally Damages Real Or Personal Property Of Another,708,8,2,-79.92239044,40.457156
2622,147944067,17009585,14,2017-01-16T14:15:00,2017-01-16,14:15:00,"500 Block S Highland Ave Pittsburgh, PA 15206",15206,N,Shadyside,4,CRIMINAL MISCHIEF,3304(a)(5) CRIMINAL MISCHIEF - Intentionally Damages Real Or Personal Property Of Another,706,8,2,-79.92496117,40.45301084
2710,148374927,17013319,14,2017-01-22T06:00:00,2017-01-22,06:00:00,"500 Block Frayne St Pittsburgh, PA 15207",15207,N,Hazelwood,4,CRIMINAL MISCHIEF,3304(a)(5) CRIMINAL MISCHIEF - Intentionally Damages Real Or Personal Property Of Another,1515,5,3,-79.93746521,40.415717
2720,148404395,17013776,14,2017-01-23T03:25:00,2017-01-23,03:25:00,"1600 Block Saw Mill Run Blvd Pittsburgh, PA 15210",15210,Y,Brookline,6,CRIMINAL MISCHIEF,3304(a)(5) CRIMINAL MISCHIEF - Intentionally Damages Real Or Personal Property Of Another,3206,4,4,-79.9998956,40.397783
2730,148476346,17014259,14,2017-01-23T22:23:00,2017-01-23,22:23:00,"S 9th St & Sarah St Pittsburgh, PA 15203",15203,N,South Side Flats,3,CRIMINAL MISCHIEF,3304(a)(5) CRIMINAL MISCHIEF - Intentionally Damages Real Or Personal Property Of Another,1702,3,4,-79.98978007,40.42793841
2757,148467423,17014056,14,2017-01-23T16:11:00,2017-01-23,16:11:00,"200 Block Knox Ave Pittsburgh, PA 15210",15210,Y,Knoxville,3,CRIMINAL MISCHIEF,3304(a)(5) CRIMINAL MISCHIEF - Intentionally Damages Real Or Personal Property Of Another / 5505 Public Drunkenness,3001,3,4,-79.99029946,40.41136888
2802,148295587,17011988,14,2017-01-20T09:47:00,2017-01-20,09:47:00,"800 Block Constance St Pittsburgh, PA 15212",15212,N,East Allegheny,1,CRIMINAL MISCHIEF,3304(a)(5) CRIMINAL MISCHIEF - Intentionally Damages Real Or Personal Property Of Another / 901 Criminal Attempt / 903 Criminal Conspiracy.,2304,1,1,-79.99391355,40.4560003
2881,147879796,17008883,14,2017-01-15T08:00:00,2017-01-15,08:00:00,"6300 Block Marchand St Pittsburgh, PA 15206",15206,N,Shadyside,4,CRIMINAL MISCHIEF,3304(a)(5) CRIMINAL MISCHIEF - Intentionally Damages Real Or Personal Property Of Another,708,8,2,-79.92239044,40.457156
2883,147897525,17009190,14,2017-01-15T19:30:00,2017-01-15,19:30:00,"2100 Block Federal Ext N Pittsburgh, PA 15214",15214,N,Perry South,1,CRIMINAL MISCHIEF,3304(a)(5) CRIMINAL MISCHIEF - Intentionally Damages Real Or Personal Property Of Another,2614,6,1,-80.00956803,40.46431456
2928,147888181,17008980,14,2017-01-15T12:30:00,2017-01-15,12:30:00,"6300 Block Marchand St Pittsburgh, PA 15206",15206,N,Shadyside,4,CRIMINAL MISCHIEF,3304(a)(5) CRIMINAL MISCHIEF - Intentionally Damages Real Or Personal Property Of Another,708,8,2,-79.92239044,40.457156
2936,147856783,17008349,14,2017-01-14T11:50:00,2017-01-14,11:50:00,"7300 Block Kelly St Pittsburgh, PA 15208",15208,N,Homewood South,5,CRIMINAL MISCHIEF,3304(a)(5) CRIMINAL MISCHIEF - Intentionally Damages Real Or Personal Property Of Another,1303,9,2,-79.89482616,40.45480657
2944,147854840,17008294,14,2017-01-14T09:00:00,2017-01-14,09:00:00,"5500 Block Centre Ave Pittsburgh, PA 15232",15232,N,Shadyside,4,CRIMINAL MISCHIEF,3304(a)(5) CRIMINAL MISCHIEF - Intentionally Damages Real Or Personal Property Of Another,709,7,2,-79.93643514,40.45663345
2967,147714654,17006306,14,2017-01-11T11:12:00,2017-01-11,11:12:00,"2800 Block Carey Way Pittsburgh, PA 15203",15203,N,South Side Flats,3,CRIMINAL MISCHIEF,3304(a)(5) CRIMINAL MISCHIEF - Intentionally Damages Real Or Personal Property Of Another,1702,3,4,-79.96621078,40.42588081
3145,148377928,17013364,14,2017-01-22T03:30:00,2017-01-22,03:30:00,"2800 Block Straka St Pittsburgh, PA 15204",15204,N,Sheraden,6,CRIMINAL MISCHIEF,3304(a)(5) CRIMINAL MISCHIEF - Intentionally Damages Real Or Personal Property Of Another,2022,2,5,-80.05453751,40.45254779
3171,-2920000597,17010674,14,2017-01-18T08:00:00,2017-01-18,08:00:00,"2000 Block Sidney St Pittsburgh, PA 15203",15203,N,South Side Flats,3,CRIMINAL MISCHIEF,3304(a)(5) CRIMINAL MISCHIEF - Intentionally Damages Real Or Personal Property Of Another,1702,3,4,-79.97751344,40.4294486
3224,147770438,17007146,14,2017-01-12T17:09:00,2017-01-12,17:09:00,"100 Block Carver St Pittsburgh, PA 15206",15206,N,Larimer,5,CRIMINAL MISCHIEF,3304(a)(5) CRIMINAL MISCHIEF - Intentionally Damages Real Or Personal Property Of Another,1208,9,2,-79.91498656,40.46446392
3235,-2963000249,17008199,14,2017-01-14T06:00:00,2017-01-14,06:00:00,"5400 Block Ellsworth Ave Pittsburgh, PA 15232",15232,N,Shadyside,4,CRIMINAL MISCHIEF,3304(a)(5) CRIMINAL MISCHIEF - Intentionally Damages Real Or Personal Property Of Another,709,8,2,-79.93640525,40.4526472
3296,147879971,17008879,14,2017-01-15T08:15:00,2017-01-15,08:15:00,"200 Block Emerson St Pittsburgh, PA 15206",15206,N,Shadyside,4,CRIMINAL MISCHIEF,3304(a)(5) CRIMINAL MISCHIEF - Intentionally Damages Real Or Personal Property Of Another,708,8,2,-79.92333509,40.45908631
3440,148347151,17012682,14,2017-01-21T10:15:00,2017-01-21,10:15:00,"4000 Block Bigelow Blvd Pittsburgh, PA 15213",15213,N,Upper Hill,2,CRIMINAL MISCHIEF,3304(a)(5) CRIMINAL MISCHIEF - Intentionally Damages Real Or Personal Property Of Another,506,6,3,-79.9549937,40.45093818
3444,148009837,17010129,14,2017-01-16T22:00:00,2017-01-16,22:00:00,"7100 Block Meade St Pittsburgh, PA 15208",15208,N,Point Breeze North,4,CRIMINAL MISCHIEF,3304(a)(5) CRIMINAL MISCHIEF - Intentionally Damages Real Or Personal Property Of Another,1405,9,2,-79.90302588,40.45078668
3464,148322045,17010276,14,2017-01-17T16:45:00,2017-01-17,16:45:00,"6300 Block Marchand St Pittsburgh, PA 15206",15206,N,Shadyside,4,CRIMINAL MISCHIEF,3304(a)(5) CRIMINAL MISCHIEF - Intentionally Damages Real Or Personal Property Of Another,708,8,2,-79.92239044,40.457156
3466,148347223,17012695,14,2017-01-21T11:00:00,2017-01-21,11:00:00,"Fifth Ave & Ivy St Pittsburgh, PA 15232",15232,N,Central Business District,4,CRIMINAL MISCHIEF,3304(a)(5) CRIMINAL MISCHIEF - Intentionally Damages Real Or Personal Property Of Another,201,8,3,-79.93098061,40.44940925
3467,148347353,17012748,14,2017-01-21T12:00:00,2017-01-21,12:00:00,"4500 Block Centre Ave Pittsburgh, PA 15213",15213,N,North Oakland,4,CRIMINAL MISCHIEF,3304(a)(5) CRIMINAL MISCHIEF - Intentionally Damages Real Or Personal Property Of Another,507,8,3,-79.95296895,40.45154051
3490,148356869,17012874,14,2017-01-21T12:35:00,2017-01-21,12:35:00,"200 Block Nobles Ln Pittsburgh, PA 15210",15210,N,Carrick,3,CRIMINAL MISCHIEF,3304(a)(5) CRIMINAL MISCHIEF - Intentionally Damages Real Or Personal Property Of Another / 3503 Criminal Trespass,2901,4,4,-79.99401852,40.40271475
3519,-2799006955,17014418,14,2017-01-24T08:40:00,2017-01-24,08:40:00,"Craft Pl & Ophelia St Pittsburgh, PA 15213",15213,N,South Oakland,4,CRIMINAL MISCHIEF,3304(a)(5) CRIMINAL MISCHIEF - Intentionally Damages Real Or Personal Property Of Another,409,6,3,-79.96281364,40.43493002
362,147330020,17002954,26,2017-01-05T18:23:00,2017-01-05,18:23:00,"1800 Block Spring Garden Ave Pittsburgh, PA 15212",15212,N,Spring Garden,1,CRIMINAL TRESPASS,3503 Criminal Trespass,2412,1,1,-79.98530271,40.46743137
419,147422373,17003992,26,2017-01-07T15:13:00,2017-01-07,15:13:00,"200 Block Bracey Ct Pittsburgh, PA 15221",15221,Y,Larimer,5,CRIMINAL TRESPASS,3503 Criminal Trespass,1208,9,2,-79.86823591,40.4552152
1114,147345362,17003155,26,2017-01-06T02:30:00,2017-01-06,02:30:00,"1000 Block Herron Ave Pittsburgh, PA 15219",15219,Y,Polish Hill,2,CRIMINAL TRESPASS,3503 Criminal Trespass,605,7,6,-79.9649776,40.45670274
1263,-2932001417,17005721,26,2017-01-10T12:30:00,2017-01-10,12:30:00,"20 Block Magdalene St Pittsburgh, PA 15203",15203,N,South Side Slopes,3,CRIMINAL TRESPASS,3503 Criminal Trespass,1706,3,4,-79.98100053,40.42372777
1412,147383136,17003544,26,2017-01-06T18:06:00,2017-01-06,18:06:00,"6800 Block Frankstown Ave Pittsburgh, PA 15208",15208,Y,Homewood West,5,CRIMINAL TRESPASS,3503 Criminal Trespass,1207,9,2,-79.90598029,40.45810133
1531,-2843000946,17004447,26,2017-01-08T09:00:00,2017-01-08,09:00:00,"1100 Block Goodman St Pittsburgh, PA 15218",15218,N,Swisshelm Park,4,CRIMINAL TRESPASS,3503 Criminal Trespass,1411,5,3,-79.90608107,40.4185586
1636,146636832,16239598,26,2016-12-26T13:24:00,2016-12-26,13:24:00,"1500 Block Boyle St Pittsburgh, PA 15212",15212,Y,Central North Side,1,CRIMINAL TRESPASS,3503 Criminal Trespass / 9498 302 (Mental),2206,6,1,-80.00647982,40.45847014
2016,147777331,17007198,26,2017-01-12T18:19:00,2017-01-12,18:19:00,"700 Block Wilkinsburg Ave Pittsburgh, PA 15221",15221,N,East Hills,5,CRIMINAL TRESPASS,3503 Criminal Trespass / 2709(b) Stalking,1306,9,2,-79.87601039,40.4548649
2473,147966767,17009949,26,2017-01-17T04:20:00,2017-01-17,04:20:00,"3700 Block Mc Clure Ave Pittsburgh, PA 15212",15212,N,Brighton Heights,1,CRIMINAL TRESPASS,3503 Criminal Trespass,2701,1,1,-80.03644917,40.4829042
2633,148325280,17012367,26,2017-01-20T20:50:00,2017-01-20,20:50:00,"500 Block Marlow St Pittsburgh, PA 15220",15220,N,Elliott,6,CRIMINAL TRESPASS,3503 Criminal Trespass,2020,2,5,-80.03602164,40.44540974
2886,148072170,17010494,26,2017-01-17T22:41:00,2017-01-17,22:41:00,"5400 Block Dyke St Pittsburgh, PA 15207",15207,Y,Hazelwood,4,CRIMINAL TRESPASS,3503 Criminal Trespass,1515,5,3,-79.9425045,40.40236996
3046,148313228,17012234,26,2017-01-20T17:30:00,2017-01-20,17:30:00,"2800 Block Mary St Pittsburgh, PA 15203",15203,Y,South Side Slopes,3,CRIMINAL TRESPASS,3503 Criminal Trespass,1608,3,4,-79.96837389,40.42421558
3146,148098412,17010192,8,2017-01-17T14:43:00,2017-01-17,14:43:00,"2900 Block Chartiers Ave Pittsburgh, PA 15204",15204,N,Sheraden,6,DANGEROUS BURNING,3301(d.1) Dangerous Burning,2018,2,5,-80.05638498,40.45390651
32,147370960,17003221,99,2017-01-06T07:30:00,2017-01-06,07:30:00,"1300 Block Barr Ave Pittsburgh, PA 15205",15205,Y,Westwood,6,DEAD ON ARRIVAL (DOA),9496 Dead on Arrival (DOA),2811,2,5,-80.05262364,40.43646662
33,-2761031751,17003392,99,2017-01-06T13:46:00,2017-01-06,13:46:00,"7000 Block Monticello St Pittsburgh, PA 15208",15208,Y,Homewood North,5,DEAD ON ARRIVAL (DOA),9496 Dead on Arrival (DOA),1301,9,2,-79.90028586,40.46016214
74,146853596,16241379,99,2016-12-29T17:15:00,2016-12-29,17:15:00,"1500 Block Belasco Ave Pittsburgh, PA 15216",15216,N,Beechview,6,DEAD ON ARRIVAL (DOA),9496 Dead on Arrival (DOA),1916,4,5,-80.02755852,40.41159841
224,146971051,17000398,99,2017-01-01T14:50:00,2017-01-01,14:50:00,"3400 Block Shadeland Ave Pittsburgh, PA 15212",15212,N,Brighton Heights,1,DEAD ON ARRIVAL (DOA),9496 Dead on Arrival (DOA),2703,1,1,-80.03332337,40.47734497
232,147206955,17002113,99,2017-01-04T12:59:00,2017-01-04,12:59:00,"2100 Block E Carson St Pittsburgh, PA 15203",15203,N,South Side Flats,3,DEAD ON ARRIVAL (DOA),9496 Dead on Arrival (DOA),1609,3,4,-79.97606866,40.42830665
276,146914785,16241915,99,2016-12-30T17:40:00,2016-12-30,17:40:00,"1200 Block Federal St N Pittsburgh, PA 15220",15220,N,Central Business District,1,DEAD ON ARRIVAL (DOA),9496 Dead on Arrival (DOA) / 9997 Overdose Death,201,1,1,-80.00648864,40.4560264
400,147373460,17003382,99,2017-01-06T13:15:00,2017-01-06,13:15:00,"3500 Block Massachusetts Ave Pittsburgh, PA 15212",15212,N,Brighton Heights,1,DEAD ON ARRIVAL (DOA),9496 Dead on Arrival (DOA),2703,1,1,-80.03967443,40.47824397
488,146961927,17000232,99,2017-01-01T08:38:00,2017-01-01,08:38:00,"500 Block General Robinson St W Pittsburgh, PA 15212",15212,N,North Shore,1,DEAD ON ARRIVAL (DOA),9496 Dead on Arrival (DOA),2205,1,1,-79.99850333,40.44913476
518,147237263,17002294,99,2017-01-04T17:10:00,2017-01-04,17:10:00,"1600 Block Lincoln Ave Pittsburgh, PA 15206",15206,Y,Lincoln-Lemington-Belmar,5,DEAD ON ARRIVAL (DOA),9496 Dead on Arrival (DOA),1201,9,2,-79.89260763,40.47041005
521,147081553,17001291,99,2017-01-03T06:38:00,2017-01-03,06:38:00,"7100 Block Apple Ave Pittsburgh, PA 15208",15208,N,Homewood North,5,DEAD ON ARRIVAL (DOA),9496 Dead on Arrival (DOA),1301,9,2,-79.89515474,40.46322751
706,147579137,17005760,99,2017-01-10T15:05:00,2017-01-10,15:05:00,"200 Block Bascom St Pittsburgh, PA 15214",15214,N,Perry North,1,DEAD ON ARRIVAL (DOA),9496 Dead on Arrival (DOA),2602,1,1,-80.02585605,40.4947339
717,-2839000420,17001512,99,2017-01-03T13:50:00,2017-01-03,13:50:00,"1300 Block Manning St Pittsburgh, PA 15206",15206,N,Lincoln-Lemington-Belmar,5,DEAD ON ARRIVAL (DOA),9496 Dead on Arrival (DOA),1203,9,2,-79.89693205,40.46796066
998,147560193,17005576,99,2017-01-10T11:21:00,2017-01-10,11:21:00,"2700 Block Berg St Pittsburgh, PA 15203",15203,N,South Side Slopes,3,DEAD ON ARRIVAL (DOA),9496 Dead on Arrival (DOA),1608,3,4,-79.97093739,40.41934051
1022,146748450,16240537,99,2016-12-28T09:00:00,2016-12-28,09:00:00,"3700 Block Brighton Rd Pittsburgh, PA 15212",15212,Y,Brighton Heights,1,DEAD ON ARRIVAL (DOA),9496 Dead on Arrival (DOA),2708,1,1,-80.03519475,40.48324656
1094,147333111,17002899,99,2017-01-05T17:06:00,2017-01-05,17:06:00,"500 Block Loretto Rd Pittsburgh, PA 15217",15217,Y,Greenfield,4,DEAD ON ARRIVAL (DOA),9496 Dead on Arrival (DOA),1517,5,3,-79.93979019,40.42089156
1128,146957061,17000187,99,2017-01-01T05:48:00,2017-01-01,05:48:00,"2800 Block Centre Ave Pittsburgh, PA 15219",15219,N,Middle Hill,2,DEAD ON ARRIVAL (DOA),9496 Dead on Arrival (DOA),501,6,3,-79.96634911,40.44764589
1130,146960604,17000219,99,2017-01-01T08:00:00,2017-01-01,08:00:00,"1400 Block Fallowfield Ave Pittsburgh, PA 15216",15216,N,Beechview,6,DEAD ON ARRIVAL (DOA),9496 Dead on Arrival (DOA),1916,4,5,-80.02416982,40.41426716
1199,-2911000237,17000866,99,2017-01-02T12:54:00,2017-01-02,12:54:00,"400 Block W Elizabeth St Pittsburgh, PA 15207",15207,N,Hazelwood,4,DEAD ON ARRIVAL (DOA),9496 Dead on Arrival (DOA),1501,5,3,-79.93832889,40.40780796
1674,-2746015144,16240909,99,2016-12-28T21:01:00,2016-12-28,21:01:00,"1100 Block Village Rd Pittsburgh, PA 15205",15205,N,Fairywood,6,DEAD ON ARRIVAL (DOA),9496 Dead on Arrival (DOA),2808,2,5,-80.07735727,40.44956996
1756,146925483,16242198,99,2016-12-31T02:23:00,2016-12-31,02:23:00,"5800 Block East Liberty Blvd Pittsburgh, PA 15206",15206,N,East Liberty,5,DEAD ON ARRIVAL (DOA),9496 Dead on Arrival (DOA),1115,9,2,-79.92523163,40.46681633
1757,146926876,16242252,99,2016-12-31T05:18:00,2016-12-31,05:18:00,"2200 Block Wilner Dr Pittsburgh, PA 15221",15221,N,East Hills,5,DEAD ON ARRIVAL (DOA),9496 Dead on Arrival (DOA),1306,9,2,-79.86682966,40.45338758
1760,146779187,16240751,99,2016-12-28T16:10:00,2016-12-28,16:10:00,"5900 Block Alder St Pittsburgh, PA 15232",15232,Y,Shadyside,4,DEAD ON ARRIVAL (DOA),9496 Dead on Arrival (DOA),705,8,2,-79.92873426,40.45631979
1804,-2952000963,17000751,99,2017-01-02T08:24:00,2017-01-02,08:24:00,"1400 Block Hass St Pittsburgh, PA 15204",15204,Y,Chartiers City,6,DEAD ON ARRIVAL (DOA),9496 Dead on Arrival (DOA),2021,2,5,-80.07007709,40.45696547
1859,-2782003399,17002762,99,2017-01-05T12:31:00,2017-01-05,12:31:00,"1200 Block Pennsylvania Ave Pittsburgh, PA 15233",15233,Y,Manchester,1,DEAD ON ARRIVAL (DOA),9496 Dead on Arrival (DOA),2107,6,1,-80.02262757,40.45487984
1869,-2818001406,17003647,99,2017-01-06T22:15:00,2017-01-06,22:15:00,"5800 Block Morrowfield Ave Pittsburgh, PA 15217",15217,N,Squirrel Hill South,4,DEAD ON ARRIVAL (DOA),9496 Dead on Arrival (DOA),1414,5,3,-79.9253219,40.42766225
1881,146974297,17000434,99,2017-01-01T15:00:00,2017-01-01,15:00:00,"5100 Block Friendship Ave Pittsburgh, PA 15224",15224,N,Bloomfield,5,DEAD ON ARRIVAL (DOA),9496 Dead on Arrival (DOA) / 9997 Overdose Death,806,7,2,-79.94283658,40.46219317
1945,147298877,17002688,99,2017-01-05T10:00:00,2017-01-05,10:00:00,"700 Block Cedar Ave Pittsburgh, PA 15212",15212,N,Allegheny Center,1,DEAD ON ARRIVAL (DOA),9496 Dead on Arrival (DOA),2204,1,1,-80.00151678,40.45298858
2106,147775521,17007112,99,2017-01-12T16:10:00,2017-01-12,16:10:00,"400 Block Cedarville St Pittsburgh, PA 15224",15224,N,Bloomfield,5,DEAD ON ARRIVAL (DOA),9496 Dead on Arrival (DOA),802,7,2,-79.95029587,40.4600559
2164,147929402,17009466,99,2017-01-16T09:50:00,2017-01-16,09:50:00,"1200 Block Crescent Pl Pittsburgh, PA 15217",15217,N,Squirrel Hill South,4,DEAD ON ARRIVAL (DOA),9496 Dead on Arrival (DOA),1414,5,3,-79.9130145,40.42333904
2238,148362363,17012996,99,2017-01-21T20:05:00,2017-01-21,20:05:00,"2600 Block Winchester Dr Pittsburgh, PA 15220",15220,N,Banksville,6,DEAD ON ARRIVAL (DOA),9496 Dead on Arrival (DOA),2023,2,5,-80.04413795,40.41196498
2264,-2782003612,17014151,99,2017-01-23T18:58:00,2017-01-23,18:58:00,"Woessner Ave Pittsburgh, PA 15212",15212,Y,Spring Hill-City View,1,DEAD ON ARRIVAL (DOA),9496 Dead on Arrival (DOA),2620,1,1,-79.995282,40.46588326
2304,148475032,17014129,99,2017-01-23T18:25:00,2017-01-23,18:25:00,"300 Block Stratford Ave Pittsburgh, PA 15232",15232,Y,Friendship,5,DEAD ON ARRIVAL (DOA),9496 Dead on Arrival (DOA),807,7,2,-79.93360519,40.4609519
2389,147898528,17009183,99,2017-01-15T19:46:00,2017-01-15,19:46:00,"2100 Block Mazette Pl Pittsburgh, PA 15205",15205,N,Fairywood,6,DEAD ON ARRIVAL (DOA),9496 Dead on Arrival (DOA),2808,2,5,-80.08450333,40.44605158
2401,147809666,17007499,99,2017-01-13T07:29:00,2017-01-13,07:29:00,"600 Block Hillsboro St Pittsburgh, PA 15204",15204,N,Sheraden,6,DEAD ON ARRIVAL (DOA),9496 Dead on Arrival (DOA),2018,2,5,-80.05278859,40.45382839
2433,147944833,17009605,99,2017-01-16T15:05:00,2017-01-16,15:05:00,"10 Block Carrick Ave Pittsburgh, PA 15210",15210,N,Carrick,3,DEAD ON ARRIVAL (DOA),9496 Dead on Arrival (DOA) / 9997 Overdose Death,2904,4,4,-79.98297307,40.3872366
2550,148159445,17010872,99,2017-01-18T15:00:00,2017-01-18,15:00:00,"600 Block Rossmore Ave Pittsburgh, PA 15226",15226,N,Brookline,6,DEAD ON ARRIVAL (DOA),9496 Dead on Arrival (DOA),1919,4,4,-80.02134712,40.39692152
2561,148352387,17012801,99,2017-01-21T14:30:00,2017-01-21,14:30:00,"2800 Block Middletown Rd Pittsburgh, PA 15205",15205,Y,Windgap,6,DEAD ON ARRIVAL (DOA),9496 Dead on Arrival (DOA),2807,2,5,-80.06084697,40.44696531
2759,147725773,17006864,99,2017-01-12T09:41:00,2017-01-12,09:41:00,"500 Block Mountain Ave Pittsburgh, PA 15210",15210,N,St. Clair,3,DEAD ON ARRIVAL (DOA),9496 Dead on Arrival (DOA),1606,3,4,-79.97732179,40.41147802
2761,148492854,17014375,99,2017-01-24T05:26:00,2017-01-24,05:26:00,"500 Block Oakwood St Pittsburgh, PA 15221",15221,Y,East Hills,5,DEAD ON ARRIVAL (DOA),9496 Dead on Arrival (DOA),1306,9,2,-79.88374192,40.44907284
2933,-2892001580,17007736,99,2017-01-13T15:25:00,2017-01-13,15:25:00,"200 Block Elmore St Pittsburgh, PA 15219",15219,N,Middle Hill,2,DEAD ON ARRIVAL (DOA),9496 Dead on Arrival (DOA),501,6,3,-79.97534609,40.44181467
3012,147945594,17009601,99,2017-01-16T14:46:00,2017-01-16,14:46:00,"1800 Block Broadway Ave Pittsburgh, PA 15216",15216,N,Beechview,6,DEAD ON ARRIVAL (DOA),9496 Dead on Arrival (DOA),1920,4,5,-80.02576677,40.40779483
3115,-2782003556,17011925,99,2017-01-20T06:30:00,2017-01-20,06:30:00,"1300 Block N Franklin St Pittsburgh, PA 15233",15233,Y,Manchester,1,DEAD ON ARRIVAL (DOA),9496 Dead on Arrival (DOA),2107,6,1,-80.0243305,40.45266693
3231,148183047,17011105,99,2017-01-18T21:13:00,2017-01-18,21:13:00,"200 Block Poplargrove St Pittsburgh, PA 15210",15210,N,Carrick,3,DEAD ON ARRIVAL (DOA),9496 Dead on Arrival (DOA),2902,4,4,-79.98476519,40.39655115
3524,147731864,17006849,99,2017-01-12T09:00:00,2017-01-12,09:00:00,"2400 Block Perrysville Ave Pittsburgh, PA 15214",15214,N,Perry South,1,DEAD ON ARRIVAL (DOA),9496 Dead on Arrival (DOA),2614,6,1,-80.00981673,40.46761646
3600,147725343,17006829,99,2017-01-12T08:00:00,2017-01-12,08:00:00,"Bayard Rd Pittsburgh, PA 15213",15213,N,Shadyside,4,DEAD ON ARRIVAL (DOA),9496 Dead on Arrival (DOA),709,8,3,-79.95318702,40.44794756
1668,146778686,16240770,11,2016-12-28T16:45:00,2016-12-28,16:45:00,"Smithfield St Brg & E Carson St Pittsburgh, PA 15219",15219,Y,South Shore,3,DECEPTIVE BUSINESS PRACTICES,4107 Deceptive Business Practices.,1921,,,0,0
4,147219911,17002166,24,2017-01-04T15:41:00,2017-01-04,15:41:00,"1400 Block 5th Ave Pittsburgh, PA 15219",15219,Y,Central Business District,2,DISORDERLY CONDUCT,5503(a)(3) DISORDERLY CONDUCT - OBSCENE LANG/GEST / 3503.B1I DEF. TRESPASS ACTUAL COMMUNICATION,201,6,3,-79.98631004,40.43836994
164,146974863,17000480,24,2017-01-01T18:00:00,2017-01-01,18:00:00,"Straubs Ln & Niggel St Pittsburgh, PA 15212",15212,Y,Troy Hill,1,DISORDERLY CONDUCT,5503 Disorderly Conduct. / 607.13 Penalties for Discharging Firearms or Air Guns,2406,1,1,-79.98088523,40.46806769
202,147057173,17001092,24,2017-01-02T19:40:00,2017-01-02,19:40:00,"10 Block Aurelia St Pittsburgh, PA 15206",15206,N,Shadyside,4,DISORDERLY CONDUCT,5503 Disorderly Conduct. / 3507 Lamps and Other Equipment on Pedalcycles.,708,8,2,-79.92060187,40.45767079
296,147118744,17000046,24,2017-01-01T01:30:00,2017-01-01,01:30:00,"1600 Block E Carson St Pittsburgh, PA 15203",15203,Y,South Side Flats,3,DISORDERLY CONDUCT,5503(a)(1) DISORDERLY CONDUCT - ENGAGE IN FIGHTING,1702,3,4,-79.98264653,40.42874675
345,147427812,17004027,24,2017-01-07T16:11:00,2017-01-07,16:11:00,"3400 Block Blvd Of The Allies Pittsburgh, PA 15213",15213,Y,Central Oakland,4,DISORDERLY CONDUCT,5503 Disorderly Conduct.,405,3,3,-79.95815394,40.43584868
633,147499583,17004314,24,2017-01-08T02:05:00,2017-01-08,02:05:00,"1400 Block E Carson St Pittsburgh, PA 15203",15203,Y,South Side Flats,3,DISORDERLY CONDUCT,5503(a)(1) DISORDERLY CONDUCT - ENGAGE IN FIGHTING,1702,3,4,-79.98403098,40.42864859
931,147680601,17006609,24,2017-01-11T02:00:00,2017-01-11,02:00:00,"E Carson St & S 14th St Pittsburgh, PA 15203",15203,Y,South Side Flats,3,DISORDERLY CONDUCT,5503(a)(1) DISORDERLY CONDUCT - ENGAGE IN FIGHTING,1702,3,4,-79.98414574,40.42879918
999,146947286,16242622,24,2016-12-31T21:26:00,2016-12-31,21:26:00,"700 Block Penn Ave Pittsburgh, PA 15222",15222,Y,Central Business District,2,DISORDERLY CONDUCT,5503 Disorderly Conduct. / 5507 Obstructing Highways and Passages. / 602.04(b)(2) Aggressive Panhandling,201,6,6,-80.00022097,40.44318264
1333,147314013,17002842,24,2017-01-05T15:50:00,2017-01-05,15:50:00,"500 Block Market St Pittsburgh, PA 15222",15222,Y,Central Business District,2,DISORDERLY CONDUCT,5503(a)(1) DISORDERLY CONDUCT - ENGAGE IN FIGHTING,201,6,6,-80.00203404,40.44137448
1490,147654008,17005987,24,2017-01-10T22:15:00,2017-01-10,22:15:00,"Alice St & Grimes Ave Pittsburgh, PA 15210",15210,Y,Knoxville,3,DISORDERLY CONDUCT,5503 Disorderly Conduct.,3001,3,4,-79.99339651,40.40991491
1499,147432915,17004315,24,2017-01-08T02:05:00,2017-01-08,02:05:00,"1400 Block E Carson St Pittsburgh, PA 15203",15203,Y,South Side Flats,3,DISORDERLY CONDUCT,5503 Disorderly Conduct. / 3503(b)(1)(i) Actual Communication,1702,3,4,-79.98403098,40.42864859
1539,147405949,17003730,24,2017-01-07T01:27:00,2017-01-07,01:27:00,"300 Block North Shore Dr Pittsburgh, PA 15212",15212,Y,North Shore,1,DISORDERLY CONDUCT,5503 Disorderly Conduct.,2205,1,1,-80.00964027,40.45494869
1592,147509230,17000027,24,2017-01-01T00:36:00,2017-01-01,00:36:00,"1500 Block E Carson St Pittsburgh, PA 15203",15203,N,South Side Flats,3,DISORDERLY CONDUCT,5503 Disorderly Conduct.,1702,3,4,-79.98330671,40.42868483
1710,146953303,17000089,24,2017-01-01T01:45:00,2017-01-01,01:45:00,"1200 Block Sandusky St N Pittsburgh, PA 15212",15212,Y,Central North Side,1,DISORDERLY CONDUCT,5503 Disorderly Conduct. / 5101 Obstructing Admin. of Law ,2206,1,1,-80.00462594,40.45630478
1968,147420277,17003740,24,2017-01-07T01:54:00,2017-01-07,01:54:00,"1500 Block E Carson St Pittsburgh, PA 15203",15203,Y,South Side Flats,3,DISORDERLY CONDUCT,5503(a)(1) DISORDERLY CONDUCT - ENGAGE IN FIGHTING,1702,3,4,-79.98330671,40.42868483
2039,147861604,17008102,24,2017-01-14T01:35:00,2017-01-14,01:35:00,"1500 Block E Carson St Pittsburgh, PA 15203",15203,Y,South Side Flats,3,DISORDERLY CONDUCT,5503 Disorderly Conduct.,1702,3,4,-79.98330671,40.42868483
2058,148168684,17008114,24,2017-01-14T02:01:00,2017-01-14,02:01:00,"E Carson St & S 15th St Pittsburgh, PA 15203",15203,Y,South Side Flats,3,DISORDERLY CONDUCT,5503 Disorderly Conduct.,1702,3,4,-79.98342493,40.42881518
2063,148400558,17013664,24,2017-01-22T22:52:00,2017-01-22,22:52:00,"3500 Block Blvd Of The Allies Pittsburgh, PA 15213",15213,Y,South Oakland,4,DISORDERLY CONDUCT,5503 Disorderly Conduct.,409,3,3,-79.95642237,40.43506896
2305,148475880,17014239,24,2017-01-23T21:27:00,2017-01-23,21:27:00,"Sherwood Ave & Sheraden Blvd Pittsburgh, PA 15204",15204,Y,Sheraden,6,DISORDERLY CONDUCT,5503 Disorderly Conduct. / 4914(A) False Identification to Law Enforcement,2018,2,5,-80.05416939,40.45513583
2639,148476298,17014237,24,2017-01-23T21:41:00,2017-01-23,21:41:00,"Sheraden Blvd & Sherwood Ave Pittsburgh, PA 15204",15204,Y,Sheraden,6,DISORDERLY CONDUCT,5503 Disorderly Conduct.,2018,2,5,-80.05416939,40.45513583
2643,148278478,17008724,24,2017-01-15T00:15:00,2017-01-15,00:15:00,"S 15th St & E Carson St Pittsburgh, PA 15203",15203,Y,South Side Flats,3,DISORDERLY CONDUCT,5503(a)(1) DISORDERLY CONDUCT - ENGAGE IN FIGHTING,1702,3,4,-79.98342493,40.42881518
3293,147866393,17008523,24,2017-01-14T16:00:00,2017-01-14,16:00:00,"10 Block Mc Candless St Pittsburgh, PA 15201",15201,Y,Upper Lawrenceville,2,DISORDERLY CONDUCT,5503 Disorderly Conduct.,1011,7,2,-79.95550924,40.48356933
3329,148309582,17012184,24,2017-01-20T15:55:00,2017-01-20,15:55:00,"Chartiers Ave & Lorenz Ave Pittsburgh, PA 15220",15220,Y,Elliott,6,DISORDERLY CONDUCT,5503(a)(1) DISORDERLY CONDUCT - ENGAGE IN FIGHTING,2020,2,5,-80.04063013,40.44397301
1421,147456285,17004789,99,2017-01-08T15:21:00,2017-01-08,15:21:00,"300 Block N Taylor Ave Pittsburgh, PA 15212",15212,N,Central North Side,1,DOG BITE,9492 Dog Bite,2206,1,1,-80.01026196,40.45689549
2863,147901841,17009318,99,2017-01-16T00:17:00,2017-01-16,00:17:00,"400 Block Parklow St Pittsburgh, PA 15210",15210,Y,Knoxville,3,DOG BITE,9492 Dog Bite,3001,3,4,-79.9955781,40.41293504
70,146594318,16239376,21,2016-12-26T00:51:00,2016-12-26,00:51:00,"N Craig St & Centre Ave Pittsburgh, PA 15213",15213,Y,North Oakland,4,DRIVING UNDER INFLUENCE,3731 Driving Under Influence of Alcohol or Controlled Substance / 5505 Public Drunkenness / 627.02(b)(ii) Smoking a small amount of marijuana in any public space,507,8,3,-79.95201778,40.45188388
37,147415391,17003917,99,2017-01-07T12:00:00,2017-01-07,12:00:00,"2000 Block Centre Ave Pittsburgh, PA 15219",15219,N,Crawford-Roberts,2,DRUG INVESTIGATION,9124 Drug Investigation,305,6,3,-79.9799791,40.44358094
359,147312606,17002734,99,2017-01-05T12:00:00,2017-01-05,12:00:00,"1200 Block Western Ave Pittsburgh, PA 15233",15233,N,Chateau,1,DRUG INVESTIGATION,9124 Drug Investigation,2108,6,1,-80.02196514,40.45120975
555,147328288,17002890,99,2017-01-05T00:00:00,2017-01-05,00:00:00,"2000 Block Centre Ave Pittsburgh, PA 15219",15219,N,Crawford-Roberts,2,DRUG INVESTIGATION,9124 Drug Investigation,305,6,3,-79.9799791,40.44358094
617,146922939,16242094,99,2016-12-31T00:04:00,2016-12-31,00:04:00,"3200 Block Richardson Ave Pittsburgh, PA 15212",15212,N,Brighton Heights,1,DRUG INVESTIGATION,9124 Drug Investigation,2703,1,1,-80.03525979,40.47432524
689,147640023,17006287,99,2017-01-11T10:00:00,2017-01-11,10:00:00,"1200 Block Western Ave Pittsburgh, PA 15233",15233,N,Chateau,1,DRUG INVESTIGATION,9124 Drug Investigation,2108,6,1,-80.02196514,40.45120975
767,147286896,17002707,99,2017-01-04T10:00:00,2017-01-04,10:00:00,"1200 Block Western Ave Pittsburgh, PA 15233",15233,N,Chateau,1,DRUG INVESTIGATION,9124 Drug Investigation,2108,6,1,-80.02196514,40.45120975
992,147448549,17004597,99,2017-01-08T16:30:00,2017-01-08,16:30:00,"100 Block Art Rooney Ave Pittsburgh, PA 15212",15212,N,North Shore,1,DRUG INVESTIGATION,9124 Drug Investigation,2205,1,6,-80.01631623,40.44631465
1034,147089582,17001408,99,2017-01-03T07:00:00,2017-01-03,07:00:00,"800 Block E Warrington Ave Pittsburgh, PA 15210",15210,N,Allentown,3,DRUG INVESTIGATION,9124 Drug Investigation,1803,3,4,-79.99357756,40.42153188
1211,147118864,17001150,99,2016-12-31T18:30:00,2016-12-31,18:30:00,"300 Block S Main St Pittsburgh, PA 15220",15220,N,West End,6,DRUG INVESTIGATION,9124 Drug Investigation,2019,7,2,-79.95794436,40.46737503
1439,147635367,17006175,99,2017-01-10T22:00:00,2017-01-10,22:00:00,"1500 Block Brighton Rd Pittsburgh, PA 15212",15212,N,California-Kirkbride,1,DRUG INVESTIGATION,9124 Drug Investigation,2507,6,1,-80.01651556,40.45651505
1443,147639755,17006239,99,2017-01-11T11:30:00,2017-01-11,11:30:00,"600 Block Mayville Ave Pittsburgh, PA 15226",15226,N,Brookline,6,DRUG INVESTIGATION,9124 Drug Investigation,1917,4,4,-80.01445871,40.40150711
2349,148235375,17010852,99,2017-01-18T23:00:00,2017-01-18,23:00:00,"300 Block S Main St Pittsburgh, PA 15220",15220,N,West End,6,DRUG INVESTIGATION,9124 Drug Investigation,2019,7,2,-79.95794436,40.46737503
2931,147718063,17006865,99,2017-01-12T09:00:00,2017-01-12,09:00:00,"1200 Block Western Ave Pittsburgh, PA 15233",15233,N,Chateau,1,DRUG INVESTIGATION,9124 Drug Investigation,2108,6,1,-80.02196514,40.45120975
3118,147959862,17009554,99,2017-01-16T12:00:00,2017-01-16,12:00:00,"300 Block S Main St Pittsburgh, PA 15220",15220,N,West End,6,DRUG INVESTIGATION,9124 Drug Investigation,2019,7,2,-79.95794436,40.46737503
3154,148111535,17010208,99,2017-01-17T10:00:00,2017-01-17,10:00:00,"2000 Block Centre Ave Pittsburgh, PA 15219",15219,N,Crawford-Roberts,2,DRUG INVESTIGATION,9124 Drug Investigation,305,6,3,-79.9799791,40.44358094
3159,148455773,17014000,99,2017-01-19T22:30:00,2017-01-19,22:30:00,"1100 Block Liberty Ave Pittsburgh, PA 15222",15222,N,Central Business District,2,DRUG INVESTIGATION,9124 Drug Investigation,201,7,6,-79.99237413,40.44415497
3209,147895332,17009148,99,2017-01-15T16:00:00,2017-01-15,16:00:00,"1400 Block Washington Blvd Pittsburgh, PA 15206",15206,N,Highland Park,5,DRUG INVESTIGATION,9124 Drug Investigation,1106,9,2,-79.90854001,40.47045991
3584,147804795,17006437,99,2017-01-11T16:45:00,2017-01-11,16:45:00,"White Hill Dr & Memory Ln Pittsburgh, PA 15219",15219,N,Bedford Dwellings,2,DRUG INVESTIGATION,9124 Drug Investigation,509,6,3,-79.98053079,40.44831611
685,147601303,17006068,21,2017-01-11T01:42:00,2017-01-11,01:42:00,"2000 Block West Liberty Ave Pittsburgh, PA 15226",15226,Y,Beechview,6,DUI - DRUG - IMPAIRED ABILITY,3802(d)(2) DUI - Drug - Impaired Ability / 3714 Careless Driving,1920,7,6,-79.9830894,40.45099761
776,146967262,17000372,21,2017-01-01T13:58:00,2017-01-01,13:58:00,"Perrysville Ave & East Marshall Ave Pittsburgh, PA 15214",15214,Y,Perry North,1,DUI - DRUG - IMPAIRED ABILITY,3802(d)(2) DUI - Drug - Impaired Ability / 1501 Drivers Required to be Licensed.,2607,1,1,-80.01095288,40.47474297
1381,146628595,16239981,21,2016-12-26T13:33:00,2016-12-26,13:33:00,"Grant St & 4th Ave Pittsburgh, PA 15219",15219,Y,Central Business District,2,DUI - DRUG - IMPAIRED ABILITY,3802(d)(2) DUI - Drug - Impaired Ability / 1543 Driving While Operating Privilege is Suspended or Revoked.,201,6,6,-79.99769917,40.43804256
1917,147425302,17004050,21,2017-01-07T17:12:00,2017-01-07,17:12:00,"Brighton Rd & California Ave Pittsburgh, PA 15212",15212,N,Central North Side,1,DUI - DRUG - IMPAIRED ABILITY,3802(d)(2) DUI - Drug - Impaired Ability / 13(a)(36) Manuf/Possess/Dist. Designer Drug,2503,6,1,-80.01706975,40.45965536
3382,147950720,17009660,21,2017-01-16T17:05:00,2017-01-16,17:05:00,"Whited St & Brookline Blvd Pittsburgh, PA 15226",15226,Y,Brookline,6,DUI - DRUG - IMPAIRED ABILITY,3802(d)(2) DUI - Drug - Impaired Ability / 3802(a)(1) DUI - General Impairment,3206,4,4,-80.01313662,40.39215641
21,147449818,17004619,21,2017-01-08T17:24:00,2017-01-08,17:24:00,"1300 Block Carnahan Rd Pittsburgh, PA 15220",15220,Y,Banksville,6,DUI - HIGH RATE OF ALCHOL - BAC >=.10% <.16%,3802(b) DUI - High Rate of Alchol - BAC >=.10% <.16% / 3802(a)(1) DUI - General Impairment,2023,2,5,-80.04109998,40.41156765
841,147403244,17003786,21,2017-01-07T03:29:00,2017-01-07,03:29:00,"I-376 Ramp & Ridge Ave Pittsburgh, PA 15233",15233,Y,Chateau,1,DUI - HIGH RATE OF ALCHOL - BAC >=.10% <.16%,3802(b) DUI - High Rate of Alchol - BAC >=.10% <.16% / 3802(a)(1) DUI - General Impairment / 3714 Careless Driving,2108,,,0,0
969,146944081,16242539,21,2016-12-31T17:57:00,2016-12-31,17:57:00,"Sanctus St & S Main St Pittsburgh, PA 15220",15220,Y,West End,6,DUI - HIGH RATE OF ALCHOL - BAC >=.10% <.16%,3802(b) DUI - High Rate of Alchol - BAC >=.10% <.16% / 1786 Required Financial Responsibility. / 3809(a) Restriction on Alcoholic Beverages in Vehicle / 3802(a)(1) DUI - General Impairment / 1543 Driving While Operating Privilege is Suspended or Revoked.,2019,2,5,-80.03290749,40.441614
1878,146950775,17000087,21,2017-01-01T02:00:00,2017-01-01,02:00:00,"West End Cir & Saw Mill Run Blvd Pittsburgh, PA 15220",15220,Y,South Shore,3,DUI - HIGH RATE OF ALCHOL - BAC >=.10% <.16%,3802(b) DUI - High Rate of Alchol - BAC >=.10% <.16% / 3102 Obedience to Authorized Persons Directing Traffic. / 3802(a)(1) DUI - General Impairment,1921,2,5,-80.02942799,40.44409702
1897,147159941,17001918,21,2017-01-04T05:00:00,2017-01-04,05:00:00,"4200 Block Evergreen Rd Pittsburgh, PA 15214",15214,Y,Summer Hill,1,DUI - HIGH RATE OF ALCHOL - BAC >=.10% <.16%,3802(b) DUI - High Rate of Alchol - BAC >=.10% <.16% / 3802(a)(1) DUI - General Impairment,2612,1,1,-80.00701916,40.49385642
2645,148284367,17011857,21,2017-01-20T01:57:00,2017-01-20,01:57:00,"West End Cir & E Carson St Pittsburgh, PA 15220",15220,Y,West End,6,DUI - HIGH RATE OF ALCHOL - BAC >=.10% <.16%,3802(b) DUI - High Rate of Alchol - BAC >=.10% <.16% / 3323 Stop Signs and Yield Signs. / 3802(a)(1) DUI - General Impairment,2019,2,5,-80.02815243,40.44429311
2859,147844361,17008080,21,2017-01-14T01:03:00,2017-01-14,01:03:00,"1000 Block Marena St Pittsburgh, PA 15220",15220,Y,Elliott,6,DUI - HIGH RATE OF ALCHOL - BAC >=.10% <.16%,3802(b) DUI - High Rate of Alchol - BAC >=.10% <.16% / 3735.1 Aggravated Assault While DUI / 3802(a)(1) DUI - General Impairment,2020,2,5,-80.03758056,40.44602726
506,146979391,17000546,21,2017-01-01T20:35:00,2017-01-01,20:35:00,"North Commons & West Commons Pittsburgh, PA 15212",15212,Y,Allegheny Center,1,DUI - HIGHEST RATE OF ALCOHOL - BAC >= .16%,3802(c) DUI - Highest Rate of Alcohol - BAC >= .16% / 3802(a)(1) DUI - General Impairment / 1543 Driving While Operating Privilege is Suspended or Revoked.,2204,1,1,-80.00796813,40.45355435
539,147348288,17003179,21,2017-01-06T04:25:00,2017-01-06,04:25:00,"Allegheny River Blvd & Washington Blvd Pittsburgh, PA 15147",15147,Y,Lincoln-Lemington-Belmar,5,DUI - HIGHEST RATE OF ALCOHOL - BAC >= .16%,3802(c) DUI - Highest Rate of Alcohol - BAC >= .16% / 3802(a)(1) DUI - General Impairment,1201,7,2,-79.90784633,40.484269
642,146957459,17000182,21,2017-01-01T05:20:00,2017-01-01,05:20:00,"1600 Block Centre Ave Pittsburgh, PA 15219",15219,Y,Crawford-Roberts,2,DUI - HIGHEST RATE OF ALCOHOL - BAC >= .16%,3802(c) DUI - Highest Rate of Alcohol - BAC >= .16% / 3802(a)(1) DUI - General Impairment,305,6,3,-79.98496036,40.44140381
785,146647294,16239904,21,2016-12-27T03:33:00,2016-12-27,03:33:00,"Saw Mill Run Blvd & Woodruff St Pittsburgh, PA 15220",15220,Y,Duquesne Heights,3,DUI - HIGHEST RATE OF ALCOHOL - BAC >= .16%,3802(c) DUI - Highest Rate of Alcohol - BAC >= .16% / 4703 Operation of Vehicle without Official Certif. of Inspection / 3802(a)(1) DUI - General Impairment / 1332 Display of Registration Plate. / 1501(A) Valid Driver's License Required,1911,2,5,-80.01986591,40.42585747
836,147376582,17003416,21,2017-01-06T14:32:00,2017-01-06,14:32:00,"Perrysville Ave & Milroy St Pittsburgh, PA 15214",15214,Y,Perry North,1,DUI - HIGHEST RATE OF ALCOHOL - BAC >= .16%,3802(c) DUI - Highest Rate of Alcohol - BAC >= .16%,2607,1,1,-80.01210618,40.47565333
905,147705713,17006734,21,2017-01-12T02:58:00,2017-01-12,02:58:00,"2000 Block Brownsville Rd Pittsburgh, PA 15210",15210,Y,Carrick,3,DUI - HIGHEST RATE OF ALCOHOL - BAC >= .16%,3802(c) DUI - Highest Rate of Alcohol - BAC >= .16% / 5503 Disorderly Conduct. / 1501(A) Valid Driver's License Required / 1543 Driving While Operating Privilege is Suspended or Revoked. / 3802(a)(1) DUI - General Impairment,2901,4,4,-79.98686442,40.39495799
1121,147403278,17003749,21,2017-01-07T02:10:00,2017-01-07,02:10:00,"2500 Block West Liberty Ave Pittsburgh, PA 15226",15226,Y,Brookline,6,DUI - HIGHEST RATE OF ALCOHOL - BAC >= .16%,3802(c) DUI - Highest Rate of Alcohol - BAC >= .16% / 3745 Accidents Involving Damage to Unattended Veh.or Prop. / 3802(a)(1) DUI - General Impairment,1919,4,5,-80.02549344,40.39918465
1229,146646871,16239894,21,2016-12-27T02:38:00,2016-12-27,02:38:00,"7500 Block Kelly St Pittsburgh, PA 15208",15208,Y,Homewood South,5,DUI - HIGHEST RATE OF ALCOHOL - BAC >= .16%,3802(c) DUI - Highest Rate of Alcohol - BAC >= .16% / 1543 Driving While Operating Privilege is Suspended or Revoked. / 3802(a)(1) DUI - General Impairment,1304,9,2,-79.89259321,40.45446398
1589,147636581,17006206,21,2017-01-11T09:46:00,2017-01-11,09:46:00,"Saw Mill Run Blvd & Colerain St Pittsburgh, PA 15210",15210,Y,Carrick,3,DUI - HIGHEST RATE OF ALCOHOL - BAC >= .16%,3802(c) DUI - Highest Rate of Alcohol - BAC >= .16% / 3802(a)(1) DUI - General Impairment,2901,4,4,-79.99812977,40.39628833
1753,146923662,16242164,21,2016-12-31T01:12:00,2016-12-31,01:12:00,"Penn Ave & S Lexington St Pittsburgh, PA 15208",15208,Y,Point Breeze,4,DUI - HIGHEST RATE OF ALCOHOL - BAC >= .16%,3802(c) DUI - Highest Rate of Alcohol - BAC >= .16% / 3714 Careless Driving / 3112 Traffic-Control Signals. / 3802(a)(1) DUI - General Impairment / 1786 Required Financial Responsibility.,1406,9,3,-79.89955365,40.44859766
1793,146961571,17000242,21,2017-01-01T09:25:00,2017-01-01,09:25:00,"300 Block Stratford Ave Pittsburgh, PA 15232",15232,Y,Friendship,5,DUI - HIGHEST RATE OF ALCOHOL - BAC >= .16%,3802(c) DUI - Highest Rate of Alcohol - BAC >= .16% / 3745 Accidents Involving Damage to Unattended Veh.or Prop. / 3736 Reckless Driving / 3746 Immediate Notice of Accident to Police Department / 1501 Drivers Required to be Licensed. / 1786 Required Financial Responsibility. / 3802(a)(1) DUI - General Impairment,807,7,2,-79.93360519,40.4609519
2070,147872048,17008687,21,2017-01-14T22:52:00,2017-01-14,22:52:00,"700 Block Allegheny Ave Pittsburgh, PA 15233",15233,Y,Chateau,1,DUI - HIGHEST RATE OF ALCOHOL - BAC >= .16%,3802(c) DUI - Highest Rate of Alcohol - BAC >= .16% / 3802(a)(1) DUI - General Impairment,2108,1,1,-80.01824761,40.44971564
2227,148367217,17013104,21,2017-01-21T23:37:00,2017-01-21,23:37:00,"N Braddock Ave & Frankstown Ave Pittsburgh, PA 15208",15208,Y,Homewood North,5,DUI - HIGHEST RATE OF ALCOHOL - BAC >= .16%,3802(c) DUI - Highest Rate of Alcohol - BAC >= .16% / 3308 One-Way Roadways and Rotary Traffic Islands. / 3802(a)(1) DUI - General Impairment,1302,9,2,-79.89002088,40.45595757
2406,147850177,17008194,21,2017-01-14T06:37:00,2017-01-14,06:37:00,"Penn Ave & 5th Ave Pittsburgh, PA 15206",15206,Y,Shadyside,4,DUI - HIGHEST RATE OF ALCOHOL - BAC >= .16%,3802(c) DUI - Highest Rate of Alcohol - BAC >= .16% / 3802(a)(1) DUI - General Impairment / 1543 Driving While Operating Privilege is Suspended or Revoked.,708,9,3,-79.91242362,40.45403729
2450,147903068,17009325,21,2017-01-16T01:32:00,2017-01-16,01:32:00,"W Carson St & Glen Mawr St Pittsburgh, PA 15204",15204,Y,Esplen,6,DUI - HIGHEST RATE OF ALCOHOL - BAC >= .16%,3802(c) DUI - Highest Rate of Alcohol - BAC >= .16% / 3112 Traffic-Control Signals. / 3802(a)(1) DUI - General Impairment,2017,2,5,-80.04110721,40.45468635
2505,147779519,17007210,21,2017-01-12T18:25:00,2017-01-12,18:25:00,"Fort Duquesne Blvd & 7th St Pittsburgh, PA 15222",15222,Y,Central Business District,2,DUI - HIGHEST RATE OF ALCOHOL - BAC >= .16%,3802(c) DUI - Highest Rate of Alcohol - BAC >= .16% / 3802(a)(1) DUI - General Impairment,201,6,6,-80.00085344,40.44455551
2558,148340085,17008753,21,2017-01-15T01:15:00,2017-01-15,01:15:00,"Friendship Ave & Milgate St Pittsburgh, PA 15224",15224,Y,Bloomfield,5,DUI - HIGHEST RATE OF ALCOHOL - BAC >= .16%,3802(c) DUI - Highest Rate of Alcohol - BAC >= .16% / 3714 Careless Driving / 3802(a)(1) DUI - General Impairment,903,7,2,-79.95167714,40.46548091
3331,147863558,17008488,21,2017-01-14T16:07:00,2017-01-14,16:07:00,"Birmingham Brg & 5th Ave Pittsburgh, PA 15219",15219,Y,Bluff,2,DUI - HIGHEST RATE OF ALCOHOL - BAC >= .16%,3802(c) DUI - Highest Rate of Alcohol - BAC >= .16% / 4703 Operation of Vehicle without Official Certif. of Inspection / 3310 Following Too Closely. / 4706 Prohib. on Expend. for Emission Insp Prog.. / 3714 Careless Driving / 3802(a)(1) DUI - General Impairment,103,6,3,-79.97264316,40.43769454
321,146972732,17000410,20,2017-01-01T17:53:00,2017-01-01,17:53:00,"5100 Block Chaplain Way Pittsburgh, PA 15207",15207,Y,Hazelwood,4,ENDANGER WELFARE OF CHILDREN,4304(a)(1) Endangering Welfare of Children. / 5101 Obstructing Admin. of Law  / 9501 Bench Warrant,1501,5,3,-79.94593063,40.40659948
1650,146915149,16241955,20,2016-12-30T17:04:00,2016-12-30,17:04:00,"90 Block E Agnew Ave Pittsburgh, PA 15210",15210,N,Carrick,3,ENDANGER WELFARE OF CHILDREN,4304(a)(1) Endangering Welfare of Children. / 2701(b)(2) Simple Assault -  Child Under 12 / Adult 21 Or Older,2902,4,4,-79.98620212,40.3952805
2140,148045391,17010244,20,2017-01-11T13:25:00,2017-01-11,13:25:00,"100 Block S 14th St Pittsburgh, PA 15203",15203,N,South Side Flats,3,ENDANGER WELFARE OF CHILDREN,4304(a)(1) Endangering Welfare of Children.,1702,3,4,-79.9842809,40.42672301
2906,147944079,17003237,20,2017-01-02T22:07:00,2017-01-02,22:07:00,"1100 Block N Negley Ave Pittsburgh, PA 15206",15206,N,Highland Park,5,ENDANGER WELFARE OF CHILDREN,4304(a)(1) Endangering Welfare of Children.,1102,7,2,-79.92417416,40.47546282
3104,148495728,17013843,20,2017-01-24T08:40:00,2017-01-24,08:40:00,"1400 Block Hetzel St Pittsburgh, PA 15212",15212,Y,Spring Hill-City View,1,ENDANGER WELFARE OF CHILDREN,4304(a)(1) Endangering Welfare of Children.,2620,1,1,-79.99010613,40.46730975
1089,147299665,17002765,10,2017-01-05T12:25:00,2017-01-05,12:25:00,"Centre Ave & S Euclid Ave Pittsburgh, PA 15232",15232,N,Shadyside,4,ETHNIC INTIMIDATION,"2709(a)(1) Harassment by Physical Contact, or Attempts or Threats / 2710 Ethnic Intimidation. / 3304 Criminal Mischief.",705,8,2,-79.9289796,40.45875809
8,147248345,17002476,99,2017-01-04T23:39:00,2017-01-04,23:39:00,"2600 Block Sunset Ave Pittsburgh, PA 15212",15212,N,Spring Hill-City View,1,FALSE BURGLAR ALARM,9488 False  Burglar Alarm,2620,1,1,-80.00025776,40.47333349
204,147089422,17000743,99,2017-01-02T07:51:00,2017-01-02,07:51:00,"2800 Block California Ave Pittsburgh, PA 15212",15212,N,Marshall-Shadeland,1,FALSE BURGLAR ALARM,9488 False  Burglar Alarm,2715,1,1,-80.03535884,40.46880098
208,-2848012507,16239979,99,2016-12-27T08:43:00,2016-12-27,08:43:00,"200 Block Bonvue St Pittsburgh, PA 15214",15214,N,Perry North,1,FALSE BURGLAR ALARM,9488 False  Burglar Alarm,2602,1,1,-80.01562416,40.49005112
244,-2676003833,16241025,99,2016-12-29T02:28:00,2016-12-29,02:28:00,"400 Block S Main St Pittsburgh, PA 15220",15220,N,West End,6,FALSE BURGLAR ALARM,9488 False  Burglar Alarm,2019,2,5,-80.03311238,40.44170015
272,-2952000889,16241668,99,2016-12-30T06:28:00,2016-12-30,06:28:00,"1400 Block Banksville Rd Pittsburgh, PA 15216",15216,N,Beechview,6,FALSE BURGLAR ALARM,9488 False  Burglar Alarm,1916,2,5,-80.03031469,40.41432003
374,-2819001203,17004420,99,2017-01-08T09:12:00,2017-01-08,09:12:00,"1300 Block Steuben St Pittsburgh, PA 15220",15220,N,Crafton Heights,6,FALSE BURGLAR ALARM,9488 False  Burglar Alarm,2815,2,5,-80.04857905,40.4418514
405,147405955,17003687,99,2017-01-07T00:02:00,2017-01-07,00:02:00,"800 Block Arch St Pittsburgh, PA 15212",15212,N,Allegheny Center,1,FALSE BURGLAR ALARM,9488 False  Burglar Alarm,2204,1,1,-80.00901681,40.45308361
503,-2784002193,17001362,99,2017-01-03T08:20:00,2017-01-03,08:20:00,"1200 Block Galveston Ave Pittsburgh, PA 15233",15233,N,Central North Side,1,FALSE BURGLAR ALARM,9488 False  Burglar Alarm,2206,1,1,-80.01722096,40.45450796
557,147342273,17003102,99,2017-01-05T23:52:00,2017-01-05,23:52:00,"Allegheny Ave Pittsburgh, PA 15233",15233,N,Chateau,1,FALSE BURGLAR ALARM,9488 False  Burglar Alarm,2108,6,6,-80.01815518,40.44893092
590,-2784002244,17004937,99,2017-01-09T08:55:00,2017-01-09,08:55:00,"1200 Block Federal St N Pittsburgh, PA 15212",15212,N,Central North Side,1,FALSE BURGLAR ALARM,9488 False  Burglar Alarm,2206,1,1,-80.00648864,40.4560264
849,-2848012503,16239795,99,2016-12-26T21:37:00,2016-12-26,21:37:00,"1400 Block Arch St Pittsburgh, PA 15212",15212,N,Central North Side,1,FALSE BURGLAR ALARM,9488 False  Burglar Alarm,2503,6,1,-80.0091428,40.4574274
856,147700208,17006742,99,2017-01-12T03:23:00,2017-01-12,03:23:00,"300 Block Mt Pleasant Rd Pittsburgh, PA ",", PA ",N,Northview Heights,1,FALSE BURGLAR ALARM,9488 False  Burglar Alarm,2609,1,1,-80.00304348,40.48235135
886,147445124,17004526,99,2017-01-08T13:04:00,2017-01-08,13:04:00,"1100 Block Western Ave Pittsburgh, PA 15233",15233,N,Chateau,1,FALSE BURGLAR ALARM,9488 False  Burglar Alarm,2108,6,1,-80.02053608,40.45166184
889,147448007,17004592,99,2017-01-08T16:35:00,2017-01-08,16:35:00,"2600 Block Stayton St Pittsburgh, PA 15212",15212,N,Marshall-Shadeland,1,FALSE BURGLAR ALARM,9488 False  Burglar Alarm,2704,1,1,-80.02668669,40.46865027
893,147456611,17004801,99,2017-01-09T00:15:00,2017-01-09,00:15:00,"100 Block Allegheny Center Mall Pittsburgh, PA 15212",15212,N,Allegheny Center,1,FALSE BURGLAR ALARM,9488 False  Burglar Alarm,2204,1,1,-80.00339331,40.45134056
995,-2745002651,17005481,99,2017-01-10T07:45:00,2017-01-10,07:45:00,"1400 Block Lowrie St Pittsburgh, PA 15212",15212,N,Troy Hill,1,FALSE BURGLAR ALARM,9488 False  Burglar Alarm,2406,1,1,-79.98587703,40.46076942
1115,147347152,17003140,99,2017-01-06T01:44:00,2017-01-06,01:44:00,"2900 Block N Charles St Pittsburgh, PA 15214",15214,N,Perry South,1,FALSE BURGLAR ALARM,9488 False  Burglar Alarm,2615,6,1,-80.01113783,40.47045985
1204,-2784002187,17001093,99,2017-01-02T19:38:00,2017-01-02,19:38:00,"3800 Block Oswego St Pittsburgh, PA 15212",15212,N,Brighton Heights,1,FALSE BURGLAR ALARM,9488 False  Burglar Alarm,2701,1,1,-80.0454912,40.48296877
1222,-2917000312,17005694,99,2017-01-10T14:35:00,2017-01-10,14:35:00,"2600 Block Leland St Pittsburgh, PA 15214",15214,N,Perry South,1,FALSE BURGLAR ALARM,9488 False  Burglar Alarm,2615,6,1,-80.01221327,40.47079276
1300,147345250,17003164,99,2017-01-06T03:08:00,2017-01-06,03:08:00,"50 Block Montgomery Pl Pittsburgh, PA 15212",15212,N,Allegheny Center,1,FALSE BURGLAR ALARM,9488 False  Burglar Alarm,2204,1,1,-80.00496104,40.45480329
1344,-2848012488,16239464,99,2016-12-26T07:40:00,2016-12-26,07:40:00,"1200 Block Reedsdale St Pittsburgh, PA 15233",15233,N,Chateau,1,FALSE BURGLAR ALARM,9488 False  Burglar Alarm,2108,6,6,-80.01999037,40.44839148
1390,-2917000345,17006045,99,2017-01-11T01:30:00,2017-01-11,01:30:00,"200 Block East Ohio St Pittsburgh, PA 15212",15212,N,Allegheny Center,1,FALSE BURGLAR ALARM,9488 False  Burglar Alarm,2204,1,1,-80.00366043,40.45302239
1479,-2816001735,16241550,99,2016-12-30T00:29:00,2016-12-30,00:29:00,"1700 Block Murdoch Rd Pittsburgh, PA 15217",15217,N,Squirrel Hill South,4,FALSE BURGLAR ALARM,9488 False  Burglar Alarm,1413,5,3,-79.93080542,40.43779658
1497,147430575,17004224,99,2017-01-07T23:30:00,2017-01-07,23:30:00,"1200 Block Woodland Ave Pittsburgh, PA 15212",15212,N,Marshall-Shadeland,1,FALSE BURGLAR ALARM,9488 False  Burglar Alarm,2715,1,1,-80.02750701,40.46973165
1506,-2784002239,17004471,99,2017-01-08T11:29:00,2017-01-08,11:29:00,"2800 Block Wadlow St Pittsburgh, PA 15212",15212,N,Marshall-Shadeland,1,FALSE BURGLAR ALARM,9488 False  Burglar Alarm,2715,1,1,-80.02842633,40.47014352
1908,-2784002200,17001438,99,2017-01-03T11:35:00,2017-01-03,11:35:00,"3500 Block Mexico St Pittsburgh, PA 15212",15212,N,Brighton Heights,1,FALSE BURGLAR ALARM,9488 False  Burglar Alarm,2703,1,1,-80.04157768,40.47891534
1970,-2819001210,17004883,99,2017-01-09T05:19:00,2017-01-09,05:19:00,"1000 Block Alcon St Pittsburgh, PA 15205",15205,N,Westwood,6,FALSE BURGLAR ALARM,9488 False  Burglar Alarm,2811,2,5,-80.04422844,40.42944354
2042,-2967001413,17007818,99,2017-01-13T16:58:00,2017-01-13,16:58:00,"100 Block Montview St Pittsburgh, PA 15214",15214,N,Perry North,1,FALSE BURGLAR ALARM,9488 False  Burglar Alarm,2602,9,2,-79.88849899,40.47184366
2174,-2962002138,17013938,99,2017-01-23T10:56:00,2017-01-23,10:56:00,"3500 Block Massachusetts Ave Pittsburgh, PA 15212",15212,N,Brighton Heights,1,FALSE BURGLAR ALARM,9488 False  Burglar Alarm,2703,1,1,-80.03967443,40.47824397
2367,-2956000009,17012448,99,2017-01-20T23:57:00,2017-01-20,23:57:00,"400 Block East Ohio St Pittsburgh, PA 15212",15212,N,East Allegheny,1,FALSE BURGLAR ALARM,9488 False  Burglar Alarm,2304,1,1,-80.00153324,40.45347051
2380,147841462,17008040,99,2017-01-13T23:52:00,2017-01-13,23:52:00,"1300 Block Pennsylvania Ave Pittsburgh, PA 15233",15233,N,Manchester,1,FALSE BURGLAR ALARM,9488 False  Burglar Alarm,2107,6,1,-80.02482011,40.45437498
3352,-2912000431,17009895,99,2017-01-17T02:00:00,2017-01-17,02:00:00,"200 Block East Ohio St Pittsburgh, PA 15212",15212,N,Allegheny Center,1,FALSE BURGLAR ALARM,9488 False  Burglar Alarm,2204,1,1,-80.00366043,40.45302239
3353,-2848022858,17009950,99,2017-01-17T05:09:00,2017-01-17,05:09:00,"3200 Block Brighton Rd Pittsburgh, PA 15212",15212,N,Marshall-Shadeland,1,FALSE BURGLAR ALARM,9488 False  Burglar Alarm,2715,1,1,-80.03076371,40.47563977
3369,148071990,17010516,99,2017-01-17T23:49:00,2017-01-17,23:49:00,"2200 Block Wilson Ave Pittsburgh, PA 15214",15214,N,Perry South,1,FALSE BURGLAR ALARM,9488 False  Burglar Alarm,2614,6,1,-80.01240911,40.4648889
3537,148403953,17013774,99,2017-01-23T03:12:00,2017-01-23,03:12:00,"3500 Block Massachusetts Ave Pittsburgh, PA 15212",15212,N,Brighton Heights,1,FALSE BURGLAR ALARM,9488 False  Burglar Alarm,2703,1,1,-80.03967443,40.47824397
216,146969418,17000429,26,2016-12-31T23:30:00,2016-12-31,23:30:00,"300 Block Craft Ave Pittsburgh, PA 15213",15213,N,South Oakland,4,FALSE IMPRISONMENT,2903 False Imprisonment.,409,3,3,-79.96134974,40.43534988
1550,147510322,17005185,26,2017-01-09T17:31:00,2017-01-09,17:31:00,"3400 Block E Carson St Pittsburgh, PA 15203",15203,N,South Side Flats,3,FALSE RPT LAW ENFORCE AUTH,4906 False Reports to Law Enforcement Authorities. / 3743 Accidents Involving Damage to Attended Veh. or Property / 3714 Careless Driving / 1543 Driving While Operating Privilege is Suspended or Revoked.,1609,3,4,-79.95699984,40.41869111
1632,146631892,16239726,26,2016-12-26T18:37:00,2016-12-26,18:37:00,"6000 Block Butler St Pittsburgh, PA 15201",15201,N,Stanton Heights,5,FALSE RPT LAW ENFORCE AUTH,4906 False Reports to Law Enforcement Authorities.,1018,7,2,-79.94281416,40.48635954
2071,147780754,17007326,26,2017-01-12T22:43:00,2017-01-12,22:43:00,"1900 Block Perrysville Ave Pittsburgh, PA 15214",15214,Y,Perry South,1,FALSE RPT LAW ENFORCE AUTH,4906 False Reports to Law Enforcement Authorities.,2614,6,1,-80.01364329,40.46104824
2148,148281116,17011167,26,2017-01-18T23:50:00,2017-01-18,23:50:00,"600 Block W North Ave Pittsburgh, PA 15212",15212,Y,Central North Side,1,FALSE RPT LAW ENFORCE AUTH,4906 False Reports to Law Enforcement Authorities.,2206,1,1,-79.99994764,40.45693868
2508,148185945,17011167,26,2017-01-18T23:50:00,2017-01-18,23:50:00,"600 Block W North Ave Pittsburgh, PA 15212",15212,Y,Central North Side,1,FALSE RPT LAW ENFORCE AUTH,4906 False Reports to Law Enforcement Authorities.,2206,1,1,-79.99994764,40.45693868
2700,148231923,16058905,26,2017-01-19T13:12:00,2017-01-19,13:12:00,"300 Block S Main St Pittsburgh, PA 15220",15220,Y,Central Business District,6,FALSE RPT LAW ENFORCE AUTH,4906 False Reports to Law Enforcement Authorities.,1918,7,2,-79.95794436,40.46737503
3275,147862313,17007326,26,2017-01-12T22:43:00,2017-01-12,22:43:00,"1900 Block Perrysville Ave Pittsburgh, PA 15214",15214,Y,Perry South,1,FALSE RPT LAW ENFORCE AUTH,4906 False Reports to Law Enforcement Authorities.,2614,6,1,-80.01364329,40.46104824
915,147434845,17004257,99,2017-01-08T00:40:00,2017-01-08,00:40:00,"5900 Block Interboro Ave Pittsburgh, PA 15207",15207,N,Lincoln Place,4,FIREARM USED IN INCIDENT,9011 Gun Related,3102,5,3,-79.91101715,40.36357497
168,146992810,17000661,15,2017-01-02T01:20:00,2017-01-02,01:20:00,"5th Ave & Denniston St Pittsburgh, PA 15206",15206,Y,Shadyside,4,FIREARMS NOT TO BE CARRIED WO LICENSE,6106 Firearms not to be Carried without a License. / 3111 Obedience to Traffic-Control Devices.,708,8,3,-79.91969243,40.45302722
361,147326589,17002880,15,2017-01-05T16:38:00,2017-01-05,16:38:00,"Dolphin Way & Morse Way Pittsburgh, PA 15207",15207,Y,Hazelwood,4,FIREARMS NOT TO BE CARRIED WO LICENSE,6106 Firearms not to be Carried without a License. / 13(a)(31) Marijuana: Possession Small Amount,1515,5,3,-79.94098525,40.41021047
452,146931606,16242376,15,2016-12-31T12:26:00,2016-12-31,12:26:00,"Bedford Ave & Erin St Pittsburgh, PA 15219",15219,Y,Middle Hill,2,FIREARMS NOT TO BE CARRIED WO LICENSE,"6106 Firearms not to be Carried without a License. / 13(a)(16) Possession of Controlled Substance / 13(a)(30) Possession w/ Intent to Del. Controlled Substance / 13(a)(31) Marijuana: Possession Small Amount / 5126 Flight to Avoid Apprehension, Trial or Punishment. / 9501 Bench Warrant / 6105(a)(1) Persons not to possess, use, manufacture, control, sell or transfer firearms: Former Convict enumerated in subsection (b)",501,6,3,-79.9809365,40.44712262
515,147124941,17001556,15,2017-01-03T15:10:00,2017-01-03,15:10:00,"4400 Block Penn Ave Pittsburgh, PA 15224",15224,Y,Central Lawrenceville,2,FIREARMS NOT TO BE CARRIED WO LICENSE,6106 Firearms not to be Carried without a License. / 13(a)(30) Possession w/ Intent to Del. Controlled Substance / 13(a)(16) Possession of Controlled Substance,902,7,2,-79.9532507,40.46591305
1366,147364948,17003306,15,2017-01-06T10:51:00,2017-01-06,10:51:00,"3500 Block Fleming Ave Pittsburgh, PA 15212",15212,Y,Brighton Heights,1,FIREARMS NOT TO BE CARRIED WO LICENSE,6106 Firearms not to be Carried without a License. / 6110.1 Possesion of Firearm by Minor,2703,1,1,-80.03847454,40.47858752
1530,147435865,17004343,15,2017-01-08T02:47:00,2017-01-08,02:47:00,"6500 Block Hamilton Ave Pittsburgh, PA 15206",15206,Y,Larimer,5,FIREARMS NOT TO BE CARRIED WO LICENSE,6106 Firearms not to be Carried without a License. / 1543 Driving While Operating Privilege is Suspended or Revoked. / 6110.2 Possesion of Firearm with Altered Mfg. Number / 3334 Turning Movements and Required Signals.,1208,9,2,-79.91426243,40.45898447
1994,147924826,17009464,15,2017-01-16T10:15:00,2017-01-16,10:15:00,"Bennett St & Tokay St Pittsburgh, PA 15221",15221,Y,East Hills,5,FIREARMS NOT TO BE CARRIED WO LICENSE,"6106 Firearms not to be Carried without a License. / 13(a)(16) Possession of Controlled Substance / 13(a)(32) Paraphernalia - Use or Possession / 5123 Contraband. / 7122 Altered, Forged or Counterfeit Documents and Plates / 1311 Registration Card to be Signed and Exhibited on Demand. / 1301 Registration and Certificate of Title Required. / 1786 Required Financial Responsibility. / 1371 Operation Following Suspension of Registration. / 6105(a)(2)(i) Persons not to possess, use, manufacture, control, sell or transfer firearms: 60 days to sell or transfer firearms / 1511 Carrying and Exhibiting Driver's License on Demand.",1306,9,2,-79.88070257,40.45469642
2007,148338319,17012563,15,2017-01-21T02:38:00,2017-01-21,02:38:00,"Hamilton Ave & Romley Way Pittsburgh, PA 15206",15206,Y,Larimer,5,FIREARMS NOT TO BE CARRIED WO LICENSE,"6106 Firearms not to be Carried without a License. / 9501 Bench Warrant / 6105(a)(1) Persons not to possess, use, manufacture, control, sell or transfer firearms: Former Convict enumerated in subsection (b)",1208,9,2,-79.91209589,40.45841887
2184,148338559,17012544,15,2017-01-21T02:08:00,2017-01-21,02:08:00,"1100 Block Banksville Rd Pittsburgh, PA 15216",15216,Y,Banksville,6,FIREARMS NOT TO BE CARRIED WO LICENSE,"6106 Firearms not to be Carried without a License. / 6110.1 Possesion of Firearm by Minor / 6105(c)(9) Persons Not To Possess Use Manuf, Control Firearm",2023,2,5,-80.03026807,40.41991044
2211,147767702,17007082,15,2017-01-12T15:34:00,2017-01-12,15:34:00,"1900 Block Warriors Rd Pittsburgh, PA 15205",15205,Y,Westwood,6,FIREARMS NOT TO BE CARRIED WO LICENSE,6106 Firearms not to be Carried without a License.,2811,2,5,-80.0479933,40.43024873
2998,148279968,17011742,15,2017-01-19T20:58:00,2017-01-19,20:58:00,"Gist St & Forbes Ave Pittsburgh, PA 15219",15219,Y,Bluff,2,FIREARMS NOT TO BE CARRIED WO LICENSE,6106 Firearms not to be Carried without a License.,103,6,3,-79.97950869,40.43741675
1800,146832714,16241269,99,2016-12-29T13:50:00,2016-12-29,13:50:00,"20 Block Millbridge St Pittsburgh, PA 15210",15210,N,Allentown,3,FIRES (SELF STARTING),9493 Fires (Self-Starting),1803,3,4,-79.9960505,40.42358224
3344,147838969,17007951,26,2017-01-13T19:55:00,2017-01-13,19:55:00,"70 Block Pedro Way Pittsburgh, PA 15210",15210,Y,Allentown,3,FLIGHT TO AVOID APPREHENSION/TRIAL/PUNISHMEN,"5126 Flight to Avoid Apprehension, Trial or Punishment.",1803,3,4,-79.99702755,40.42302453
122,-2821000476,16240959,9,2016-12-28T23:52:00,2016-12-28,23:52:00,"2200 Block Somers Dr Pittsburgh, PA 15219",15219,N,Bedford Dwellings,2,FORGERY,4101 Forgery. / 3922 Theft by Deception.,509,6,3,-79.97568703,40.44942249
1867,147368886,17003375,9,2017-01-01T13:05:00,2017-01-01,13:05:00,"2400 Block Charcot St Pittsburgh, PA 15210",15210,N,Arlington,3,FORGERY,4101 Forgery.,1603,3,4,-79.97291755,40.41686896
353,147114397,17001479,9,2017-01-03T12:53:00,2017-01-03,12:53:00,"700 Block River Ave Pittsburgh, PA 15212",15212,Y,North Shore,1,FORGERY,"4101 Forgery. / 3922 Theft by Deception. / 4106 Access Device Fraud / 4103 Fraud. Destruct., Remov. or Conceal.of Record. Instr. / 4105(a)(1) Bad Checks",2205,1,1,-79.99628863,40.45009792
356,147300529,17002680,9,2017-01-05T09:56:00,2017-01-05,09:56:00,"600 Block E Ohio St Pittsburgh, PA 15212",15212,Y,East Allegheny,1,FORGERY,4101 Forgery. / 3925 Receiving Stolen Property.,2304,1,1,-79.99897476,40.45396982
537,147309042,17002782,9,2017-01-05T13:40:00,2017-01-05,13:40:00,"6700 Block Reynolds St Pittsburgh, PA 15206",15206,N,Point Breeze,4,FORGERY,4101 Forgery.,1404,8,3,-79.91498588,40.45199343
1252,147213274,17002157,9,2017-01-04T11:40:00,2017-01-04,11:40:00,"4400 Block Browns Hill Rd Pittsburgh, PA 15217",15217,N,Squirrel Hill South,4,FORGERY,4101 Forgery.,1414,5,3,-79.92703317,40.41949053
1347,147589844,17005882,9,2017-01-10T18:46:00,2017-01-10,18:46:00,"3000 Block Vensel Way Pittsburgh, PA 15212",15212,N,Marshall-Shadeland,1,FORGERY,4101 Forgery. / 3922 Theft by Deception.,2715,1,1,-80.02872837,40.47202205
1457,147418544,17001479,9,2017-01-03T12:53:00,2017-01-03,12:53:00,"700 Block River Ave Pittsburgh, PA 15212",15212,Y,North Shore,1,FORGERY,4101 Forgery. / 3922 Theft by Deception. / 4104 Tampering with Records or Identification. / 4106 Access Device Fraud / 4105(a)(1) Bad Checks / 7611 Unlawful Use of Computer,2205,1,1,-79.99628863,40.45009792
1692,146646044,16239911,9,2016-12-27T03:53:00,2016-12-27,03:53:00,"4400 Block Browns Hill Rd Pittsburgh, PA 15217",15217,N,Greenfield,4,FORGERY,4101 Forgery.,1517,5,3,-79.92703317,40.41949053
1702,146899275,16241708,9,2016-12-29T12:00:00,2016-12-29,12:00:00,"600 Block East Ohio St Pittsburgh, PA 15212",15212,N,East Allegheny,1,FORGERY,4101 Forgery. / 3922 Theft by Deception. / 3925 Receiving Stolen Property. / 13(a)(16) Possession of Controlled Substance / 903 Criminal Conspiracy.,2304,1,1,-79.99897476,40.45396982
1842,146921248,16242056,9,2016-12-30T20:30:00,2016-12-30,20:30:00,"7500 Block Meade St Pittsburgh, PA 15208",15208,N,Point Breeze North,4,FORGERY,4101 Forgery.,1405,9,2,-79.89506272,40.44812579
1962,147385530,17003563,9,2017-01-06T18:44:00,2017-01-06,18:44:00,"4400 Block Browns Hill Rd Pittsburgh, PA 15217",15217,N,Squirrel Hill South,4,FORGERY,4101 Forgery.,1414,5,3,-79.92703317,40.41949053
2153,148345113,17012634,9,2017-01-21T08:52:00,2017-01-21,08:52:00,"500 Block Liberty Ave Pittsburgh, PA 15219",15219,Y,Central Business District,2,FORGERY,4101 Forgery.,201,6,6,-80.00347705,40.44123457
2163,147921778,17009498,9,2017-01-15T11:01:00,2017-01-15,11:01:00,"1200 Block Smallman St Pittsburgh, PA 15222",15222,N,Strip District,2,FORGERY,4101 Forgery.,203,7,6,-79.9929036,40.4463371
2360,-2863021529,17007138,9,2017-01-12T16:58:00,2017-01-12,16:58:00,"2100 Block Noblestown Rd Pittsburgh, PA 15205",15205,N,Westwood,6,FORGERY,4101 Forgery.,2811,2,5,-80.05354382,40.43145244
3292,147865767,17008483,9,2017-01-14T18:00:00,2017-01-14,18:00:00,"200 Block 5th Ave Pittsburgh, PA 15222",15222,N,Central Business District,2,FORGERY,4101 Forgery. / 13(a)(12) Obtaining Cont. Subst. by Fraudulent Means,201,6,6,-80.00207379,40.44122843
3445,147767463,17007151,9,2017-01-12T00:01:00,2017-01-12,00:01:00,"6700 Block Atwell St Pittsburgh, PA 15206",15206,N,Homewood West,5,FORGERY,4101 Forgery. / 3922 Theft by Deception.,1207,9,2,-79.90450326,40.46310577
449,146910325,16241904,99,2016-12-30T15:15:00,2016-12-30,15:15:00,"4800 Block Friendship Ave Pittsburgh, PA 15224",15224,N,Bloomfield,5,FOUND DRUGS,9017 Found Drugs,809,7,2,-79.9463628,40.46126376
464,147691231,17006631,99,2017-01-11T21:20:00,2017-01-11,21:20:00,"7100 Block Highland Dr Pittsburgh, PA 15206",15206,N,Lincoln-Lemington-Belmar,5,FOUND DRUGS,9017 Found Drugs,1201,9,2,-79.9006068,40.47865585
2038,147841157,17008018,99,2017-01-13T23:10:00,2017-01-13,23:10:00,"600 Block Pressley St Pittsburgh, PA 15212",15212,Y,East Allegheny,1,FOUND DRUGS,9017 Found Drugs,2304,1,1,-79.99867635,40.45221085
2434,147778207,17007303,99,2017-01-12T21:20:00,2017-01-12,21:20:00,"4000 Block Beechwood Blvd Pittsburgh, PA 15217",15217,N,Greenfield,4,FOUND DRUGS,9017 Found Drugs,1517,5,3,-79.93698537,40.42721467
2798,148229592,17011414,99,2017-01-19T11:28:00,2017-01-19,11:28:00,"1900 Block Ley  St Pittsburgh, PA 15212",15212,N,Troy Hill,1,FOUND DRUGS,9017 Found Drugs,2406,1,1,-79.98181025,40.46603629
2855,147876761,17008882,99,2017-01-15T08:16:00,2017-01-15,08:16:00,"600 Block Pressley St Pittsburgh, PA 15212",15212,N,East Allegheny,1,FOUND DRUGS,9017 Found Drugs,2304,1,1,-79.99867635,40.45221085
3063,148241310,17011460,99,2017-01-19T12:15:00,2017-01-19,12:15:00,"2500 Block Library Rd Pittsburgh, PA 15234",15234,N,Overbrook,3,FOUND DRUGS,9017 Found Drugs,3207,4,4,-79.99611824,40.38224159
3380,147897335,17009181,99,2017-01-15T19:14:00,2017-01-15,19:14:00,"1000 Block Sheffield St Pittsburgh, PA 15233",15233,N,Manchester,1,FOUND DRUGS,9017 Found Drugs,2107,6,1,-80.01979575,40.45410332
38,146594888,16239411,99,2016-12-26T02:37:00,2016-12-26,02:37:00,"7200 Block Kelly St Pittsburgh, PA 15208",15208,Y,Homewood South,5,FOUND PROPERTY,9489 Found Property,1303,9,2,-79.8970281,40.45547009
127,146832762,16241226,99,2016-12-29T13:05:00,2016-12-29,13:05:00,"5600 Block Penn Ave Pittsburgh, PA 15206",15206,Y,East Liberty,5,FOUND PROPERTY,9489 Found Property,1115,9,2,-79.93027491,40.46301193
133,146765594,16240636,99,2016-12-28T09:50:00,2016-12-28,09:50:00,"Woodland Rd Pittsburgh, PA 15232",15232,N,Squirrel Hill North,4,FOUND PROPERTY,9489 Found Property,1402,8,3,-79.92386989,40.44869716
172,146632649,16239699,99,2016-12-26T17:40:00,2016-12-26,17:40:00,"Murray Ave & Northumberland St Pittsburgh, PA 15217",15217,N,Squirrel Hill North,4,FOUND PROPERTY,9489 Found Property,1403,8,3,-79.92337025,40.44142016
250,147090432,17001394,99,2016-12-30T13:00:00,2016-12-30,13:00:00,"500 Block of E. Ohio St. Pittsburgh, PA 15212",15212,N,Allegheny Center,1,FOUND PROPERTY,9489 Found Property,2204,,,-79.84036989,40.41648497
258,147043313,17000974,99,2017-01-02T15:05:00,2017-01-02,15:05:00,"1700 Block Amanda St Pittsburgh, PA 15210",15210,N,Carrick,3,FOUND PROPERTY,9489 Found Property,2902,4,4,-79.9878564,40.39860562
286,147172179,17001962,99,2017-01-04T08:00:00,2017-01-04,08:00:00,"2100 Block Brownsville Rd Pittsburgh, PA 15210",15210,N,Carrick,3,FOUND PROPERTY,9489 Found Property,2902,4,4,-79.98735091,40.39183252
320,146970785,17000451,99,2017-01-01T17:15:00,2017-01-01,17:15:00,"Allender Ave Pittsburgh, PA 15220",15220,N,Banksville,6,FOUND PROPERTY,9489 Found Property,2023,,,0,0
336,147421696,17004018,99,2016-12-31T19:30:00,2016-12-31,19:30:00,"1500 Block Brighton Rd Pittsburgh, PA 15212",15212,N,California-Kirkbride,1,FOUND PROPERTY,9489 Found Property,2507,6,1,-80.01651556,40.45651505
352,147121124,17001558,99,2017-01-03T16:00:00,2017-01-03,16:00:00,"1300 Block Allegheny Ave Pittsburgh, PA 15233",15233,N,Strip District,1,FOUND PROPERTY,9489 Found Property,203,1,1,-80.01968416,40.45410432
375,147446280,17004510,99,2017-01-08T12:37:00,2017-01-08,12:37:00,"400 Block N Taylor Ave Pittsburgh, PA 15212",15212,N,Central North Side,1,FOUND PROPERTY,9489 Found Property,2206,1,1,-80.01129782,40.45693301
447,147507360,17005252,99,2017-01-09T16:00:00,2017-01-09,16:00:00,"Southside Riverfront Park Access Rd Pittsburgh, PA 15203",15203,N,South Side Flats,3,FOUND PROPERTY,9489 Found Property,1702,,,0,0
491,146962978,17000362,99,2017-01-01T01:00:00,2017-01-01,01:00:00,"1800 Block Smallman St Pittsburgh, PA 15222",15222,N,Strip District,2,FOUND PROPERTY,9489 Found Property,203,7,6,-79.98538107,40.45095084
596,147499373,17005122,99,2017-01-09T15:35:00,2017-01-09,15:35:00,"1000 Block Brookline Blvd Pittsburgh, PA 15226",15226,N,Brookline,6,FOUND PROPERTY,9489 Found Property,1919,4,4,-80.01767607,40.39215439
620,146939279,16242421,99,2016-12-31T14:08:00,2016-12-31,14:08:00,"600 Block Foreland St Pittsburgh, PA 15212",15212,N,East Allegheny,1,FOUND PROPERTY,9489 Found Property,2304,1,1,-79.99916858,40.45487741
621,146941437,16242493,99,2016-12-31T16:45:00,2016-12-31,16:45:00,"St Thomas St Pittsburgh, PA 15203",15203,N,South Side Slopes,3,FOUND PROPERTY,9489 Found Property,1706,3,4,-79.98538534,40.42403681
643,146958249,17000222,99,2017-01-01T08:15:00,2017-01-01,08:15:00,"1000 Block Liberty Ave Pittsburgh, PA 15222",15222,N,Central Business District,2,FOUND PROPERTY,9489 Found Property,201,6,6,-79.99461254,40.44341104
650,147569962,17005494,99,2017-01-10T08:10:00,2017-01-10,08:10:00,"100 Block Lecky Ave Pittsburgh, PA 15212",15212,N,Marshall-Shadeland,1,FOUND PROPERTY,9489 Found Property,2715,1,1,-80.03533999,40.47300286
742,146943884,16242532,99,2016-12-31T18:15:00,2016-12-31,18:15:00,"2200 Block Dellrose St Pittsburgh, PA 15210",15210,N,Carrick,3,FOUND PROPERTY,9489 Found Property,2904,4,4,-79.98736448,40.39121732
751,147546710,17005558,99,2017-01-10T10:20:00,2017-01-10,10:20:00,"1900 Block Centre Ave Pittsburgh, PA 15219",15219,N,Crawford-Roberts,2,FOUND PROPERTY,9489 Found Property,305,6,3,-79.98082794,40.44316841
820,146698324,16240136,99,2016-12-27T15:40:00,2016-12-27,15:40:00,"1000 Block Woodlow St Pittsburgh, PA 15205",15205,N,Crafton Heights,6,FOUND PROPERTY,9489 Found Property / 6110.2 Possesion of Firearm with Altered Mfg. Number,2814,2,5,-80.05235169,40.44592617
891,147449207,17004642,99,2017-01-08T11:30:00,2017-01-08,11:30:00,"Federal St S & Lacock St Pittsburgh, PA 15212",15212,N,Allegheny Center,1,FOUND PROPERTY,9489 Found Property,2204,1,6,-80.00452696,40.44913681
982,147202630,17002118,99,2017-01-04T13:31:00,2017-01-04,13:31:00,"Pride St & Watson St Pittsburgh, PA 15219",15219,N,Bluff,2,FOUND PROPERTY,9489 Found Property,103,6,3,-79.98508492,40.43811425
1131,146961594,17000287,99,2017-01-01T11:32:00,2017-01-01,11:32:00,"S 18th St & E Carson St Pittsburgh, PA 15203",15203,N,South Side Flats,3,FOUND PROPERTY,9489 Found Property,1702,3,4,-79.98056196,40.42875859
1274,146910520,16241934,99,2016-12-30T16:22:00,2016-12-30,16:22:00,"1900 Block Robinson Blvd Pittsburgh, PA 15221",15221,N,East Hills,5,FOUND PROPERTY,9489 Found Property,1306,9,2,-79.86814451,40.45115336
1308,147586046,17005875,99,2017-01-10T17:30:00,2017-01-10,17:30:00,"Denniston St & Marchand St Pittsburgh, PA 15206",15206,N,Shadyside,4,FOUND PROPERTY,9489 Found Property,708,8,2,-79.91941118,40.45635219
1330,147284326,17002684,99,2017-01-05T09:50:00,2017-01-05,09:50:00,"2000 Block Centre Ave Pittsburgh, PA 15219",15219,N,Crawford-Roberts,2,FOUND PROPERTY,9489 Found Property,305,6,3,-79.9799791,40.44358094
1413,147383375,17003588,99,2017-01-06T19:30:00,2017-01-06,19:30:00,"400 Block Liberty Ave Pittsburgh, PA 15222",15222,N,Central Business District,2,FOUND PROPERTY,9489 Found Property,201,6,6,-80.00384927,40.44132638
1781,147040614,17000947,99,2017-01-02T15:00:00,2017-01-02,15:00:00,"900 Block Vista St Pittsburgh, PA 15212",15212,N,East Allegheny,1,FOUND PROPERTY,9489 Found Property,2304,1,1,-79.99581567,40.45871948
1787,146940960,16242452,99,2016-12-31T15:20:00,2016-12-31,15:20:00,"Interstate 79 Hwy , PA ",", PA ",N,Outside County,OSC,FOUND PROPERTY,9489 Found Property,6699,,,0,0
1798,146827497,16241214,99,2016-12-27T14:30:00,2016-12-27,14:30:00,"500 Block 4th Ave Pittsburgh, PA 15219",15219,N,Central Business District,2,FOUND PROPERTY,9489 Found Property,201,6,6,-79.99775828,40.43800287
1801,146840552,16241110,99,2016-12-29T14:29:00,2016-12-29,14:29:00,"2000 Block Swissvale Ave Pittsburgh, PA 15221",15221,N,East Hills,5,FOUND PROPERTY,9489 Found Property,1306,9,2,-79.87416606,40.449988
1828,147035353,17000909,99,2017-01-02T14:15:00,2017-01-02,14:15:00,"6th Ave & Liberty Ave Pittsburgh, PA 15222",15222,N,Central Business District,2,FOUND PROPERTY,9489 Found Property,201,6,6,-80.00022762,40.44233323
1891,147445111,17004527,99,2017-01-06T23:00:00,2017-01-06,23:00:00,"North Side Pittsburgh, PA 15212",15212,N,Carrick,1,FOUND PROPERTY,9489 Found Property,2902,,,0,0
1948,147438360,17004397,99,2017-01-08T07:31:00,2017-01-08,07:31:00,"Allen St & E Warrington Ave Pittsburgh, PA 15210",15210,N,Allentown,3,FOUND PROPERTY,9489 Found Property,1803,3,4,-79.99373781,40.42180212
2064,147778664,17007289,99,2017-01-12T20:10:00,2017-01-12,20:10:00,"Penn Ave & 7th St Pittsburgh, PA 15222",15222,N,Central Business District,2,FOUND PROPERTY,9489 Found Property,201,6,6,-80.00025935,40.44323052
2188,148344953,17012641,99,2017-01-21T09:26:00,2017-01-21,09:26:00,"700 Block Hargrove St Pittsburgh, PA 15226",15226,N,Mount Washington,3,FOUND PROPERTY,9489 Found Property,1915,4,5,-80.01292164,40.41447709
2206,148364456,17013086,99,2017-01-21T16:00:00,2017-01-21,16:00:00,"1500 Block Brighton Rd Pittsburgh, PA 15212",15212,N,California-Kirkbride,1,FOUND PROPERTY,9489 Found Property,2507,6,1,-80.01651556,40.45651505
2261,148460293,17013997,99,2017-01-23T13:30:00,2017-01-23,13:30:00,"1300 Block E Carson  St Pittsburgh, PA ",", PA ",N,South Side Flats,3,FOUND PROPERTY,9489 Found Property,1702,3,4,-79.98517511,40.42860697
2253,148047657,17010292,99,2017-01-17T17:10:00,2017-01-17,17:10:00,"800 Block Pennsylvania Ave Pittsburgh, PA 15233",15233,N,California-Kirkbride,1,FOUND PROPERTY,9489 Found Property,2507,6,1,-80.01539975,40.45614291
2376,147950858,17009750,99,2017-01-16T19:28:00,2017-01-16,19:28:00,"100 Block Pius St Pittsburgh, PA 15203",15203,N,South Side Slopes,3,FOUND PROPERTY,9489 Found Property,1706,3,4,-79.98114281,40.42432527
2519,147855169,17008303,99,2017-01-14T10:40:00,2017-01-14,10:40:00,"Shawano St & James St Pittsburgh, PA 15212",15212,N,East Allegheny,1,FOUND PROPERTY,9489 Found Property,2304,1,1,-80.00099471,40.45468576
2567,148363747,17013041,99,2017-01-21T21:05:00,2017-01-21,21:05:00,"800 Block E Warrington Ave Pittsburgh, PA 15210",15210,N,Allentown,3,FOUND PROPERTY,9489 Found Property,1803,3,4,-79.99357756,40.42153188
2612,148200890,17011303,99,2017-01-19T07:30:00,2017-01-19,07:30:00,"500 Block Grant St Pittsburgh, PA 15219",15219,N,Central Business District,2,FOUND PROPERTY,9489 Found Property,201,6,6,-79.99589389,40.43964625
2728,148433974,17013842,99,2017-01-23T08:20:00,2017-01-23,08:20:00,"4th Ave & Grant St Pittsburgh, PA 15219",15219,N,Central Business District,2,FOUND PROPERTY,9489 Found Property,201,6,6,-79.99769917,40.43804256
2737,148531042,17014598,99,2017-01-24T13:45:00,2017-01-24,13:45:00,"1000 Block Fredonia St Pittsburgh, PA 15220",15220,N,Elliott,6,FOUND PROPERTY,9489 Found Property,2020,2,5,-80.04097583,40.44376663
2770,147819166,17007689,99,2017-01-13T13:40:00,2017-01-13,13:40:00,"2100 Block Arlington Ave Pittsburgh, PA 15210",15210,N,Arlington,3,FOUND PROPERTY,9489 Found Property,1603,3,4,-79.97728355,40.41767288
2824,147844175,17008150,99,2017-01-14T03:30:00,2017-01-14,03:30:00,"2000 Block Centre Ave Pittsburgh, PA 15219",15219,N,Crawford-Roberts,2,FOUND PROPERTY,9489 Found Property,305,6,3,-79.9799791,40.44358094
3049,148345340,17012675,99,2017-01-21T10:22:00,2017-01-21,10:22:00,"200 Block Gross St Pittsburgh, PA 15224",15224,N,Bloomfield,5,FOUND PROPERTY,9489 Found Property,809,7,2,-79.94452396,40.46472054
3080,148377815,17013359,99,2017-01-22T11:16:00,2017-01-22,11:16:00,"5900 Block Stanton Ave Pittsburgh, PA 15206",15206,N,East Liberty,5,FOUND PROPERTY,9489 Found Property,1113,9,2,-79.92193579,40.46976724
3085,148403407,17013744,99,2017-01-23T02:25:00,2017-01-23,02:25:00,"300 Block 6th Ave Pittsburgh, PA 15222",15222,N,Central Business District,2,FOUND PROPERTY,9489 Found Property,201,6,6,-79.99945175,40.44165074
3143,148367763,17013172,99,2017-01-22T01:55:00,2017-01-22,01:55:00,"800 Block Western Ave Pittsburgh, PA 15233",15233,Y,Allegheny West,1,FOUND PROPERTY,9489 Found Property,2201,1,1,-80.01406062,40.45245427
3157,148117385,17010763,99,2017-01-18T11:30:00,2017-01-18,11:30:00,"Wharton St & S 19th St Pittsburgh, PA 15203",15203,N,South Side Flats,3,FOUND PROPERTY,9489 Found Property,1702,3,4,-79.97895862,40.4304755
3201,148507351,17014485,99,2017-01-24T10:25:00,2017-01-24,10:25:00,"2000 Block Centre Ave Pittsburgh, PA 15219",15219,N,Crawford-Roberts,2,FOUND PROPERTY,9489 Found Property,305,6,3,-79.9799791,40.44358094
3268,148346919,17012719,99,2017-01-21T11:45:00,2017-01-21,11:45:00,"Dove Way & Ibis Way Pittsburgh, PA 15210",15210,N,Knoxville,3,FOUND PROPERTY,9489 Found Property,3001,3,4,-79.98854796,40.41479026
3286,147963623,17009877,99,2017-01-17T00:12:00,2017-01-17,00:12:00,"3200 Block S Water St Pittsburgh, PA 15203",15203,N,South Side Flats,3,FOUND PROPERTY,9489 Found Property,1609,3,4,-79.95976164,40.42478069
1442,-2761031792,17006255,99,2017-01-06T12:00:00,2017-01-06,12:00:00,"200 Block S Mathilda St Pittsburgh, PA 15224",15224,N,Bloomfield,5,GAMBLING INVESTIGATION,9130 Graffiti Investigation,809,7,2,-79.94679158,40.46502427
2408,147856652,17008371,99,2017-01-14T12:00:00,2017-01-14,12:00:00,"East St & Hazlett St Pittsburgh, PA 15214",15214,N,Northview Heights,1,GAMBLING INVESTIGATION,9130 Graffiti Investigation,2609,6,1,-80.00517196,40.4746369
106,146928421,16242282,10,2016-12-31T08:00:00,2016-12-31,08:00:00,"1900 Block Lithgow Ave Pittsburgh, PA 15214",15214,Y,Perry South,1,HARRASSMENT,2709 Harassment (Non-Specific),2614,6,1,-80.00984428,40.46195868
322,147219818,17002209,10,2016-12-30T00:01:00,2016-12-30,00:01:00,"1500 Block Reedsdale St Pittsburgh, PA 15233",15233,N,Chateau,1,HARRASSMENT,2709 Harassment (Non-Specific),2108,6,1,-80.02490499,40.44895388
343,147427288,17004077,10,2017-01-07T17:53:00,2017-01-07,17:53:00,"3100 Block Banksville Ave Pittsburgh, PA 15216",15216,N,Banksville,6,HARRASSMENT,2709(a) Harassment. / 5503 Disorderly Conduct.,2023,2,5,-80.04332551,40.39978888
380,147450254,17004689,10,2017-01-08T12:31:00,2017-01-08,12:31:00,"800 Block Farragut St Pittsburgh, PA 15206",15206,N,Highland Park,5,HARRASSMENT,2709(a) Harassment.,1106,7,2,-79.91976321,40.46956749
392,147180992,17002020,10,2017-01-04T06:00:00,2017-01-04,06:00:00,"900 Block N Negley Ave Pittsburgh, PA 15206",15206,N,Highland Park,5,HARRASSMENT,2709 Harassment (Non-Specific),1102,8,2,-79.93062215,40.4509011
500,147045896,17000930,10,2017-01-01T22:00:00,2017-01-01,22:00:00,"1700 Block Harpster St Pittsburgh, PA 15212",15212,Y,Troy Hill,1,HARRASSMENT,2709 Harassment (Non-Specific) / 3304 Criminal Mischief. / 9999 9999 - (Misc. Incident): Crash,2406,1,1,-79.98376118,40.46491167
512,147042138,16242695,10,2016-12-30T23:55:00,2016-12-30,23:55:00,"S 18th St & Mary St Pittsburgh, PA 15203",15203,Y,South Side Flats,3,HARRASSMENT,2709 Harassment (Non-Specific),1702,3,4,-79.98083041,40.4260645
671,-2420014353,17005626,10,2017-01-10T13:00:00,2017-01-10,13:00:00,"1700 Block Amanda St Pittsburgh, PA 15210",15210,N,Carrick,3,HARRASSMENT,2709 Harassment (Non-Specific),2902,4,4,-79.9878564,40.39860562
580,-2685000449,17003838,10,2017-01-07T08:52:00,2017-01-07,08:52:00,"600 Block Tyro Way Pittsburgh, PA 15210",15210,N,Overbrook,3,HARRASSMENT,2709(a) Harassment.,3204,4,4,-79.99337293,40.38419795
622,147503144,17005236,10,2017-01-07T15:00:00,2017-01-07,15:00:00,"400 Block Lincoln Ave Pittsburgh, PA 15206",15206,N,Larimer,5,HARRASSMENT,2709 Harassment (Non-Specific),1208,9,2,-79.91187559,40.46058872
649,147565916,17005590,10,2017-01-09T15:30:00,2017-01-09,15:30:00,"3800 Block Bigelow Blvd Pittsburgh, PA 15213",15213,Y,Upper Hill,2,HARRASSMENT,2709 Harassment (Non-Specific),506,6,3,-79.95511098,40.45687624
675,147575441,17005723,10,2017-01-10T15:10:00,2017-01-10,15:10:00,"1400 Block Woods Run Ave Pittsburgh, PA 15212",15212,N,Marshall-Shadeland,1,HARRASSMENT,2709(a) Harassment.,2715,1,1,-80.03341516,40.47621674
684,147601319,17006032,10,2017-01-10T22:58:00,2017-01-10,22:58:00,"20 Block Stewart Ave Pittsburgh, PA 15227",15227,N,Carrick,3,HARRASSMENT,2709(a) Harassment.,2904,4,4,-79.97797122,40.38288569
716,147109256,17001517,10,2017-01-03T14:15:00,2017-01-03,14:15:00,"1700 Block Letche Ave Pittsburgh, PA 15214",15214,Y,Fineview,1,HARRASSMENT,2709(a) Harassment.,2509,6,1,-80.00823887,40.46262849
792,147648168,17006270,10,2017-01-10T18:30:00,2017-01-10,18:30:00,"1100 Block Woodbine St Pittsburgh, PA 15201",15201,N,Stanton Heights,5,HARRASSMENT,2709 Harassment (Non-Specific),1005,9,2,-79.94122873,40.47817883
803,147680596,17006502,10,2017-01-10T22:30:00,2017-01-10,22:30:00,"300 Block S Aiken Ave Pittsburgh, PA 15224",15224,N,Bloomfield,5,HARRASSMENT,2709 Harassment (Non-Specific),806,7,2,-79.93792354,40.46177774
927,146903416,16241857,10,2016-12-30T13:30:00,2016-12-30,13:30:00,"1600 Block Westmoreland St Pittsburgh, PA 15206",15206,N,Lincoln-Lemington-Belmar,5,HARRASSMENT,2709(a) Harassment. / 4106 Access Device Fraud,1202,9,2,-79.89213897,40.4694989
951,146711608,16240305,10,2016-12-27T15:00:00,2016-12-27,15:00:00,"800 Block Devonshire Rd Pittsburgh, PA 15213",15213,N,Shadyside,4,HARRASSMENT,2709 Harassment (Non-Specific) / 2709.2 Stalking Conduct or Repeatedly Communicates,709,8,2,-79.94427282,40.44802404
989,147446273,17004525,10,2017-01-08T13:00:00,2017-01-08,13:00:00,"500 Block Tripoli St Pittsburgh, PA 15212",15212,Y,East Allegheny,1,HARRASSMENT,2709(a) Harassment. / 3304 Criminal Mischief.,2304,1,1,-80.00093692,40.45624998
1077,146896840,16241760,10,2016-12-30T10:28:00,2016-12-30,10:28:00,"7200 Block Lemington Ave Pittsburgh, PA 15206",15206,Y,Lincoln-Lemington-Belmar,5,HARRASSMENT,2709(a) Harassment.,1202,9,2,-79.89364141,40.46689334
1088,147295327,17002729,10,2017-01-03T13:00:00,2017-01-03,13:00:00,"600 Block Chester Ave Pittsburgh, PA 15214",15214,N,Perry South,1,HARRASSMENT,2709 Harassment (Non-Specific) / 4906 False Reports to Law Enforcement Authorities.,2614,6,1,-80.01718778,40.46608077
1201,147044715,17000986,10,2017-01-02T16:50:00,2017-01-02,16:50:00,"500 Block Riverview Dr Pittsburgh, PA 15212",15212,Y,Crawford-Roberts,1,HARRASSMENT,2709(a) Harassment.,305,1,1,-80.0171867,40.48044423
1410,147118413,17001607,10,2016-12-31T22:00:00,2016-12-31,22:00:00,"2000 Block Ley St Pittsburgh, PA 15212",15212,N,Troy Hill,1,HARRASSMENT,2709(a) Harassment.,2406,1,1,-79.9803732,40.4678888
1262,147575374,17005777,10,2017-01-10T00:01:00,2017-01-10,00:01:00,"3000 Block Marshall Rd Pittsburgh, PA 15214",15214,N,Perry South,1,HARRASSMENT,2709 Harassment (Non-Specific),2615,1,1,-80.01494751,40.47605942
1281,147198787,17002107,10,2017-01-04T12:30:00,2017-01-04,12:30:00,"800 Block Freeport Rd Pittsburgh, PA 15215",15215,N,Lincoln-Lemington-Belmar,5,HARRASSMENT,2709 Harassment (Non-Specific),1201,9,2,-79.89761421,40.48782354
1314,-2917000334,17005924,10,2017-01-10T20:00:00,2017-01-10,20:00:00,"2100 Block Lowrie St Pittsburgh, PA 15212",15212,N,Troy Hill,1,HARRASSMENT,2709 Harassment (Non-Specific),2406,1,1,-79.97884646,40.46925739
1357,146973788,17000457,10,2017-01-01T18:00:00,2017-01-01,18:00:00,"3300 Block Ward St Pittsburgh, PA 15213",15213,Y,South Oakland,4,HARRASSMENT,2709(a)(3) Harassment No Legitimate Purpose,409,3,3,-79.95484339,40.43314887
1364,147053761,17001111,10,2017-01-02T20:30:00,2017-01-02,20:30:00,"100 Block Clairtonic St Pittsburgh, PA 15205",15205,Y,Crafton Heights,6,HARRASSMENT,2709(a) Harassment.,2815,,,0,0
1433,146829348,16241216,10,2016-12-29T12:15:00,2016-12-29,12:15:00,"400 Block Brownsville Rd Pittsburgh, PA 15210",15210,N,Knoxville,3,HARRASSMENT,2709(a) Harassment.,3001,3,4,-79.98912555,40.41324466
1584,147587653,17005897,10,2017-01-10T00:01:00,2017-01-10,00:01:00,"2000 Block Sarah St Pittsburgh, PA 15203",15203,N,South Side Flats,3,HARRASSMENT,2709 Harassment (Non-Specific) / 3304 Criminal Mischief.,1702,3,4,-79.97759638,40.42754186
1615,146804967,16240948,10,2016-12-28T23:10:00,2016-12-28,23:10:00,"900 Block Liberty Ave Pittsburgh, PA 15222",15222,N,Central Business District,2,HARRASSMENT,2709 Harassment (Non-Specific),201,6,6,-79.99793652,40.44288811
1624,146633970,16239737,10,2016-12-26T19:01:00,2016-12-26,19:01:00,"1600 Block Nobles Ln Pittsburgh, PA 15210",15210,N,Carrick,3,HARRASSMENT,2709 Harassment (Non-Specific),2901,4,4,-79.99780791,40.39723799
1662,146788256,16240710,10,2016-12-26T00:01:00,2016-12-26,00:01:00,"6000 Block Spirit St Pittsburgh, PA 15206",15206,N,Shadyside,4,HARRASSMENT,2709 Harassment (Non-Specific),708,,,0,0
1679,146608928,16239539,10,2016-12-26T11:40:00,2016-12-26,11:40:00,"1000 Block Brownsville Rd Pittsburgh, PA 15210",15210,Y,Carrick,3,HARRASSMENT,2709(a) Harassment.,2902,4,4,-79.99177606,40.40595165
1737,146945110,16242564,10,2016-12-31T20:00:00,2016-12-31,20:00:00,"3000 Block Wadlow St Pittsburgh, PA 15212",15212,Y,Marshall-Shadeland,1,HARRASSMENT,2709 Harassment (Non-Specific),2715,1,1,-80.02928181,40.47198755
1912,147376945,17003429,10,2017-01-06T16:05:00,2017-01-06,16:05:00,"3300 Block Fleming Ave Pittsburgh, PA 15212",15212,Y,Brighton Heights,1,HARRASSMENT,2709(a) Harassment.,2703,1,1,-80.03740953,40.47542171
1999,148547032,17014725,10,2017-01-23T13:30:00,2017-01-23,13:30:00,"1100 Block Mellon St Pittsburgh, PA 15206",15206,N,Highland Park,5,HARRASSMENT,2709 Harassment (Non-Specific),1102,7,2,-79.92259729,40.47481474
2010,148359748,17012902,10,2017-01-21T17:00:00,2017-01-21,17:00:00,"1100 Block Spring Garden Ave Pittsburgh, PA 15212",15212,Y,Spring Garden,1,HARRASSMENT,2709(a) Harassment.,2412,1,1,-79.99340774,40.45999674
2057,148167199,17011015,10,2017-01-18T18:58:00,2017-01-18,18:58:00,"400 Block Brownsville Rd Pittsburgh, PA 15210",15210,N,Knoxville,3,HARRASSMENT,2709 Harassment (Non-Specific),3001,3,4,-79.98912555,40.41324466
2059,148249792,17010816,10,2017-01-18T14:00:00,2017-01-18,14:00:00,"100 Block 44th St Pittsburgh, PA 15201",15201,Y,Central Lawrenceville,2,HARRASSMENT,2709(a)(3) Harassment No Legitimate Purpose,901,7,2,-79.96281388,40.47348122
2155,147783356,17007398,10,2017-01-13T01:30:00,2017-01-13,01:30:00,"200 Block Mc Kinley St Pittsburgh, PA 15210",15210,N,Knoxville,3,HARRASSMENT,2709(a) Harassment.,3001,3,4,-79.99115316,40.40869833
2168,147733519,17006967,10,2017-01-12T12:12:00,2017-01-12,12:12:00,"3300 Block Juliet St Pittsburgh, PA 15213",15213,N,South Oakland,4,HARRASSMENT,2709 Harassment (Non-Specific),409,3,3,-79.95627289,40.43323575
2202,148356951,17012912,10,2017-01-21T15:00:00,2017-01-21,15:00:00,"2400 Block Railroad St Pittsburgh, PA 15222",15222,N,Strip District,2,HARRASSMENT,2709 Harassment (Non-Specific),203,7,6,-79.98301177,40.4550262
2212,-3011000583,17007130,10,2017-01-12T16:40:00,2017-01-12,16:40:00,"400 Block Greenfield Ave Pittsburgh, PA 15207",15207,N,Greenfield,4,HARRASSMENT,2709(a) Harassment.,1516,5,3,-79.94374638,40.42514631
2286,148443661,17013914,10,2017-01-22T17:00:00,2017-01-22,17:00:00,"1600 Block Longmore Ave Pittsburgh, PA 15216",15216,N,Beechview,6,HARRASSMENT,2709 Harassment (Non-Specific),1920,4,5,-80.02274892,40.41037421
2287,148457425,17013978,10,2017-01-23T13:44:00,2017-01-23,13:44:00,"1900 Block Wrights Way Pittsburgh, PA 15203",15203,N,South Side Flats,3,HARRASSMENT,2709 Harassment (Non-Specific),1702,3,4,-79.9790486,40.42909043
2426,147868920,17008625,10,2017-01-14T20:00:00,2017-01-14,20:00:00,"400 Block Shady Ave Pittsburgh, PA 15206",15206,N,Shadyside,4,HARRASSMENT,2709(a) Harassment.,708,8,2,-79.92287223,40.45535854
2495,147755093,17007081,10,2017-01-12T13:00:00,2017-01-12,13:00:00,"4700 Block Liberty Ave Pittsburgh, PA 15224",15224,N,Bloomfield,5,HARRASSMENT,2709 Harassment (Non-Specific),809,7,2,-79.94990411,40.46203965
2555,148183290,17011152,10,2017-01-18T23:05:00,2017-01-18,23:05:00,"2000 Block Brownsville Rd Pittsburgh, PA 15210",15210,N,Carrick,3,HARRASSMENT,2709(a) Harassment. / 5503 Disorderly Conduct.,2901,4,4,-79.98686442,40.39495799
2607,147945735,17009657,10,2017-01-16T14:00:00,2017-01-16,14:00:00,"1200 Block E Carson St Pittsburgh, PA 15203",15203,N,South Side Flats,3,HARRASSMENT,2709(a)(3) Harassment No Legitimate Purpose,1702,3,4,-79.98638716,40.42869554
2641,147804067,17007576,10,2017-01-12T19:00:00,2017-01-12,19:00:00,"700 Block Maytide St Pittsburgh, PA 15227",15227,N,Carrick,3,HARRASSMENT,2709(a) Harassment.,2904,4,4,-79.9912969,40.38426928
2674,-2848022889,17010731,10,2017-01-18T08:00:00,2017-01-18,08:00:00,"1100 Block Speck St Pittsburgh, PA 15212",15212,Y,Brighton Heights,1,HARRASSMENT,2709 Harassment (Non-Specific),2708,1,1,-80.03096273,40.48983904
2679,148292856,17012001,10,2017-01-20T08:00:00,2017-01-20,08:00:00,"1700 Block W North Ave Pittsburgh, PA 15233",15233,Y,Chateau,1,HARRASSMENT,2709(a) Harassment.,2108,6,1,-80.02761422,40.45191733
2712,148389134,17013846,10,2017-01-22T15:45:00,2017-01-22,15:45:00,"1800 Block E Carson St Pittsburgh, PA 15203",15203,Y,South Side Flats,3,HARRASSMENT,2709(a) Harassment.,1702,3,4,-79.9802658,40.42847887
2726,148419066,17010790,10,2017-01-18T10:15:00,2017-01-18,10:15:00,"10 Block Uxor Way Pittsburgh, PA 15203",15203,N,South Side Flats,3,HARRASSMENT,2709(a)(3) Harassment No Legitimate Purpose / 3304(a)(5) CRIMINAL MISCHIEF - Intentionally Damages Real Or Personal Property Of Another,1702,3,4,-79.98480668,40.42747009
2735,148491766,17014403,10,2017-01-24T07:00:00,2017-01-24,07:00:00,"1200 Block Highwood St Pittsburgh, PA 15212",15212,N,Marshall-Shadeland,1,HARRASSMENT,2709(a) Harassment.,2704,1,1,-80.0280794,40.46792751
2753,148455688,17013921,10,2017-01-22T23:00:00,2017-01-22,23:00:00,"200 Block S. Highland  Ave Pittsburgh, PA 15206",15206,N,East Liberty,4,HARRASSMENT,2709 Harassment (Non-Specific),1115,8,2,-79.92543474,40.45853284
2809,148017277,17010135,10,2017-01-17T10:00:00,2017-01-17,10:00:00,"1900 Block Perrysville Ave Pittsburgh, PA 15214",15214,Y,Windgap,1,HARRASSMENT,2709(a) Harassment.,2807,6,1,-80.01364329,40.46104824
2821,147781532,17007368,10,2017-01-13T00:40:00,2017-01-13,00:40:00,"300 Block Federal St S Pittsburgh, PA 15212",15212,Y,Allegheny Center,1,HARRASSMENT,2709(a) Harassment.,2204,1,6,-80.00453902,40.44939919
2888,-2752003294,17010954,10,2017-01-18T17:22:00,2017-01-18,17:22:00,"2000 Block 5th Ave Pittsburgh, PA 15219",15219,Y,Crawford-Roberts,2,HARRASSMENT,2709(a) Harassment.,305,6,3,-79.9775296,40.43800271
3030,148162456,17011005,10,2017-01-18T08:45:00,2017-01-18,08:45:00,"1100 Block Haslage Ave Pittsburgh, PA 15212",15212,Y,Spring Hill-City View,1,HARRASSMENT,2709 Harassment (Non-Specific),2620,1,1,-79.99409372,40.46189722
3066,148273026,17011686,10,2017-01-19T19:15:00,2017-01-19,19:15:00,"1000 Block Beecher St Pittsburgh, PA 15208",15208,N,Homewood West,5,HARRASSMENT,2709(a) Harassment.,1207,9,2,-79.90233174,40.45979188
3081,-2815000377,17013129,10,2017-01-22T00:35:00,2017-01-22,00:35:00,"300 Block Mazeroski Way Pittsburgh, PA 15212",15212,Y,North Shore,1,HARRASSMENT,2709(a) Harassment.,2205,1,6,-80.00811061,40.44826308
3091,148524420,17014555,10,2017-01-24T12:40:00,2017-01-24,12:40:00,"700 Block Liberty Ave Pittsburgh, PA 15222",15222,Y,Central Business District,2,HARRASSMENT,2709 Harassment (Non-Specific),201,6,6,-79.99984634,40.44239042
3134,147732052,17006939,10,2017-01-10T08:00:00,2017-01-10,08:00:00,"Ivyglen St & Mullooly St Pittsburgh, PA 15227",15227,N,Overbrook,3,HARRASSMENT,2709(a) Harassment.,3204,4,4,-79.9914138,40.38020293
3218,147863024,17008482,10,2017-01-14T15:50:00,2017-01-14,15:50:00,"2200 Block Bedford Ave Pittsburgh, PA 15219",15219,Y,Bedford Dwellings,2,HARRASSMENT,2709(a) Harassment.,509,6,3,-79.97809775,40.44812155
3311,147826735,17007782,10,2017-01-11T15:00:00,2017-01-11,15:00:00,"1300 Block federal St N Pittsburgh, PA 15212",15212,N,Central North Side,1,HARRASSMENT,2709(a)(3) Harassment No Legitimate Purpose,2206,1,1,-80.00687314,40.45673145
3328,148309393,17012235,10,2017-01-20T17:00:00,2017-01-20,17:00:00,"2600 Block Glen Mawr St Pittsburgh, PA 15204",15204,N,Sheraden,6,HARRASSMENT,2709(a) Harassment.,2018,2,5,-80.0465175,40.4523219
3408,148332014,17012458,10,2017-01-21T00:05:00,2017-01-21,00:05:00,"300 Block Wood St Pittsburgh, PA 15222",15222,N,Central Business District,2,HARRASSMENT,2709(a) Harassment.,201,6,6,-80.00125059,40.43891788
3412,148355071,17012867,10,2017-01-21T16:15:00,2017-01-21,16:15:00,"200 Block Madeline St Pittsburgh, PA 15210",15210,Y,Carrick,3,HARRASSMENT,2709(a) Harassment.,2902,4,4,-79.98276581,40.39338071
3486,148464038,17014042,10,2017-01-23T13:30:00,2017-01-23,13:30:00,"800 Block Freeport Rd Pittsburgh, PA 15215",15215,Y,Lincoln-Lemington-Belmar,5,HARRASSMENT,2709 Harassment (Non-Specific),1201,9,2,-79.89761421,40.48782354
3487,148472045,17014063,10,2017-01-23T16:30:00,2017-01-23,16:30:00,"100 Block Ruth St Pittsburgh, PA 15211",15211,Y,Mount Washington,3,HARRASSMENT,2709(a)(3) Harassment No Legitimate Purpose,1915,2,5,-80.00522858,40.42378292
3509,148397802,17013587,10,2017-01-22T18:30:00,2017-01-22,18:30:00,"2300 Block Brownsville Rd Pittsburgh, PA 15210",15210,N,Carrick,3,HARRASSMENT,"2709(a) Harassment. / 5503(a)(4) DISORDERLY CONDUCT - HAZARDOUS/PHYS. OFF / 6501(a)(1) Scattering Rubbish; Any waste, dangerous or detrimental substance upon public property or waters",2904,4,4,-79.98551986,40.38904931
3534,148470848,17014076,10,2017-01-23T16:50:00,2017-01-23,16:50:00,"3400 Block 5th Ave Pittsburgh, PA 15213",15213,Y,West Oakland,4,HARRASSMENT,2709(a)(3) Harassment No Legitimate Purpose / 2709(a)(4) Harassment Communicates Prohibited Acts,402,6,3,-79.96178778,40.43912007
3536,-2861000049,17013686,10,2017-01-22T20:00:00,2017-01-22,20:00:00,"1200 Block Nolan Ct Pittsburgh, PA 15221",15221,Y,Homewood North,5,HARRASSMENT,2709 Harassment (Non-Specific) / 3304 Criminal Mischief.,1301,9,2,-79.88689291,40.45943104
3580,147917731,17005097,10,2017-01-09T14:30:00,2017-01-09,14:30:00,"Morningside Ave & Greenwood St Pittsburgh, PA 15206",15206,Y,Morningside,5,HARRASSMENT,2709(a) Harassment.,1014,7,2,-79.92726462,40.48641949
3586,148267262,17011558,10,2017-01-19T16:41:00,2017-01-19,16:41:00,"Arlington Ave & Clover St Pittsburgh, PA 15210",15210,Y,Arlington,3,HARRASSMENT,2709(a)(3) Harassment No Legitimate Purpose,1603,3,4,-79.97133381,40.41760141
3608,-2983000436,17011991,10,2017-01-20T09:45:00,2017-01-20,09:45:00,"1800 Block E Carson St Pittsburgh, PA 15203",15203,N,South Side Flats,3,HARRASSMENT,2709 Harassment (Non-Specific),1702,3,4,-79.9802658,40.42847887
233,147232634,16241370,26,2016-12-29T17:08:00,2016-12-29,17:08:00,"5600 Block 5th Ave Pittsburgh, PA 15232",15232,Y,Shadyside,4,HARRASSMENT/THREAT/ATTEMPT/PHY,2709(a)(4) Harassment Communicates Prohibited Acts,703,8,3,-79.93043113,40.44916137
424,147457035,17004788,10,2017-01-08T23:45:00,2017-01-08,23:45:00,"100 Block S 18th St Pittsburgh, PA 15203",15203,N,South Side Flats,3,HARRASSMENT/THREAT/ATTEMPT/PHY,"2709(a)(1) Harassment by Physical Contact, or Attempts or Threats / 3304(a)(5) CRIMINAL MISCHIEF - Intentionally Damages Real Or Personal Property Of Another",1702,3,4,-79.98083281,40.42813128
456,-2860003789,16242540,10,2016-12-31T18:27:00,2016-12-31,18:27:00,"4700 Block Monongahela St Pittsburgh, PA 15207",15207,Y,Hazelwood,4,HARRASSMENT/THREAT/ATTEMPT/PHY,"2709(a)(1) Harassment by Physical Contact, or Attempts or Threats",1501,5,3,-79.94380912,40.41347961
519,147071082,17001172,10,2017-01-01T22:30:00,2017-01-01,22:30:00,"5800 Block Forward Ave Pittsburgh, PA 15217",15217,Y,Squirrel Hill South,4,HARRASSMENT/THREAT/ATTEMPT/PHY,"2709(a)(1) Harassment by Physical Contact, or Attempts or Threats",1408,5,3,-79.92335695,40.4295955
525,147109261,17001497,26,2016-12-30T14:22:00,2016-12-30,14:22:00,"10 Block Stanwix St Pittsburgh, PA 15222",15222,Y,Central Business District,2,HARRASSMENT/THREAT/ATTEMPT/PHY,2709(a)(4) Harassment Communicates Prohibited Acts,201,6,6,-80.00551074,40.43877631
528,147147740,17001820,10,2017-01-03T23:47:00,2017-01-03,23:47:00,Zone 5,one 5,N,,5,HARRASSMENT/THREAT/ATTEMPT/PHY,"2709(a)(1) Harassment by Physical Contact, or Attempts or Threats / 3126(a)(1) Indecent assault without consent",,,,,
711,147586820,17005835,10,2017-01-10T18:18:00,2017-01-10,18:18:00,"20 Block Beltzhoover Ave Pittsburgh, PA 15211",15211,Y,Mount Washington,3,HARRASSMENT/THREAT/ATTEMPT/PHY,"2709(a)(1) Harassment by Physical Contact, or Attempts or Threats",1807,3,4,-79.9977113,40.42519363
750,-3011000013,16239525,10,2016-12-26T11:05:00,2016-12-26,11:05:00,"400 Block Kilbourne St Pittsburgh, PA 15207",15207,Y,Hazelwood,4,HARRASSMENT/THREAT/ATTEMPT/PHY,"2709(a)(1) Harassment by Physical Contact, or Attempts or Threats",1515,5,3,-79.93744958,40.41124485
754,147598848,17006029,10,2017-01-11T00:10:00,2017-01-11,00:10:00,"400 Block Cinema Dr Pittsburgh, PA 15203",15203,N,Fineview,3,HARRASSMENT/THREAT/ATTEMPT/PHY,"2709(a)(1) Harassment by Physical Contact, or Attempts or Threats",2509,3,4,-79.96485641,40.42819933
761,147228048,17002221,10,2017-01-04T16:14:00,2017-01-04,16:14:00,"2700 Block S Water St Pittsburgh, PA 15203",15203,Y,South Side Flats,3,HARRASSMENT/THREAT/ATTEMPT/PHY,"2709(a)(1) Harassment by Physical Contact, or Attempts or Threats / 3503.B1I DEF. TRESPASS ACTUAL COMMUNICATION",1609,3,4,-79.96325261,40.42745662
789,-2977001318,17006164,10,2017-01-11T07:41:00,2017-01-11,07:41:00,"800 Block Spring Garden Ave Pittsburgh, PA 15212",15212,N,East Allegheny,1,HARRASSMENT/THREAT/ATTEMPT/PHY,"2709(a)(1) Harassment by Physical Contact, or Attempts or Threats",2304,1,1,-79.99773926,40.45737706
826,147649021,17006262,10,2017-01-11T12:00:00,2017-01-11,12:00:00,"6300 Block Shakespeare St Pittsburgh, PA 15206",15206,Y,Shadyside,4,HARRASSMENT/THREAT/ATTEMPT/PHY,"2709(a)(1) Harassment by Physical Contact, or Attempts or Threats",708,8,2,-79.92146083,40.45888145
890,147448233,17004571,10,2017-01-07T15:20:00,2017-01-07,15:20:00,"100 Block Sebring Ave Pittsburgh, PA 15216",15216,Y,Beechview,6,HARRASSMENT/THREAT/ATTEMPT/PHY,"2709(a)(1) Harassment by Physical Contact, or Attempts or Threats",1916,4,5,-80.01564083,40.41298178
909,147386226,17003528,10,2017-01-06T16:00:00,2017-01-06,16:00:00,"200 Block Langley St Pittsburgh, PA 15214",15214,Y,Perry South,1,HARRASSMENT/THREAT/ATTEMPT/PHY,"2709(a)(1) Harassment by Physical Contact, or Attempts or Threats",2614,6,1,-80.01102302,40.46312597
1062,146711877,16240276,10,2016-12-27T18:30:00,2016-12-27,18:30:00,"900 Block Rothpletz St Pittsburgh, PA 15212",15212,N,Marshall-Shadeland,1,HARRASSMENT/THREAT/ATTEMPT/PHY,"2709(a)(1) Harassment by Physical Contact, or Attempts or Threats",2715,1,1,-80.02333376,40.47646277
1116,147347851,17003099,10,2017-01-05T23:55:00,2017-01-05,23:55:00,"400 Block N St Clair St Pittsburgh, PA 15206",15206,Y,East Liberty,5,HARRASSMENT/THREAT/ATTEMPT/PHY,"2709(a)(1) Harassment by Physical Contact, or Attempts or Threats",1115,9,2,-79.92685591,40.46594168
1125,146926259,16242245,10,2016-12-31T04:37:00,2016-12-31,04:37:00,"300 Block 3rd Ave Pittsburgh, PA 15222",15222,Y,Central Business District,2,HARRASSMENT/THREAT/ATTEMPT/PHY,"2709(a)(1) Harassment by Physical Contact, or Attempts or Threats",201,6,6,-80.00161855,40.43880878
1136,-2863021204,16242411,10,2016-12-31T13:40:00,2016-12-31,13:40:00,"2900 Block Stafford St Pittsburgh, PA 15204",15204,Y,Sheraden,6,HARRASSMENT/THREAT/ATTEMPT/PHY,"2709(a)(1) Harassment by Physical Contact, or Attempts or Threats",2018,2,5,-80.0504194,40.45675942
1144,-2821000491,17002158,26,2016-12-28T16:10:00,2016-12-28,16:10:00,"2000 Block Centre Ave Pittsburgh, PA 15219",15219,Y,Crawford-Roberts,2,HARRASSMENT/THREAT/ATTEMPT/PHY,2709(a)(4) Harassment Communicates Prohibited Acts,305,6,3,-79.9799791,40.44358094
1473,147502600,17005217,10,2017-01-06T15:20:00,2017-01-06,15:20:00,"Beacon St & MunHall Rd Pittsburgh, PA 15217",15217,N,Squirrel Hill South,4,HARRASSMENT/THREAT/ATTEMPT/PHY,"2709(a)(1) Harassment by Physical Contact, or Attempts or Threats",1408,5,3,-79.924743,40.43450574
1501,147437615,17004368,10,2017-01-08T04:25:00,2017-01-08,04:25:00,"900 Block Hillsboro St Pittsburgh, PA 15204",15204,Y,Sheraden,6,HARRASSMENT/THREAT/ATTEMPT/PHY,"2709(a)(1) Harassment by Physical Contact, or Attempts or Threats / 6308(a) Underage Purchase, Consume, Possessed or Transport Liquor / 5503(a)(1) DISORDERLY CONDUCT - ENGAGE IN FIGHTING",2022,2,5,-80.05703352,40.45271541
1515,147509931,17005210,10,2017-01-09T17:30:00,2017-01-09,17:30:00,"3100 Block Landis St Pittsburgh, PA 15204",15204,Y,Sheraden,6,HARRASSMENT/THREAT/ATTEMPT/PHY,"2709(a)(1) Harassment by Physical Contact, or Attempts or Threats / 2709(a.1)(1)(ii) Cyber Harassment Of A Child Through An Electronic Social Media Service: Threat To Inflict Harm",2018,2,5,-80.05559692,40.45647359
1622,146712510,16240303,10,2016-12-27T11:35:00,2016-12-27,11:35:00,"2300 Block Atmore St Pittsburgh, PA 15212",15212,N,Marshall-Shadeland,1,HARRASSMENT/THREAT/ATTEMPT/PHY,"2709(a)(1) Harassment by Physical Contact, or Attempts or Threats",2704,1,1,-80.03022484,40.46246775
1658,146778814,16240775,10,2016-12-28T16:45:00,2016-12-28,16:45:00,"300 Block North Shore Dr Pittsburgh, PA 15212",15212,N,Chateau,1,HARRASSMENT/THREAT/ATTEMPT/PHY,"2709(a)(1) Harassment by Physical Contact, or Attempts or Threats",2108,1,1,-80.00964027,40.45494869
1746,146992842,17000682,10,2017-01-02T02:00:00,2017-01-02,02:00:00,"1500 Block E Carson St Pittsburgh, PA 15203",15203,Y,South Side Flats,3,HARRASSMENT/THREAT/ATTEMPT/PHY,"2709(a)(1) Harassment by Physical Contact, or Attempts or Threats / 5505 Public Drunkenness / 3503.B1I DEF. TRESPASS ACTUAL COMMUNICATION",1702,3,4,-79.98330671,40.42868483
1802,146849734,16241406,10,2016-12-29T18:12:00,2016-12-29,18:12:00,"40 Block Pasadena St Pittsburgh, PA 15211",15211,Y,Mount Washington,3,HARRASSMENT/THREAT/ATTEMPT/PHY,"2709(a)(1) Harassment by Physical Contact, or Attempts or Threats",1807,3,4,-80.00195411,40.42413941
1810,147131018,17001735,26,2017-01-03T17:00:00,2017-01-03,17:00:00,"800 Block Beechland St Pittsburgh, PA 15207",15207,N,New Homestead,4,HARRASSMENT/THREAT/ATTEMPT/PHY,2709(a)(4) Harassment Communicates Prohibited Acts,3103,5,3,-79.91937233,40.38060239
2022,147827060,17007789,10,2017-01-13T14:55:00,2017-01-13,14:55:00,"300 Block S Braddock Ave Pittsburgh, PA 15221",15221,N,Point Breeze,4,HARRASSMENT/THREAT/ATTEMPT/PHY,"2709(a)(1) Harassment by Physical Contact, or Attempts or Threats",1406,9,3,-79.89635002,40.44542498
2085,147832345,17007836,10,2017-01-13T15:31:00,2017-01-13,15:31:00,"800 Block Woodlow St Pittsburgh, PA 15205",15205,N,Crafton Heights,6,HARRASSMENT/THREAT/ATTEMPT/PHY,"2709(a)(1) Harassment by Physical Contact, or Attempts or Threats",2814,2,5,-80.05117335,40.446857
2122,148045292,17010235,10,2017-01-16T12:05:00,2017-01-16,12:05:00,"600 Block Gettysburg St Pittsburgh, PA 15206",15206,N,Point Breeze,4,HARRASSMENT/THREAT/ATTEMPT/PHY,"2709(a)(1) Harassment by Physical Contact, or Attempts or Threats / 3503 Criminal Trespass",1404,8,3,-79.91681124,40.44886286
2136,147886064,17008956,10,2017-01-15T10:20:00,2017-01-15,10:20:00,"2400 Block Glenarm Ave Pittsburgh, PA 15226",15226,Y,Brookline,6,HARRASSMENT/THREAT/ATTEMPT/PHY,"2709(a)(1) Harassment by Physical Contact, or Attempts or Threats",1919,4,4,-80.01607228,40.39548629
2144,148172312,17011014,10,2017-01-18T17:39:00,2017-01-18,17:39:00,"Fallowfield Pedestrian Brg Pittsburgh, PA 15216",15216,N,Beechview,6,HARRASSMENT/THREAT/ATTEMPT/PHY,"2709(a)(1) Harassment by Physical Contact, or Attempts or Threats",1916,,,0,0
2270,148061730,17010376,10,2017-01-17T19:45:00,2017-01-17,19:45:00,"4700 Block Stanton Ave Pittsburgh, PA 15201",15201,N,Stanton Heights,5,HARRASSMENT/THREAT/ATTEMPT/PHY,"2709(a)(1) Harassment by Physical Contact, or Attempts or Threats",1005,9,2,-79.9365517,40.48080369
2296,148553853,17014738,10,2017-01-24T18:30:00,2017-01-24,18:30:00,"1700 Block Murray Ave Pittsburgh, PA 15217",15217,Y,Squirrel Hill South,4,HARRASSMENT/THREAT/ATTEMPT/PHY,"2709(a)(1) Harassment by Physical Contact, or Attempts or Threats / 5503(a)(1) DISORDERLY CONDUCT - ENGAGE IN FIGHTING",1408,5,3,-79.92305429,40.43802148
2309,148538454,17014566,10,2017-01-24T13:03:00,2017-01-24,13:03:00,"Bigelow Blvd & Forbes Ave Pittsburgh, PA 15213",15213,N,North Oakland,4,HARRASSMENT/THREAT/ATTEMPT/PHY,"2709(a)(1) Harassment by Physical Contact, or Attempts or Threats",403,8,3,-79.95354485,40.44317514
2370,147838349,17007960,10,2017-01-13T01:40:00,2017-01-13,01:40:00,"allegheny Sq E Pittsburgh, PA 15212",15212,Y,Allegheny Center,1,HARRASSMENT/THREAT/ATTEMPT/PHY,"2709(a)(1) Harassment by Physical Contact, or Attempts or Threats",2204,1,6,-80.01801474,40.44895425
2543,148291178,17011487,10,2017-01-19T14:25:00,2017-01-19,14:25:00,"Liberty Brg & P J Mc Ardle Rdwy Pittsburgh, PA 15203",15203,N,South Side Slopes,3,HARRASSMENT/THREAT/ATTEMPT/PHY,"2709(a)(1) Harassment by Physical Contact, or Attempts or Threats",1706,3,4,-79.99926773,40.42914694
2605,148397819,17013566,10,2017-01-22T17:57:00,2017-01-22,17:57:00,"700 Block Johnston Ave Pittsburgh, PA 15207",15207,Y,Glen Hazel,4,HARRASSMENT/THREAT/ATTEMPT/PHY,"2709(a)(1) Harassment by Physical Contact, or Attempts or Threats",1504,5,3,-79.93341101,40.40578844
2609,147959793,17009784,10,2017-01-16T15:35:00,2017-01-16,15:35:00,"600 Block Hollace St Pittsburgh, PA 15219",15219,N,Middle Hill,2,HARRASSMENT/THREAT/ATTEMPT/PHY,"2709(a)(1) Harassment by Physical Contact, or Attempts or Threats",501,6,3,-79.96736295,40.44998594
2644,148305940,17012145,10,2017-01-20T12:30:00,2017-01-20,12:30:00,"600 Block E Ohio St E Pittsburgh, PA 15212",15212,N,East Allegheny,1,HARRASSMENT/THREAT/ATTEMPT/PHY,"2709(a)(1) Harassment by Physical Contact, or Attempts or Threats",2304,1,1,-79.99897476,40.45396982
2649,148307175,17012147,10,2017-01-20T14:54:00,2017-01-20,14:54:00,"East Liberty Blvd & N Negley Ave Pittsburgh, PA 15206",15206,N,East Liberty,5,HARRASSMENT/THREAT/ATTEMPT/PHY,"2709(a)(1) Harassment by Physical Contact, or Attempts or Threats",1113,9,2,-79.92814096,40.46769776
2772,148558702,17014668,10,2017-01-24T07:10:00,2017-01-24,07:10:00,"500 Block Smithfield St Pittsburgh, PA 15222",15222,Y,Central Business District,2,HARRASSMENT/THREAT/ATTEMPT/PHY,"2709(a)(1) Harassment by Physical Contact, or Attempts or Threats",201,6,6,-79.99811616,40.44033208
2990,148159317,17010960,10,2017-01-18T07:20:00,2017-01-18,07:20:00,"Forward Ave & Shady Ave Pittsburgh, PA 15217",15217,N,Squirrel Hill South,4,HARRASSMENT/THREAT/ATTEMPT/PHY,"2709(a)(1) Harassment by Physical Contact, or Attempts or Threats / 3743 Accidents Involving Damage to Attended Veh. or Property",1408,5,3,-79.92119885,40.42917066
3016,147927860,17009527,10,2017-01-16T11:50:00,2017-01-16,11:50:00,"2700 Block Brackenridge St Pittsburgh, PA 15219",15219,Y,Terrace Village,2,HARRASSMENT/THREAT/ATTEMPT/PHY,"2709(a)(1) Harassment by Physical Contact, or Attempts or Threats / 3304(a)(5) CRIMINAL MISCHIEF - Intentionally Damages Real Or Personal Property Of Another",510,6,3,-79.96698713,40.44648059
3056,148273637,17011609,10,2017-01-19T17:00:00,2017-01-19,17:00:00,"300 Block S Winebiddle St Pittsburgh, PA 15224",15224,N,Bloomfield,5,HARRASSMENT/THREAT/ATTEMPT/PHY,"2709(a)(1) Harassment by Physical Contact, or Attempts or Threats",809,9,2,-79.94245019,40.4664663
3247,147896895,17008663,26,2017-01-14T20:00:00,2017-01-14,20:00:00,"7400 Block Frankstown Ave Pittsburgh, PA 15208",15208,N,Homewood North,5,HARRASSMENT/THREAT/ATTEMPT/PHY,2709(a)(4) Harassment Communicates Prohibited Acts,1302,9,2,-79.8918662,40.45632743
3281,147895705,17009115,10,2017-01-15T17:15:00,2017-01-15,17:15:00,"Frankstown Ave & N Homewood Ave Pittsburgh, PA 15208",15208,Y,Homewood North,5,HARRASSMENT/THREAT/ATTEMPT/PHY,"2709(a)(1) Harassment by Physical Contact, or Attempts or Threats",1302,9,2,-79.89629786,40.45739668
3375,-2760001942,17012017,26,2017-01-20T10:40:00,2017-01-20,10:40:00,"2000 Block 5th Ave Pittsburgh, PA 15219",15219,N,Crawford-Roberts,2,HARRASSMENT/THREAT/ATTEMPT/PHY,2709(a)(4) Harassment Communicates Prohibited Acts,305,6,3,-79.9775296,40.43800271
3393,148267403,17011598,10,2017-01-19T16:00:00,2017-01-19,16:00:00,"Hamilton Ave & Rosedale St Pittsburgh, PA 15221",15221,N,Homewood South,5,HARRASSMENT/THREAT/ATTEMPT/PHY,"2709(a)(1) Harassment by Physical Contact, or Attempts or Threats",1304,9,2,-79.88601633,40.452007
3400,148236612,17011451,10,2017-01-18T15:00:00,2017-01-18,15:00:00,"1200 Block Album St Pittsburgh, PA 15206",15206,N,Lincoln-Lemington-Belmar,5,HARRASSMENT/THREAT/ATTEMPT/PHY,"2709(a)(1) Harassment by Physical Contact, or Attempts or Threats",1203,9,2,-79.90386889,40.46863771
3428,148299711,17012057,10,2017-01-20T12:56:00,2017-01-20,12:56:00,"3100 Block Bergman St Pittsburgh, PA 15204",15204,N,Sheraden,6,HARRASSMENT/THREAT/ATTEMPT/PHY,"2709(a)(1) Harassment by Physical Contact, or Attempts or Threats",2018,2,5,-80.05486725,40.45688576
3449,148042396,17009818,10,2017-01-16T22:14:00,2017-01-16,22:14:00,"3300 Block Penn Ave Pittsburgh, PA 15201",15201,Y,Lower Lawrenceville,2,HARRASSMENT/THREAT/ATTEMPT/PHY,"2709(a)(1) Harassment by Physical Contact, or Attempts or Threats",603,7,2,-79.96870303,40.46155919
3492,148368936,17013214,26,2017-01-22T02:06:00,2017-01-22,02:06:00,"2400 Block Fairland St Pittsburgh, PA 15210",15210,N,Overbrook,3,HARRASSMENT/THREAT/ATTEMPT/PHY,2709(a)(4) Harassment Communicates Prohibited Acts,3204,4,4,-79.99363529,40.38498158
3495,-2815000344,17013115,10,2017-01-22T00:05:00,2017-01-22,00:05:00,"300 Block North Shore Dr Pittsburgh, PA 15212",15212,Y,North Shore,1,HARRASSMENT/THREAT/ATTEMPT/PHY,"2709(a)(1) Harassment by Physical Contact, or Attempts or Threats",2205,1,1,-80.00964027,40.45494869
3526,147816437,17007548,10,2017-01-12T21:30:00,2017-01-12,21:30:00,"2300 Block West Liberty Ave Pittsburgh, PA 15226",15226,Y,Brookline,6,HARRASSMENT/THREAT/ATTEMPT/PHY,"2709(a)(1) Harassment by Physical Contact, or Attempts or Threats",1917,4,5,-80.02332033,40.4006972
3581,147923036,17009469,10,2017-01-16T09:59:00,2017-01-16,09:59:00,"2600 Block Webster Ave Pittsburgh, PA 15219",15219,Y,Bedford Dwellings,2,HARRASSMENT/THREAT/ATTEMPT/PHY,"2709(a)(1) Harassment by Physical Contact, or Attempts or Threats / 9498 302 (Mental) / 9497 Aided Case",509,6,3,-79.97093859,40.45012516
3597,148553955,17014751,10,2017-01-24T17:20:00,2017-01-24,17:20:00,"4000 Block Perrysville Ave Pittsburgh, PA 15214",15214,N,Perry North,1,HARRASSMENT/THREAT/ATTEMPT/PHY,"2709(a)(1) Harassment by Physical Contact, or Attempts or Threats",2602,1,1,-80.01986977,40.49117108
20,147449399,17004641,27,2017-01-08T17:42:00,2017-01-08,17:42:00,"Reedsdale St & Allegheny Ave Pittsburgh, PA 15233",15233,N,Chateau,1,HIT AND RUN,3743 Accidents Involving Damage to Attended Veh. or Property,2108,1,6,-80.01782583,40.44803706
27,147474488,17004950,27,2017-01-09T08:00:00,2017-01-09,08:00:00,"Armstrong Tunl & Forbes Ave Pittsburgh, PA 15219",15219,N,Bluff,2,HIT AND RUN,3743 Accidents Involving Damage to Attended Veh. or Property,103,6,6,-79.99205197,40.43797104
28,147476188,17004973,27,2017-01-07T19:30:00,2017-01-07,19:30:00,"100 Block Meyran Ave Pittsburgh, PA 15213",15213,N,Central Oakland,4,HIT AND RUN,3745 Accidents Involving Damage to Unattended Veh.or Prop.,405,3,3,-79.95920852,40.44121778
40,146606873,16239507,27,2016-12-26T10:25:00,2016-12-26,10:25:00,"7700 Block Hamilton Ave Pittsburgh, PA 15221",15221,N,Homewood South,5,HIT AND RUN,3745 Accidents Involving Damage to Unattended Veh.or Prop.,1304,9,2,-79.88906629,40.45251622
57,146819818,16241097,27,2016-12-29T08:00:00,2016-12-29,08:00:00,"1200 Block Banksville Rd Pittsburgh, PA 15216",15216,N,Banksville,6,HIT AND RUN,3745 Accidents Involving Damage to Unattended Veh.or Prop.,2023,4,5,-80.02972821,40.42466724
59,146831087,16241245,27,2016-12-27T18:35:00,2016-12-27,18:35:00,"2800 Block Jane St Pittsburgh, PA 15203",15203,N,South Side Flats,3,HIT AND RUN,3745 Accidents Involving Damage to Unattended Veh.or Prop.,1609,3,4,-79.96723264,40.42479908
60,146832448,16241273,27,2016-12-29T13:30:00,2016-12-29,13:30:00,"1200 Block Chislett St Pittsburgh, PA 15206",15206,N,Morningside,5,HIT AND RUN,3745 Accidents Involving Damage to Unattended Veh.or Prop.,1014,7,2,-79.92818496,40.47953186
77,146911770,16241950,27,2016-12-30T17:02:00,2016-12-30,17:02:00,"E General Robinson St E & Anderson St Pittsburgh, PA 15212",15212,N,North Shore,1,HIT AND RUN,3743 Accidents Involving Damage to Attended Veh. or Property,2205,1,6,-80.00074104,40.44894219
103,-2983000247,16242272,27,2016-12-31T06:45:00,2016-12-31,06:45:00,"Becks Run Rd & E Carson St Pittsburgh, PA 15203",15203,N,South Side Flats,3,HIT AND RUN,3743 Accidents Involving Damage to Attended Veh. or Property,1609,3,4,-79.95552339,40.41102458
104,146928327,16242275,27,2016-12-30T22:00:00,2016-12-30,22:00:00,"1900 Block Lithgow Ave Pittsburgh, PA 15214",15214,N,Perry South,1,HIT AND RUN,3745 Accidents Involving Damage to Unattended Veh.or Prop.,2614,6,1,-80.00984428,40.46195868
138,146945125,16242541,27,2016-12-31T18:21:00,2016-12-31,18:21:00,"600 Block Smithfield St Pittsburgh, PA 15219",15219,N,Central Business District,2,HIT AND RUN,3745 Accidents Involving Damage to Unattended Veh.or Prop.,201,6,6,-79.99740551,40.44152525
162,146973867,17000465,27,2017-01-01T17:30:00,2017-01-01,17:30:00,"1200 Block Woodland Ave Pittsburgh, PA 15212",15212,N,Marshall-Shadeland,1,HIT AND RUN,3745 Accidents Involving Damage to Unattended Veh.or Prop.,2715,1,1,-80.02750701,40.46973165
166,146980515,16242656,27,2016-12-31T22:40:00,2016-12-31,22:40:00,"5th Ave & Mc Kee Pl Pittsburgh, PA 15213",15213,N,Central Oakland,4,HIT AND RUN,3743 Accidents Involving Damage to Attended Veh. or Property,405,3,3,-79.96027451,40.44046003
167,146988954,17000628,27,2017-01-01T23:48:00,2017-01-01,23:48:00,"4800 Block Centre Ave Pittsburgh, PA 15213",15213,N,Shadyside,4,HIT AND RUN,3743 Accidents Involving Damage to Attended Veh. or Property,709,8,2,-79.94729183,40.45324831
169,146628291,16239648,27,2016-12-26T16:00:00,2016-12-26,16:00:00,"4400 Block Frew St Ext & Schenley Dr Pittsburgh, PA 15217",15217,N,Squirrel Hill South,4,HIT AND RUN,3745 Accidents Involving Damage to Unattended Veh.or Prop.,1413,,,0,0
181,146926888,16242265,27,2016-12-31T06:24:00,2016-12-31,06:24:00,"200 Block N Euclid Ave Pittsburgh, PA 15206",15206,N,East Liberty,5,HIT AND RUN,3743 Accidents Involving Damage to Attended Veh. or Property,1115,9,2,-79.92902798,40.46069035
188,146925831,16242219,27,2016-12-31T03:56:00,2016-12-31,03:56:00,"Ohio River Blvd & Millerton Ave Pittsburgh, PA 15212",15212,N,Brighton Heights,1,HIT AND RUN,3745 Accidents Involving Damage to Unattended Veh.or Prop. / 3743 Accidents Involving Damage to Attended Veh. or Property,2701,1,1,-80.04606956,40.48151328
213,146700494,16240170,27,2016-12-27T16:26:00,2016-12-27,16:26:00,"200 Block S Highland Ave Pittsburgh, PA 15232",15232,N,Shadyside,4,HIT AND RUN,3743 Accidents Involving Damage to Attended Veh. or Property,705,8,2,-79.92543474,40.45853284
289,-2848012555,17002010,27,2017-01-04T09:35:00,2017-01-04,09:35:00,"California Ave & Antrim St Pittsburgh, PA 15212",15212,N,Brighton Heights,1,HIT AND RUN,3743 Accidents Involving Damage to Attended Veh. or Property,2703,1,1,-80.03957247,40.47526027
297,147122314,17001641,27,2017-01-03T17:00:00,2017-01-03,17:00:00,"300 Block S Negley Ave Pittsburgh, PA 15206",15206,N,Friendship,5,HIT AND RUN,3745 Accidents Involving Damage to Unattended Veh.or Prop.,807,7,2,-79.93276665,40.4606234
315,146959703,17000258,27,2017-01-01T10:00:00,2017-01-01,10:00:00,"2000 Block Mt Pisgah Pl Pittsburgh, PA 15205",15205,N,Westwood,6,HIT AND RUN,3745 Accidents Involving Damage to Unattended Veh.or Prop.,2811,2,5,-80.04714405,40.4270657
317,146962996,17000331,27,2017-01-01T11:05:00,2017-01-01,11:05:00,"P J Mc Ardle Rdwy & Liberty Brg Pittsburgh, PA 15203",15203,N,South Side Slopes,3,HIT AND RUN,3743 Accidents Involving Damage to Attended Veh. or Property,1706,3,4,-79.99926773,40.42914694
326,147231386,17002334,27,2017-01-04T18:00:00,2017-01-04,18:00:00,"Bigelow Blvd & Bloomfield Brg Ramp Pittsburgh, PA 15213",15213,N,Polish Hill,2,HIT AND RUN,3743 Accidents Involving Damage to Attended Veh. or Property,605,6,3,-79.95732346,40.45870358
328,147235930,17002388,27,2017-01-04T18:00:00,2017-01-04,18:00:00,"Forbes Ave & Gist St Pittsburgh, PA 15219",15219,N,Bluff,2,HIT AND RUN,3745 Accidents Involving Damage to Unattended Veh.or Prop.,103,6,3,-79.97950869,40.43741675
329,147236471,17002235,27,2017-01-04T16:00:00,2017-01-04,16:00:00,"3300 Block Forbes Ave Pittsburgh, PA 15213",15213,N,South Oakland,4,HIT AND RUN,3745 Accidents Involving Damage to Unattended Veh.or Prop.,409,3,3,-79.96300592,40.43710925
338,147422712,17004008,27,2017-01-07T14:15:00,2017-01-07,14:15:00,"4700 Block Penn Ave Pittsburgh, PA 15224",15224,Y,Bloomfield,5,HIT AND RUN,3743 Accidents Involving Damage to Attended Veh. or Property,809,7,2,-79.94798089,40.46548905
344,147427624,17004034,27,2017-01-07T08:00:00,2017-01-07,08:00:00,"3100 Block Perrysville Ave Pittsburgh, PA 15214",15214,N,Perry North,1,HIT AND RUN,3745 Accidents Involving Damage to Unattended Veh.or Prop.,2607,1,1,-80.01196047,40.47753752
347,-2724001208,17002298,27,2017-01-04T19:00:00,2017-01-04,19:00:00,"Dinwiddie St & Centre Ave Pittsburgh, PA 15219",15219,N,Crawford-Roberts,2,HIT AND RUN,3745 Accidents Involving Damage to Unattended Veh.or Prop.,305,6,3,-79.98056237,40.4434442
363,147344007,17003096,27,2017-01-05T23:15:00,2017-01-05,23:15:00,"Reddour St & Sampsonia St Pittsburgh, PA 15212",15212,N,Central North Side,1,HIT AND RUN,3745 Accidents Involving Damage to Unattended Veh.or Prop.,2206,1,1,-80.00833384,40.45749854
369,147310434,17002814,27,2017-01-05T14:30:00,2017-01-05,14:30:00,"E Warrington Ave & Beltzhoover Ave Pittsburgh, PA 15210",15210,N,Allentown,3,HIT AND RUN,3745 Accidents Involving Damage to Unattended Veh.or Prop.,1803,3,4,-79.99740008,40.42164787
377,147448673,17004601,27,2017-01-08T16:50:00,2017-01-08,16:50:00,"Western Ave & Fontella St Pittsburgh, PA 15233",15233,N,Manchester,1,HIT AND RUN,3745 Accidents Involving Damage to Unattended Veh.or Prop.,2107,6,1,-80.02168705,40.45100094
384,147456425,17004771,27,2017-01-08T23:03:00,2017-01-08,23:03:00,"Fort Duquesne Brg Ramp & Ohio River Blvd Pittsburgh, PA 15212",15212,N,North Shore,1,HIT AND RUN,3745 Accidents Involving Damage to Unattended Veh.or Prop.,2205,,,0,0
388,147131173,17001709,27,2017-01-03T19:09:00,2017-01-03,19:09:00,"Banksville Rd & Carnahan Rd Pittsburgh, PA 15216",15216,N,Banksville,6,HIT AND RUN,3743 Accidents Involving Damage to Attended Veh. or Property / 3736 Reckless Driving / 3112 Traffic-Control Signals. / 3746 Immediate Notice of Accident to Police Department,2023,2,5,-80.03424477,40.40702328
389,147131459,17001714,27,2017-01-03T19:12:00,2017-01-03,19:12:00,"Virginia Ave Pittsburgh, PA 15211",15211,Y,Mount Washington,3,HIT AND RUN,3745 Accidents Involving Damage to Unattended Veh.or Prop.,1914,2,5,-80.02269533,40.4329392
390,147167359,17001964,27,2017-01-04T07:30:00,2017-01-04,07:30:00,"4100 Block Butler St Pittsburgh, PA 15201",15201,N,Central Lawrenceville,2,HIT AND RUN,3745 Accidents Involving Damage to Unattended Veh.or Prop.,902,7,2,-79.96107688,40.46940283
391,147172995,17001983,27,2017-01-04T06:10:00,2017-01-04,06:10:00,"5100 Block Centre Ave Pittsburgh, PA 15224",15224,N,Shadyside,4,HIT AND RUN,3745 Accidents Involving Damage to Unattended Veh.or Prop.,709,8,2,-79.94227879,40.45474621
409,147376789,17003473,27,2017-01-06T16:00:00,2017-01-06,16:00:00,"Shady Ave & 5th Ave Pittsburgh, PA 15206",15206,N,Shadyside,4,HIT AND RUN,3743 Accidents Involving Damage to Attended Veh. or Property,706,8,3,-79.92071256,40.45289411
410,147378637,17003520,27,2017-01-06T15:55:00,2017-01-06,15:55:00,"5th Ave & Shady Ave Pittsburgh, PA 15206",15206,N,Shadyside,4,HIT AND RUN,3743 Accidents Involving Damage to Attended Veh. or Property,708,8,3,-79.92071256,40.45289411
429,147472017,17004940,27,2017-01-09T07:40:00,2017-01-09,07:40:00,"200 Block Watson Blvd Pittsburgh, PA 15214",15214,N,Perry North,1,HIT AND RUN,3745 Accidents Involving Damage to Unattended Veh.or Prop.,2607,1,1,-80.01023166,40.4834427
438,147709903,17006364,27,2017-01-11T14:50:00,2017-01-11,14:50:00,"500 Block Diamond St Pittsburgh, PA 15219",15219,N,Central Business District,2,HIT AND RUN,3745 Accidents Involving Damage to Unattended Veh.or Prop.,201,6,6,-79.99519303,40.43802599
441,147711879,17006824,27,2017-01-12T07:10:00,2017-01-12,07:10:00,"Butler St & 40th St Pittsburgh, PA 15201",15201,N,Lower Lawrenceville,2,HIT AND RUN,3743 Accidents Involving Damage to Attended Veh. or Property,603,7,2,-79.96229068,40.46870715
480,146956625,17000171,27,2017-01-01T06:09:00,2017-01-01,06:09:00,"600 Block Boggs Ave Pittsburgh, PA 15211",15211,N,Mount Washington,3,HIT AND RUN,3745 Accidents Involving Damage to Unattended Veh.or Prop.,1915,2,5,-80.01036831,40.42190817
485,-2772001346,17000075,27,2017-01-01T01:18:00,2017-01-01,01:18:00,"Madison Ave & Tripoli St Pittsburgh, PA 15212",15212,N,East Allegheny,1,HIT AND RUN,3743 Accidents Involving Damage to Attended Veh. or Property,2304,1,1,-79.99762497,40.4565794
497,147027777,17000846,27,2017-01-02T12:15:00,2017-01-02,12:15:00,"1200 Block Dagmar Ave Pittsburgh, PA 15216",15216,N,Beechview,6,HIT AND RUN,3745 Accidents Involving Damage to Unattended Veh.or Prop.,1916,4,5,-80.02344239,40.41676407
507,146979655,17000095,27,2017-01-01T02:05:00,2017-01-01,02:05:00,"S 18th St & St Patrick St Pittsburgh, PA 15203",15203,N,South Side Slopes,3,HIT AND RUN,3745 Accidents Involving Damage to Unattended Veh.or Prop.,1706,3,4,-79.98220763,40.42134519
513,147049289,17001026,27,2017-01-02T17:27:00,2017-01-02,17:27:00,"1100 Block Brownsville Rd Pittsburgh, PA 15210",15210,N,Carrick,3,HIT AND RUN,3743 Accidents Involving Damage to Attended Veh. or Property / 3746 Immediate Notice of Accident to Police Department,2902,4,4,-79.99089923,40.40493936
526,147122691,17001628,27,2017-01-03T17:11:00,2017-01-03,17:11:00,"Forbes Ave & Beechwood Blvd Pittsburgh, PA 15217",15217,N,Squirrel Hill North,4,HIT AND RUN,3743 Accidents Involving Damage to Attended Veh. or Property,1403,5,3,-79.91147424,40.43801262
561,-2911010465,17010120,27,2017-01-17T09:15:00,2017-01-17,09:15:00,"3100 Block Terrace St Pittsburgh, PA 15213",15213,N,West Oakland,4,HIT AND RUN,3745 Accidents Involving Damage to Unattended Veh.or Prop.,402,6,3,-79.96742805,40.43987116
562,146597289,16239454,27,2016-12-26T06:10:00,2016-12-26,06:10:00,"300 Block General Robinson St E Pittsburgh, PA 15212",15212,N,North Shore,1,HIT AND RUN,3743 Accidents Involving Damage to Attended Veh. or Property,2205,1,6,-79.99931885,40.4493077
566,147423264,17001717,27,2017-01-03T19:13:00,2017-01-03,19:13:00,"600 Block 1st Ave Pittsburgh, PA 15219",15219,Y,Central Business District,2,HIT AND RUN,3743 Accidents Involving Damage to Attended Veh. or Property / 3714 Careless Driving / 1543 Driving While Operating Privilege is Suspended or Revoked.,201,6,6,-79.99630099,40.43469659
570,147446479,17004545,27,2017-01-08T13:00:00,2017-01-08,13:00:00,"S 18th St & Sarah St Pittsburgh, PA 15203",15203,N,South Side Flats,3,HIT AND RUN,3743 Accidents Involving Damage to Attended Veh. or Property,1702,3,4,-79.98065191,40.42783836
571,147451128,17004669,27,2017-01-08T18:44:00,2017-01-08,18:44:00,"Frankstown Ave & Collier St Pittsburgh, PA 15208",15208,N,Homewood North,5,HIT AND RUN,3743 Accidents Involving Damage to Attended Veh. or Property,1302,9,2,-79.89190208,40.45639295
588,-2917000198,16240682,27,2016-12-28T14:15:00,2016-12-28,14:15:00,"Nash @ Avery St Pittsburgh, PA 15212",15212,N,East Allegheny,1,HIT AND RUN,3743 Accidents Involving Damage to Attended Veh. or Property,2304,,,0,0
592,147486757,17005030,27,2017-01-09T12:17:00,2017-01-09,12:17:00,"West End Brg & Ohio River Blvd Ramp Pittsburgh, PA 15233",15233,N,Chateau,1,HIT AND RUN,3743 Accidents Involving Damage to Attended Veh. or Property,2108,,,0,0
595,147498760,17005141,27,2017-01-07T10:00:00,2017-01-07,10:00:00,"Kearsarge St & Volk Rd Pittsburgh, PA 15211",15211,N,Mount Washington,3,HIT AND RUN,3745 Accidents Involving Damage to Unattended Veh.or Prop.,1903,2,5,-80.01046926,40.431574
599,147500707,17005189,27,2017-01-09T08:30:00,2017-01-09,08:30:00,"Kirk Ave & Custer Ave Pittsburgh, PA 15227",15227,N,Carrick,3,HIT AND RUN,3743 Accidents Involving Damage to Attended Veh. or Property,2904,4,4,-79.97719832,40.39290596
628,146714192,16240329,27,2016-12-27T19:50:00,2016-12-27,19:50:00,"5400 Block Centre Ave Pittsburgh, PA 15232",15232,N,Shadyside,4,HIT AND RUN,3743 Accidents Involving Damage to Attended Veh. or Property,709,8,2,-79.9382756,40.45587632
639,147519162,17005182,27,2017-01-09T17:00:00,2017-01-09,17:00:00,"Beechwood Blvd & Shady Ave Pittsburgh, PA 15217",15217,N,Squirrel Hill South,4,HIT AND RUN,3745 Accidents Involving Damage to Unattended Veh.or Prop.,1414,5,3,-79.92424321,40.41816095
661,146846519,16241373,27,2016-12-29T14:00:00,2016-12-29,14:00:00,"5300 Block Stanton Ave Pittsburgh, PA 15206",15206,N,Morningside,5,HIT AND RUN,3745 Accidents Involving Damage to Unattended Veh.or Prop.,1014,9,2,-79.93337528,40.4759693
698,146908374,16241872,27,2016-12-30T14:00:00,2016-12-30,14:00:00,"3500 Block S 18th St Pittsburgh, PA 15210",15210,N,South Side Slopes,3,HIT AND RUN,3745 Accidents Involving Damage to Unattended Veh.or Prop.,1706,3,4,-79.98463123,40.42144909
725,147645612,17006300,27,2017-01-11T12:45:00,2017-01-11,12:45:00,"400 Block N Highland Ave Pittsburgh, PA 15206",15206,N,East Liberty,5,HIT AND RUN,3745 Accidents Involving Damage to Unattended Veh.or Prop.,1115,9,2,-79.92217164,40.4651578
741,146931936,16242392,27,2016-12-31T12:30:00,2016-12-31,12:30:00,"3600 Block Fleming Ave Pittsburgh, PA 15212",15212,N,Brighton Heights,1,HIT AND RUN,3745 Accidents Involving Damage to Unattended Veh.or Prop.,2701,1,1,-80.03924451,40.48051599
749,-2983000173,16239534,27,2016-12-26T10:00:00,2016-12-26,10:00:00,"200 Block Conniston Ave Pittsburgh, PA 15210",15210,N,Bon Air,3,HIT AND RUN,3745 Accidents Involving Damage to Unattended Veh.or Prop.,1806,4,4,-79.99952061,40.40963005
766,-2632001162,17002631,27,2017-01-05T07:05:00,2017-01-05,07:05:00,"4400 Block forbes Ave Pittsburgh, PA 15213",15213,N,North Oakland,4,HIT AND RUN,3743 Accidents Involving Damage to Attended Veh. or Property,404,8,3,-79.94909877,40.44369849
774,146955913,17000050,27,2017-01-01T00:45:00,2017-01-01,00:45:00,"700 Block Casino  Dr Pittsburgh, PA 15212",15212,N,Chateau,1,HIT AND RUN,3745 Accidents Involving Damage to Unattended Veh.or Prop.,2108,6,6,-80.02075781,40.44686778
795,147327786,17002944,27,2017-01-05T17:50:00,2017-01-05,17:50:00,"Fort Pitt Blvd & Smithfield St Brg Pittsburgh, PA ",", PA ",N,Central Business District,2,HIT AND RUN,3743 Accidents Involving Damage to Attended Veh. or Property,201,,,0,0
796,147328403,17002961,27,2017-01-05T18:10:00,2017-01-05,18:10:00,"Panther Hollow Rd & Panther Hollow Brg Pittsburgh, PA 15217",15217,N,Squirrel Hill South,4,HIT AND RUN,3743 Accidents Involving Damage to Attended Veh. or Property,1413,5,3,-79.94709039,40.4378592
802,147679471,17006550,27,2017-01-11T18:45:00,2017-01-11,18:45:00,"Oakwood St & Frankstown Ave Pittsburgh, PA 15221",15221,N,Homewood North,5,HIT AND RUN,3743 Accidents Involving Damage to Attended Veh. or Property,1301,9,2,-79.8859436,40.45507333
831,-2761031815,17006338,27,2017-01-11T14:25:00,2017-01-11,14:25:00,"6000 Block Penn Ave Pittsburgh, PA 15206",15206,N,East Liberty,5,HIT AND RUN,3745 Accidents Involving Damage to Unattended Veh.or Prop.,1115,9,2,-79.92457748,40.46107732
834,147372749,17003441,27,2017-01-06T15:10:00,2017-01-06,15:10:00,"Saw Mill Run Blvd & Bausman St Pittsburgh, PA 15226",15226,N,Bon Air,3,HIT AND RUN,3743 Accidents Involving Damage to Attended Veh. or Property,1806,4,4,-80.00602827,40.41111529
840,147385820,17003610,27,2017-01-06T20:15:00,2017-01-06,20:15:00,"Main St & Butler St Pittsburgh, PA 15201",15201,N,Central Lawrenceville,2,HIT AND RUN,3745 Accidents Involving Damage to Unattended Veh.or Prop.,902,7,2,-79.96091157,40.46979752
844,147413426,17003887,27,2017-01-07T09:30:00,2017-01-07,09:30:00,"2600 Block Mackinaw Ave Pittsburgh, PA 15216",15216,N,Beechview,6,HIT AND RUN,3745 Accidents Involving Damage to Unattended Veh.or Prop.,1920,4,5,-80.02702089,40.40034737
854,147698754,17005420,27,2017-01-10T02:19:00,2017-01-10,02:19:00,"44th St & Butler St Pittsburgh, PA 15201",15201,Y,Central Lawrenceville,2,HIT AND RUN,3745 Accidents Involving Damage to Unattended Veh.or Prop. / 3736 Reckless Driving / 3353 Prohibitions in Specified Places.,901,7,2,-79.95979498,40.47146091
863,147359680,17003307,27,2017-01-06T11:00:00,2017-01-06,11:00:00,"2300 Block Sierra St Pittsburgh, PA 15203",15203,N,South Side Slopes,3,HIT AND RUN,3745 Accidents Involving Damage to Unattended Veh.or Prop.,1608,3,4,-79.97375467,40.42134841
868,146739672,16240504,27,2016-12-28T07:38:00,2016-12-28,07:38:00,"I-376 Ramp & Banksville Rd Ramp Pittsburgh, PA 15216",15216,N,Ridgemont,6,HIT AND RUN,3743 Accidents Involving Damage to Attended Veh. or Property,2016,,,0,0
900,146665621,16240056,27,2016-12-27T10:45:00,2016-12-27,10:45:00,"2300 Block Noblestown Rd Pittsburgh, PA ",", PA ",N,Oakwood,6,HIT AND RUN,3745 Accidents Involving Damage to Unattended Veh.or Prop.,2812,2,5,-80.05434944,40.42783233
903,147705122,17006759,27,2017-01-12T04:20:00,2017-01-12,04:20:00,"Webster Ave & Morgan St Pittsburgh, PA 15219",15219,N,Middle Hill,2,HIT AND RUN,3745 Accidents Involving Damage to Unattended Veh.or Prop. / 3352 Removal of Vehicle by or at Direction of Police.,501,6,3,-79.96892064,40.45114941
918,147441765,17004445,27,2017-01-08T10:10:00,2017-01-08,10:10:00,"300 Block 44th St Pittsburgh, PA 15201",15201,N,Central Lawrenceville,2,HIT AND RUN,3745 Accidents Involving Damage to Unattended Veh.or Prop.,902,7,2,-79.95789214,40.46988656
920,147450219,17004654,27,2017-01-08T18:13:00,2017-01-08,18:13:00,"2900 Block Shady Ave Pittsburgh, PA 15217",15217,N,Squirrel Hill South,4,HIT AND RUN,3745 Accidents Involving Damage to Unattended Veh.or Prop.,1414,5,3,-79.9235646,40.42623546
955,146744758,16240555,27,2016-12-28T08:45:00,2016-12-28,08:45:00,"5500 Block Baywood St Pittsburgh, PA 15206",15206,N,East Liberty,5,HIT AND RUN,3745 Accidents Involving Damage to Unattended Veh.or Prop.,1113,9,2,-79.92892373,40.47137979
964,146925070,16242134,27,2016-12-31T00:35:00,2016-12-31,00:35:00,"Oakwood St & Frankstown Ave Pittsburgh, PA 15221",15221,N,Homewood North,5,HIT AND RUN,3743 Accidents Involving Damage to Attended Veh. or Property,1301,9,2,-79.8859436,40.45507333
968,146943905,16242458,27,2016-12-31T14:40:00,2016-12-31,14:40:00,"Allegheny Ave & Reedsdale St Pittsburgh, PA 15233",15233,N,Chateau,1,HIT AND RUN,3745 Accidents Involving Damage to Unattended Veh.or Prop.,2108,1,6,-80.01782583,40.44803706
979,147666700,17006470,27,2017-01-11T17:14:00,2017-01-11,17:14:00,"100 Block Oak Park Rd Pittsburgh, PA 15214",15214,N,Perry North,1,HIT AND RUN,3745 Accidents Involving Damage to Unattended Veh.or Prop.,2607,1,1,-80.01361585,40.47567422
984,147327646,17002925,27,2017-01-05T16:30:00,2017-01-05,16:30:00,"100 Block Newburn Ave Pittsburgh, PA 15227",15227,N,Carrick,3,HIT AND RUN,3745 Accidents Involving Damage to Unattended Veh.or Prop.,2904,4,4,-79.98032782,40.38169057
985,147328594,17002937,27,2017-01-05T00:01:00,2017-01-05,00:01:00,"Howe St & Ivy St Pittsburgh, PA 15232",15232,N,Shadyside,4,HIT AND RUN,3745 Accidents Involving Damage to Unattended Veh.or Prop.,703,8,2,-79.93171385,40.45079853
988,147341904,17003055,27,2017-01-05T21:35:00,2017-01-05,21:35:00,"W Carson St & Stanhope St Pittsburgh, PA 15204",15204,N,Esplen,6,HIT AND RUN,3743 Accidents Involving Damage to Attended Veh. or Property,2017,2,5,-80.05317377,40.46442864
1027,146774123,16240730,27,2016-12-27T21:00:00,2016-12-27,21:00:00,"E Carson St & S 27th St Pittsburgh, PA 15203",15203,N,South Side Flats,3,HIT AND RUN,3745 Accidents Involving Damage to Unattended Veh.or Prop.,1609,3,4,-79.96706829,40.42708178
1028,146777848,16240778,27,2016-12-28T14:00:00,2016-12-28,14:00:00,"2000 Block Arlington Ave Pittsburgh, PA 15210",15210,N,Arlington,3,HIT AND RUN,3745 Accidents Involving Damage to Unattended Veh.or Prop.,1603,3,4,-79.97826885,40.41778816
1030,146783265,16240884,27,2016-12-28T19:00:00,2016-12-28,19:00:00,"Fetzer St & Kearsarge St Pittsburgh, PA 15211",15211,N,Mount Washington,3,HIT AND RUN,3745 Accidents Involving Damage to Unattended Veh.or Prop.,1903,2,5,-80.00999371,40.43303932
1043,146804890,16240976,27,2016-12-28T23:50:00,2016-12-28,23:50:00,"40 Block Sterling St Pittsburgh, PA 15203",15203,N,South Side Slopes,3,HIT AND RUN,3745 Accidents Involving Damage to Unattended Veh.or Prop.,1608,3,4,-79.97392044,40.42318846
1045,146829825,16241227,27,2016-12-29T12:26:00,2016-12-29,12:26:00,"Saw Mill Run Blvd & Glenbury St Pittsburgh, PA 15227",15227,N,Overbrook,3,HIT AND RUN,3743 Accidents Involving Damage to Attended Veh. or Property,3204,4,4,-79.99602663,40.38248919
1053,146637430,16239805,27,2016-12-26T09:45:00,2016-12-26,09:45:00,"800 Block Boggs Ave Pittsburgh, PA 15211",15211,N,Mount Washington,3,HIT AND RUN,3745 Accidents Involving Damage to Unattended Veh.or Prop.,1915,4,5,-80.01241167,40.41848978
1058,146705024,16240241,27,2016-12-27T15:00:00,2016-12-27,15:00:00,"Liberty Brg & Arlington Ave Pittsburgh, PA 15219",15219,N,South Side Slopes,3,HIT AND RUN,3743 Accidents Involving Damage to Attended Veh. or Property,1706,3,5,-79.99904775,40.42947386
1083,146766520,16240683,27,2016-12-28T09:00:00,2016-12-28,09:00:00,"Arlington Ave & S 18th St Pittsburgh, PA 15210",15210,N,South Side Slopes,3,HIT AND RUN,3743 Accidents Involving Damage to Attended Veh. or Property,1706,3,0,-79.986461,40.41761639
1087,147282189,17002672,27,2017-01-05T06:30:00,2017-01-05,06:30:00,"6th Ave & Smithfield St Pittsburgh, PA 15222",15222,N,Central Business District,2,HIT AND RUN,3743 Accidents Involving Damage to Attended Veh. or Property,201,6,6,-79.99773116,40.44145645
1090,147300777,17002784,27,2017-01-05T13:05:00,2017-01-05,13:05:00,"7600 Block Hamilton Ave Pittsburgh, PA 15221",15221,N,Homewood South,5,HIT AND RUN,3745 Accidents Involving Damage to Unattended Veh.or Prop.,1304,9,2,-79.89101175,40.45296616
1093,147330166,17002905,27,2017-01-05T16:55:00,2017-01-05,16:55:00,"Grant St Ramp Pittsburgh, PA 15219",15219,N,Central Business District,2,HIT AND RUN,3743 Accidents Involving Damage to Attended Veh. or Property,201,,,0,0
1112,146897362,16241792,27,2016-12-30T11:30:00,2016-12-30,11:30:00,"1500 Block Obey Ave Pittsburgh, PA 15205",15205,N,Crafton Heights,6,HIT AND RUN,3745 Accidents Involving Damage to Unattended Veh.or Prop.,2815,2,5,-80.05072974,40.44017929
1113,147342923,17000309,27,2017-01-05T22:30:00,2017-01-05,22:30:00,"4700 Block Baum Blvd Pittsburgh, PA 15213",15213,N,Bloomfield,5,HIT AND RUN,3745 Accidents Involving Damage to Unattended Veh.or Prop.,804,7,3,-79.95016379,40.45399637
1118,147383715,17003464,27,2017-01-06T15:30:00,2017-01-06,15:30:00,"Blvd Of The Allies & Bluff St Pittsburgh, PA 15219",15219,Y,Bluff,2,HIT AND RUN,3743 Accidents Involving Damage to Attended Veh. or Property / 3714 Careless Driving,103,6,3,-79.98503377,40.43529592
1119,147389127,17003619,27,2017-01-06T21:13:00,2017-01-06,21:13:00,"2000 Block Pioneer Ave Pittsburgh, PA 15226",15226,N,Brookline,6,HIT AND RUN,3745 Accidents Involving Damage to Unattended Veh.or Prop.,1917,4,4,-80.01605429,40.40269775
1124,147408925,17002868,27,2017-01-07T07:30:00,2017-01-07,07:30:00,"7100 Block Mt Vernon St Pittsburgh, PA 15208",15208,N,Homewood North,5,HIT AND RUN,3745 Accidents Involving Damage to Unattended Veh.or Prop.,1302,9,2,-79.89741607,40.46185362
1133,146912017,16241923,27,2016-12-30T16:40:00,2016-12-30,16:40:00,"20 Block Homestead High Level Brg Pittsburgh, PA 15217",15217,N,Squirrel Hill South,4,HIT AND RUN,3743 Accidents Involving Damage to Attended Veh. or Property,1414,,,-79.91855638,40.41082378
1137,-2983000262,16242416,27,2016-12-31T03:00:00,2016-12-31,03:00:00,"100 Block S 18th St Pittsburgh, PA 15203",15203,N,South Side Flats,3,HIT AND RUN,3745 Accidents Involving Damage to Unattended Veh.or Prop.,1702,3,4,-79.98083281,40.42813128
1155,146972764,17000419,27,2016-12-31T06:30:00,2016-12-31,06:30:00,"100 Block S 17th St Pittsburgh, PA 15203",15203,N,South Side Flats,3,HIT AND RUN,3745 Accidents Involving Damage to Unattended Veh.or Prop.,1702,3,4,-79.98215432,40.42852531
1168,147084847,17001367,27,2017-01-03T08:05:00,2017-01-03,08:05:00,"80 Block S 15th St Pittsburgh, PA 15203",15203,N,South Side Flats,3,HIT AND RUN,3745 Accidents Involving Damage to Unattended Veh.or Prop.,1702,3,4,-79.98357299,40.4285553
1169,147086484,17001376,27,2017-01-03T08:15:00,2017-01-03,08:15:00,"Arlington Ave & Lillian Way Pittsburgh, PA 15210",15210,N,Allentown,3,HIT AND RUN,3745 Accidents Involving Damage to Unattended Veh.or Prop.,1803,3,4,-79.98871259,40.41883245
1202,147047033,17000586,27,2017-01-01T07:00:00,2017-01-01,07:00:00,"Steiner St & Cheston St Pittsburgh, PA 15227",15227,N,Carrick,3,HIT AND RUN,3745 Accidents Involving Damage to Unattended Veh.or Prop.,2904,4,4,-79.97494444,40.38959942
1223,147569213,17005714,27,2017-01-10T13:50:00,2017-01-10,13:50:00,"6200 Block Kentucky Ave Pittsburgh, PA 15206",15206,N,Shadyside,4,HIT AND RUN,3745 Accidents Involving Damage to Unattended Veh.or Prop.,706,8,2,-79.92271862,40.4532369
1237,147114712,17001583,27,2017-01-03T06:00:00,2017-01-03,06:00:00,"900 Block Woodlow St Pittsburgh, PA 15205",15205,N,Crafton Heights,6,HIT AND RUN,3745 Accidents Involving Damage to Unattended Veh.or Prop.,2814,2,5,-80.05220414,40.44589982
1243,147124537,17001675,27,2017-01-03T18:00:00,2017-01-03,18:00:00,"3200 Block E Carson St Pittsburgh, PA 15203",15203,N,South Side Flats,3,HIT AND RUN,3743 Accidents Involving Damage to Attended Veh. or Property,1609,2,5,-80.05031095,40.46153932
1247,147136614,17001789,27,2017-01-03T21:31:00,2017-01-03,21:31:00,"S 26th St & Tunnel Blvd Pittsburgh, PA 15203",15203,N,South Side Flats,3,HIT AND RUN,3743 Accidents Involving Damage to Attended Veh. or Property,1609,3,4,-79.96735409,40.42943595
1265,147578214,17005811,27,2017-01-10T02:41:00,2017-01-10,02:41:00,"50 Block Greenbush St Pittsburgh, PA 15211",15211,N,Mount Washington,3,HIT AND RUN,3745 Accidents Involving Damage to Unattended Veh.or Prop.,1914,2,5,-80.00826287,40.42769812
1288,147235370,17002353,27,2017-01-04T08:15:00,2017-01-04,08:15:00,"5800 Block Aylesboro Ave Pittsburgh, PA 15217",15217,N,Squirrel Hill North,4,HIT AND RUN,3745 Accidents Involving Damage to Unattended Veh.or Prop.,1403,5,3,-79.92275688,40.43954834
1301,147581686,17005854,27,2017-01-10T09:30:00,2017-01-10,09:30:00,"70 Block Westwood St Pittsburgh, PA 15211",15211,N,Mount Washington,3,HIT AND RUN,3745 Accidents Involving Damage to Unattended Veh.or Prop.,1915,2,5,-80.00587265,40.42387088
1310,147587181,17005920,27,2017-01-10T20:00:00,2017-01-10,20:00:00,"800 Block Pennsylvania Ave Pittsburgh, PA 15233",15233,N,California-Kirkbride,1,HIT AND RUN,3743 Accidents Involving Damage to Attended Veh. or Property,2507,6,1,-80.01539975,40.45614291
1312,147587677,17005936,27,2017-01-10T19:30:00,2017-01-10,19:30:00,"700 Block Penn Ave Pittsburgh, PA 15222",15222,N,Central Business District,2,HIT AND RUN,3745 Accidents Involving Damage to Unattended Veh.or Prop.,201,6,6,-80.00022097,40.44318264
1321,146945017,16242525,27,2016-12-31T17:46:00,2016-12-31,17:46:00,"Middletown Rd & Chartiers Ave Pittsburgh, PA 15204",15204,N,Chartiers City,6,HIT AND RUN,3743 Accidents Involving Damage to Attended Veh. or Property,2021,2,5,-80.07320485,40.45763252
1323,146945913,16242477,27,2016-12-31T18:30:00,2016-12-31,18:30:00,"1600 Block Brookline Blvd Pittsburgh, PA 15226",15226,Y,Brookline,6,HIT AND RUN,3745 Accidents Involving Damage to Unattended Veh.or Prop.,3206,4,4,-80.00252186,40.39104798
1337,-2860003936,17003496,27,2017-01-06T16:50:00,2017-01-06,16:50:00,"5700 Block Forbes Ave Pittsburgh, PA 15217",15217,N,Squirrel Hill North,4,HIT AND RUN,3743 Accidents Involving Damage to Attended Veh. or Property,1403,5,3,-79.92521543,40.43738889
1342,147400553,17003682,27,2017-01-06T23:54:00,2017-01-06,23:54:00,"Mellon St & Wellesley Ave Pittsburgh, PA 15206",15206,N,Highland Park,5,HIT AND RUN,3745 Accidents Involving Damage to Unattended Veh.or Prop.,1102,7,2,-79.92337495,40.47366424
1353,147600180,17000105,27,2017-01-01T02:15:00,2017-01-01,02:15:00,"600 Block First Ave Pittsburgh, PA 15219",15219,Y,Crawford-Roberts,2,HIT AND RUN,3745 Accidents Involving Damage to Unattended Veh.or Prop. / 3802(a)(1) DUI - General Impairment / 3736 Reckless Driving,201,6,6,-79.99630099,40.43469659
1384,146631914,16239707,27,2016-12-26T17:51:00,2016-12-26,17:51:00,"3500 Block Blvd Of The Allies Blvd Pittsburgh, PA 15213",15213,N,South Oakland,4,HIT AND RUN,3743 Accidents Involving Damage to Attended Veh. or Property,409,3,3,-79.95642237,40.43506896
1395,147620597,17005682,27,2017-01-10T14:05:00,2017-01-10,14:05:00,"Liberty Ave & Cedarville St Pittsburgh, PA 15224",15224,N,Bloomfield,5,HIT AND RUN,3743 Accidents Involving Damage to Attended Veh. or Property,802,7,2,-79.94894488,40.46159606
1403,147087828,17001384,27,2017-01-01T19:45:00,2017-01-01,19:45:00,"Rose St & Devilliers St Pittsburgh, PA 15219",15219,N,Crawford-Roberts,2,HIT AND RUN,3745 Accidents Involving Damage to Unattended Veh.or Prop.,305,6,3,-79.97967244,40.44269734
1418,-2914000042,17003677,27,2017-01-06T23:55:00,2017-01-06,23:55:00,"3200 Block Chartiers Ave Pittsburgh, PA 15204",15204,Y,Sheraden,6,HIT AND RUN,3745 Accidents Involving Damage to Unattended Veh.or Prop.,2022,2,5,-80.06439545,40.45392746
1420,147404854,17003775,27,2017-01-07T03:02:00,2017-01-07,03:02:00,"N Negley Ave & Jackson St Pittsburgh, PA 15206",15206,N,Highland Park,5,HIT AND RUN,3745 Accidents Involving Damage to Unattended Veh.or Prop. / 3746 Immediate Notice of Accident to Police Department,1102,7,2,-79.92570257,40.47281319
1431,146702263,16240209,27,2016-12-27T17:24:00,2016-12-27,17:24:00,"5th Ave & S Negley Ave Pittsburgh, PA 15232",15232,N,Shadyside,4,HIT AND RUN,3743 Accidents Involving Damage to Attended Veh. or Property,706,8,3,-79.92964626,40.44982707
1441,147638196,17006277,27,2017-01-11T12:10:00,2017-01-11,12:10:00,"Rialto St & East Ohio St Pittsburgh, PA 15212",15212,N,Troy Hill,1,HIT AND RUN,3743 Accidents Involving Damage to Attended Veh. or Property,2406,1,1,-79.97965293,40.46495801
1471,147501167,17005166,27,2017-01-09T16:48:00,2017-01-09,16:48:00,"Miltenberger St & Watson St Pittsburgh, PA 15219",15219,N,Bluff,2,HIT AND RUN,3743 Accidents Involving Damage to Attended Veh. or Property / 3323 Stop Signs and Yield Signs.,103,6,3,-79.98139841,40.43794318
1494,147271616,17002103,27,2017-01-04T13:05:00,2017-01-04,13:05:00,"18th St & E Carson  St Pittsburgh, PA 15203",15203,N,Allentown,3,HIT AND RUN,3745 Accidents Involving Damage to Unattended Veh.or Prop.,1803,3,4,-79.98056196,40.42875859
1510,147508483,17005242,27,2017-01-09T18:20:00,2017-01-09,18:20:00,"McKees Rocks Brg & Ohio River Blvd Pittsburgh, PA 15212",15212,N,Brighton Heights,1,HIT AND RUN,3743 Accidents Involving Damage to Attended Veh. or Property,2701,1,1,-80.04310321,40.47884647
1529,147434082,17004242,27,2017-01-07T23:45:00,2017-01-07,23:45:00,"5200 Block Baum Blvd Pittsburgh, PA 15224",15224,N,Bloomfield,5,HIT AND RUN,3745 Accidents Involving Damage to Unattended Veh.or Prop.,804,7,2,-79.94155772,40.45558486
1535,147378747,17003469,27,2017-01-06T16:11:00,2017-01-06,16:11:00,"5900 Block Baum Blvd Pittsburgh, PA 15206",15206,Y,East Liberty,5,HIT AND RUN,3743 Accidents Involving Damage to Attended Veh. or Property / 3745 Accidents Involving Damage to Unattended Veh.or Prop. / 3736 Reckless Driving,1115,9,2,-79.92729831,40.4597817
1537,147400558,17003660,27,2017-01-06T23:05:00,2017-01-06,23:05:00,"800 Block Chartiers Ave Pittsburgh, PA 15220",15220,Y,Elliott,6,HIT AND RUN,3745 Accidents Involving Damage to Unattended Veh.or Prop. / 3736 Reckless Driving,2020,2,5,-80.03903801,40.44258739
1548,147509779,17005274,27,2017-01-09T08:30:00,2017-01-09,08:30:00,"Edwards Way & S 27th St Pittsburgh, PA 15203",15203,N,South Side Slopes,3,HIT AND RUN,3745 Accidents Involving Damage to Unattended Veh.or Prop.,1608,3,4,-79.9684558,40.42412118
1571,147577336,17005771,27,2017-01-10T15:50:00,2017-01-10,15:50:00,"38th St & Butler St Pittsburgh, PA 15201",15201,N,Lower Lawrenceville,2,HIT AND RUN,3745 Accidents Involving Damage to Unattended Veh.or Prop.,603,7,2,-79.96427468,40.46685485
1578,147532215,17005503,27,2017-01-10T08:30:00,2017-01-10,08:30:00,"W Warrington Ave & Saw Mill Run Blvd Pittsburgh, PA 15226",15226,N,Mount Washington,3,HIT AND RUN,3743 Accidents Involving Damage to Attended Veh. or Property,1915,4,5,-80.01125698,40.41490811
1582,147585894,17005881,27,2017-01-10T18:00:00,2017-01-10,18:00:00,"Edgevale Ave & Brookline Blvd Pittsburgh, PA 15226",15226,N,Brookline,6,HIT AND RUN,3745 Accidents Involving Damage to Unattended Veh.or Prop.,1919,4,4,-80.02652278,40.39565864
1610,146596242,16239425,27,2016-12-26T03:22:00,2016-12-26,03:22:00,"400 Block Stanwix St Pittsburgh, PA 15222",15222,N,Central Business District,2,HIT AND RUN,3745 Accidents Involving Damage to Unattended Veh.or Prop. / 3746 Immediate Notice of Accident to Police Department,201,6,6,-80.00507596,40.43963756
1630,146863501,16241465,27,2016-12-29T20:41:00,2016-12-29,20:41:00,"Spring Garden Ave & Madison Ave Pittsburgh, PA 15212",15212,N,East Allegheny,1,HIT AND RUN,3743 Accidents Involving Damage to Attended Veh. or Property,2304,1,1,-79.99784975,40.4572567
1644,146779289,16240807,27,2016-12-28T17:38:00,2016-12-28,17:38:00,"1800 Block Chessland St Pittsburgh, PA 15205",15205,N,Westwood,6,HIT AND RUN,3745 Accidents Involving Damage to Unattended Veh.or Prop.,2811,2,5,-80.05531685,40.43059279
1657,146777991,16240723,27,2016-12-28T14:15:00,2016-12-28,14:15:00,"Sarah St & S 24th St Pittsburgh, PA 15203",15203,N,South Side Flats,3,HIT AND RUN,3743 Accidents Involving Damage to Attended Veh. or Property,1609,3,4,-79.97142706,40.42728294
1661,146785862,16240893,27,2016-12-28T16:25:00,2016-12-28,16:25:00,"Bates St & 2nd Ave Pittsburgh, PA 15213",15213,N,South Oakland,4,HIT AND RUN,3743 Accidents Involving Damage to Attended Veh. or Property,409,3,3,-79.95920278,40.43113569
1673,-2963000148,16240950,27,2016-12-28T23:35:00,2016-12-28,23:35:00,"1700 Block Murray Ave Pittsburgh, PA 15217",15217,N,Squirrel Hill South,4,HIT AND RUN,3745 Accidents Involving Damage to Unattended Veh.or Prop. / 3746 Immediate Notice of Accident to Police Department,1408,5,3,-79.92305429,40.43802148
1704,146901772,16241824,27,2016-12-30T05:00:00,2016-12-30,05:00:00,"200 Block Michigan St Pittsburgh, PA 15210",15210,N,Beltzhoover,3,HIT AND RUN,3745 Accidents Involving Damage to Unattended Veh.or Prop.,1809,4,4,-80.00384623,40.41578944
1718,146874627,16241665,27,2016-12-30T05:50:00,2016-12-30,05:50:00,"5600 Block Cox Ave Pittsburgh, PA 15207",15207,N,Lincoln Place,4,HIT AND RUN,3745 Accidents Involving Damage to Unattended Veh.or Prop.,3102,5,3,-79.91769764,40.36785776
1720,146884671,16241718,27,2016-12-30T08:00:00,2016-12-30,08:00:00,"4000 Block Bigelow Blvd Pittsburgh, PA 15213",15213,N,North Oakland,4,HIT AND RUN,3745 Accidents Involving Damage to Unattended Veh.or Prop.,507,6,3,-79.9549937,40.45093818
1724,146897589,16241794,27,2016-12-30T11:35:00,2016-12-30,11:35:00,"6500 Block Wilkins Ave Pittsburgh, PA 15217",15217,N,Squirrel Hill North,4,HIT AND RUN,3745 Accidents Involving Damage to Unattended Veh.or Prop.,1403,8,3,-79.91780151,40.44426577
1776,146832288,16241270,27,2016-12-29T12:55:00,2016-12-29,12:55:00,"1600 Block Wicklines Ln Pittsburgh, PA ",", PA ",N,Troy Hill,1,HIT AND RUN,3745 Accidents Involving Damage to Unattended Veh.or Prop.,2406,1,1,-79.98523583,40.46606522
1782,147053488,17001097,27,2017-01-02T19:00:00,2017-01-02,19:00:00,"100 Block E Mc Intyre Ave Pittsburgh, PA 15214",15214,N,Perry South,1,HIT AND RUN,3745 Accidents Involving Damage to Unattended Veh.or Prop.,2614,6,1,-80.01177862,40.4685803
1799,146830300,16241241,27,2016-12-27T16:36:00,2016-12-27,16:36:00,"1800 Block Morningside Ave Pittsburgh, PA 15206",15206,N,Morningside,5,HIT AND RUN,3743 Accidents Involving Damage to Attended Veh. or Property,1014,7,2,-79.92681113,40.48650847
1811,147136101,17001717,27,2017-01-03T19:13:00,2017-01-03,19:13:00,"Colerain St & Nobles Ln Pittsburgh, PA 15210",15210,Y,Central Business District,2,HIT AND RUN,3743 Accidents Involving Damage to Attended Veh. or Property / 3714 Careless Driving / 1543 Driving While Operating Privilege is Suspended or Revoked.,201,4,4,-79.99709151,40.39611701
1819,147247993,17002473,27,2016-12-26T17:00:00,2016-12-26,17:00:00,"400 Block Allen St Pittsburgh, PA 15210",15210,Y,Allentown,3,HIT AND RUN,3745 Accidents Involving Damage to Unattended Veh.or Prop.,1803,3,4,-79.9938647,40.41904869
1821,147334429,17002932,27,2017-01-05T17:55:00,2017-01-05,17:55:00,"300 Block Alice St Pittsburgh, PA 15210",15210,N,Knoxville,3,HIT AND RUN,3745 Accidents Involving Damage to Unattended Veh.or Prop.,3001,3,4,-79.99351988,40.40977947
1824,146972745,17000407,27,2017-01-01T11:00:00,2017-01-01,11:00:00,"400 Block Atwood St Pittsburgh, PA 15213",15213,N,North Oakland,4,HIT AND RUN,3745 Accidents Involving Damage to Unattended Veh.or Prop.,507,3,3,-79.95395185,40.43805592
1825,146973607,17000485,27,2017-01-01T18:10:00,2017-01-01,18:10:00,"300 Block Melwood Ave Pittsburgh, PA 15213",15213,N,North Oakland,4,HIT AND RUN,3745 Accidents Involving Damage to Unattended Veh.or Prop.,507,6,3,-79.95079265,40.45225686
1827,147023576,17000608,27,2017-01-01T22:35:00,2017-01-01,22:35:00,"3500 Block Butler St Pittsburgh, PA 15201",15201,N,Lower Lawrenceville,2,HIT AND RUN,3745 Accidents Involving Damage to Unattended Veh.or Prop.,603,7,2,-79.96597706,40.46432209
1829,147044167,17000976,27,2017-01-02T16:00:00,2017-01-02,16:00:00,"1000 Block Salter Way Pittsburgh, PA 15212",15212,N,Spring Garden,1,HIT AND RUN,3745 Accidents Involving Damage to Unattended Veh.or Prop.,2412,1,1,-79.9947054,40.45843985
1839,146920470,16242053,27,2016-12-30T20:15:00,2016-12-30,20:15:00,"Smithfield St & 5th Ave Pittsburgh, PA 15222",15222,N,Central Business District,2,HIT AND RUN,3745 Accidents Involving Damage to Unattended Veh.or Prop.,201,6,6,-79.99864594,40.44008562
1855,147224172,17002242,27,2017-01-04T16:35:00,2017-01-04,16:35:00,"700 Block Brownsville Rd Pittsburgh, PA 15210",15210,N,Knoxville,3,HIT AND RUN,3743 Accidents Involving Damage to Attended Veh. or Property,3001,3,4,-79.99090163,40.4098476
1862,-2863021295,17003075,27,2017-01-05T22:15:00,2017-01-05,22:15:00,"2100 Block Los angeles St Pittsburgh, PA 15216",15216,N,Bluff,6,HIT AND RUN,3745 Accidents Involving Damage to Unattended Veh.or Prop.,103,4,5,-80.02901794,40.40511864
1864,147347753,17003183,27,2017-01-06T04:30:00,2017-01-06,04:30:00,"600 Block 5th Ave Pittsburgh, PA 15219",15219,N,Central Business District,2,HIT AND RUN,3745 Accidents Involving Damage to Unattended Veh.or Prop. / 3743 Accidents Involving Damage to Attended Veh. or Property,201,6,6,-79.99429207,40.43874423
1868,147378803,17003486,27,2017-01-06T16:35:00,2017-01-06,16:35:00,"1400 Block Firth St Pittsburgh, PA 15212",15212,N,Spring Garden,1,HIT AND RUN,3743 Accidents Involving Damage to Attended Veh. or Property,2412,1,1,-79.98839395,40.46223847
1879,146955828,17000105,27,2017-01-01T02:15:00,2017-01-01,02:15:00,"1800 Block Centre Ave Pittsburgh, PA 15219",15219,Y,Crawford-Roberts,2,HIT AND RUN,3745 Accidents Involving Damage to Unattended Veh.or Prop.,201,6,3,-79.98289274,40.44191944
1911,147375780,17003455,27,2017-01-06T15:35:00,2017-01-06,15:35:00,"Forbes Ave & Craft Ave Pittsburgh, PA 15213",15213,N,South Oakland,4,HIT AND RUN,3743 Accidents Involving Damage to Attended Veh. or Property,409,6,3,-79.96311149,40.43710864
1919,147430549,17004164,27,2017-01-07T21:22:00,2017-01-07,21:22:00,"Nobles Ln & Saw Mill Run Blvd Pittsburgh, PA 15210",15210,N,Brookline,6,HIT AND RUN,3743 Accidents Involving Damage to Attended Veh. or Property,3206,4,4,-79.99738403,40.39535619
1936,-2860003916,17003028,27,2017-01-05T20:00:00,2017-01-05,20:00:00,"Amberson Ave & Bayard St Pittsburgh, PA 15213",15213,N,Shadyside,4,HIT AND RUN,3745 Accidents Involving Damage to Unattended Veh.or Prop.,709,8,2,-79.94148209,40.45222828
1981,-2805001372,17002110,27,2017-01-04T12:51:00,2017-01-04,12:51:00,"Berlin Way & 52nd St Pittsburgh, PA 15201",15201,N,Upper Lawrenceville,2,HIT AND RUN,3743 Accidents Involving Damage to Attended Veh. or Property,1011,7,2,-79.95485946,40.48070152
1998,148546703,17014643,27,2017-01-17T00:01:00,2017-01-17,00:01:00,"100 Block N Euclid Ave Pittsburgh, PA 15206",15206,N,East Liberty,5,HIT AND RUN,3743 Accidents Involving Damage to Attended Veh. or Property,1113,9,2,-79.92773997,40.46251827
2054,148351096,17012775,27,2017-01-21T13:50:00,2017-01-21,13:50:00,"N Braddock Ave & Meade St Pittsburgh, PA 15208",15208,N,Point Breeze North,4,HIT AND RUN,3743 Accidents Involving Damage to Attended Veh. or Property,1405,9,2,-79.89453553,40.44801198
2083,147910345,17009012,27,2017-01-15T13:00:00,2017-01-15,13:00:00,"200 Block Bodkin St Pittsburgh, PA 15226",15226,N,Brookline,6,HIT AND RUN,3745 Accidents Involving Damage to Unattended Veh.or Prop.,1919,4,4,-80.02574616,40.39701148
2091,-2848022872,17010509,27,2017-01-17T22:30:00,2017-01-17,22:30:00,"1400 Block Cooper Ave Pittsburgh, PA 15212",15212,N,Brighton Heights,1,HIT AND RUN,3745 Accidents Involving Damage to Unattended Veh.or Prop.,2701,1,1,-80.0370408,40.48390779
2099,147715150,17006848,27,2017-01-12T08:00:00,2017-01-12,08:00:00,"400 Block Alice St Pittsburgh, PA 15210",15210,N,Knoxville,3,HIT AND RUN,3745 Accidents Involving Damage to Unattended Veh.or Prop.,3001,3,4,-79.9951082,40.41011494
2102,147728064,17006957,27,2017-01-12T11:25:00,2017-01-12,11:25:00,"1900 Block 5th Ave Pittsburgh, PA 15219",15219,N,Crawford-Roberts,2,HIT AND RUN,3745 Accidents Involving Damage to Unattended Veh.or Prop.,305,6,3,-79.9793932,40.43824562
2107,147963075,17009833,27,2017-01-16T22:53:00,2017-01-16,22:53:00,"Boggs Ave & Southern Ave Pittsburgh, PA 15211",15211,N,Mount Washington,3,HIT AND RUN,3743 Accidents Involving Damage to Attended Veh. or Property,1915,4,5,-80.01304639,40.41579226
2169,147739137,17007011,27,2017-01-11T17:05:00,2017-01-11,17:05:00,"1200 Block James St Pittsburgh, PA 15212",15212,N,Central North Side,1,HIT AND RUN,3745 Accidents Involving Damage to Unattended Veh.or Prop.,2206,1,1,-80.00156467,40.45696403
2181,148254505,17011485,27,2017-01-19T13:48:00,2017-01-19,13:48:00,"600 Block East Ohio St Pittsburgh, PA 15212",15212,Y,East Allegheny,1,HIT AND RUN,3743 Accidents Involving Damage to Attended Veh. or Property,2304,1,1,-79.99897476,40.45396982
2187,148344312,17000383,27,2017-01-01T11:30:00,2017-01-01,11:30:00,"West End Brg & Western Ave Pittsburgh, PA 15233",15233,N,Chateau,1,HIT AND RUN,3743 Accidents Involving Damage to Attended Veh. or Property,2108,6,1,-80.02415675,40.45053088
2217,148101473,17010669,27,2017-01-18T07:59:00,2017-01-18,07:59:00,"3800 Block Atkins St Pittsburgh, PA 15212",15212,N,Brighton Heights,1,HIT AND RUN,3745 Accidents Involving Damage to Unattended Veh.or Prop.,2708,1,1,-80.03416103,40.48541297
2223,148229525,17011376,27,2017-01-19T09:30:00,2017-01-19,09:30:00,"3900 Block Coleman St Pittsburgh, PA 15207",15207,N,Greenfield,4,HIT AND RUN,3745 Accidents Involving Damage to Unattended Veh.or Prop.,1516,5,3,-79.94250104,40.42721396
2237,148356045,17012906,27,2017-01-20T18:00:00,2017-01-20,18:00:00,"Penn Ave & 5th Ave Pittsburgh, PA 15206",15206,N,Shadyside,4,HIT AND RUN,3743 Accidents Involving Damage to Attended Veh. or Property,708,9,3,-79.91242362,40.45403729
2244,148066233,17010417,27,2017-01-17T19:00:00,2017-01-17,19:00:00,"1700 Block Wrights Way Pittsburgh, PA 15203",15203,N,South Side Flats,3,HIT AND RUN,3745 Accidents Involving Damage to Unattended Veh.or Prop.,1702,3,4,-79.98195857,40.42926234
2256,148516489,17014554,27,2017-01-24T12:37:00,2017-01-24,12:37:00,"900 Block Freeport Rd Pittsburgh, PA 15238",15238,N,Lincoln-Lemington-Belmar,5,HIT AND RUN,3745 Accidents Involving Damage to Unattended Veh.or Prop.,1201,9,2,-79.89431722,40.48808181
2267,147925834,17009530,27,2017-01-16T03:20:00,2017-01-16,03:20:00,"1500 Block Simona Dr Pittsburgh, PA 15201",15201,N,Stanton Heights,5,HIT AND RUN,3745 Accidents Involving Damage to Unattended Veh.or Prop.,1018,7,2,-79.93535138,40.48527671
2272,148373692,17013309,27,2017-01-22T08:50:00,2017-01-22,08:50:00,"32nd St & Penn Ave Pittsburgh, PA 15201",15201,N,Strip District,2,HIT AND RUN,3743 Accidents Involving Damage to Attended Veh. or Property,203,7,6,-79.96994903,40.46077174
2279,148470209,17014109,27,2017-01-20T22:00:00,2017-01-20,22:00:00,"Pembroke Pl & S Aiken Ave Pittsburgh, PA 15232",15232,N,Shadyside,4,HIT AND RUN,3745 Accidents Involving Damage to Unattended Veh.or Prop.,703,8,2,-79.93574208,40.45104437
2292,147725533,17006882,27,2017-01-12T09:56:00,2017-01-12,09:56:00,"4900 Block Baum Blvd Pittsburgh, PA 15213",15213,N,Bloomfield,5,HIT AND RUN,3743 Accidents Involving Damage to Attended Veh. or Property,804,7,2,-79.94651873,40.45430778
2298,148474998,17014079,27,2017-01-23T16:40:00,2017-01-23,16:40:00,"California Ave & Termon Ave Pittsburgh, PA 15212",15212,N,Brighton Heights,1,HIT AND RUN,3743 Accidents Involving Damage to Attended Veh. or Property,2701,1,1,-80.04176424,40.48190312
2308,148504160,17014452,27,2017-01-24T10:10:00,2017-01-24,10:10:00,"7500 Block Meade St Pittsburgh, PA 15208",15208,N,Point Breeze North,4,HIT AND RUN,3743 Accidents Involving Damage to Attended Veh. or Property,1405,9,2,-79.89506272,40.44812579
2315,147915845,17009427,27,2017-01-16T07:30:00,2017-01-16,07:30:00,"4400 Block Valley View St Pittsburgh, PA 15214",15214,N,Summer Hill,1,HIT AND RUN,3745 Accidents Involving Damage to Unattended Veh.or Prop. / 1543 Driving While Operating Privilege is Suspended or Revoked.,2612,1,1,-80.01119211,40.49677557
2324,147820403,17007676,27,2017-01-12T21:50:00,2017-01-12,21:50:00,"300 Block Station Square Dr W Pittsburgh, PA 15219",15219,N,South Shore,3,HIT AND RUN,3745 Accidents Involving Damage to Unattended Veh.or Prop.,1921,2,5,-80.00625719,40.43444035
2325,148218156,17011339,27,2017-01-19T08:10:00,2017-01-19,08:10:00,"7th Ave & William Penn Pl Pittsburgh, PA 15219",15219,Y,Central Business District,2,HIT AND RUN,3743 Accidents Involving Damage to Attended Veh. or Property,201,6,6,-79.99581878,40.44246911
2327,148494701,17011339,27,2017-01-19T08:10:00,2017-01-19,08:10:00,"600 Block 1st Ave Pittsburgh, PA 15219",15219,Y,Central Business District,2,HIT AND RUN,3743 Accidents Involving Damage to Attended Veh. or Property / 1786 Required Financial Responsibility.,201,6,6,-79.99630099,40.43469659
2333,148435038,17013841,27,2017-01-23T07:45:00,2017-01-23,07:45:00,"Saw Mill Run Blvd & Warrington Ave Pittsburgh, PA 15226",15226,N,Mount Washington,3,HIT AND RUN,3743 Accidents Involving Damage to Attended Veh. or Property,1915,4,5,-80.01129397,40.41505106
2348,148002592,17010033,27,2017-01-17T10:00:00,2017-01-17,10:00:00,"4500 Block Stanton Ave Pittsburgh, PA 15201",15201,N,Stanton Heights,5,HIT AND RUN,3745 Accidents Involving Damage to Unattended Veh.or Prop.,1005,9,2,-79.93931094,40.48138165
2366,148312001,17009321,27,2017-01-16T01:20:00,2017-01-16,01:20:00,"100 Block Kenova St Pittsburgh, PA 15211",15211,N,Mount Washington,3,HIT AND RUN,3745 Accidents Involving Damage to Unattended Veh.or Prop.,1807,3,5,-80.00431542,40.42589587
2425,147862921,17008490,27,2017-01-14T16:00:00,2017-01-14,16:00:00,"Madison Ave & East Ohio St Pittsburgh, PA 15212",15212,N,East Allegheny,1,HIT AND RUN,3743 Accidents Involving Damage to Attended Veh. or Property,2304,1,1,-79.99679212,40.4541044
2458,147775565,17007273,27,2017-01-12T17:59:00,2017-01-12,17:59:00,"200 Block S Main St Pittsburgh, PA 15220",15220,N,West End,6,HIT AND RUN,3743 Accidents Involving Damage to Attended Veh. or Property,2019,2,5,-80.03092908,40.44254449
2463,147882284,17008190,27,2017-01-14T06:00:00,2017-01-14,06:00:00,"1200 Block S Negley Ave Pittsburgh, PA 15217",15217,Y,Squirrel Hill North,4,HIT AND RUN,3745 Accidents Involving Damage to Unattended Veh.or Prop. / 3714 Careless Driving,1402,8,3,-79.92744043,40.4458121
2479,147857138,17008387,27,2017-01-14T12:40:00,2017-01-14,12:40:00,"Walter St & Manton Way Pittsburgh, PA 15210",15210,N,Allentown,3,HIT AND RUN,3745 Accidents Involving Damage to Unattended Veh.or Prop.,1803,3,4,-79.99476618,40.42128651
2486,147833132,17007811,27,2017-01-13T16:54:00,2017-01-13,16:54:00,"Queensboro Ave & Chelton Ave Pittsburgh, PA 15226",15226,N,Brookline,6,HIT AND RUN,3743 Accidents Involving Damage to Attended Veh. or Property,1918,4,4,-80.01705178,40.39156063
2488,148281218,17011835,27,2017-01-20T01:08:00,2017-01-20,01:08:00,"7000 Block Churchland St Pittsburgh, PA 15206",15206,N,Lincoln-Lemington-Belmar,5,HIT AND RUN,3745 Accidents Involving Damage to Unattended Veh.or Prop.,1201,9,2,-79.89750363,40.47179453
2491,148306806,17012199,27,2017-01-20T15:15:00,2017-01-20,15:15:00,"1500 Block Tyndall St Pittsburgh, PA 15204",15204,N,Sheraden,6,HIT AND RUN,3745 Accidents Involving Damage to Unattended Veh.or Prop.,2022,2,5,-80.06378262,40.44997227
2498,147772209,17007155,27,2017-01-12T17:12:00,2017-01-12,17:12:00,"6300 Block Penn Ave Pittsburgh, PA 15206",15206,N,Shadyside,4,HIT AND RUN,3743 Accidents Involving Damage to Attended Veh. or Property,708,8,2,-79.92034119,40.45941645
2499,-2760001770,17007259,27,2017-01-12T20:00:00,2017-01-12,20:00:00,"37th St & Mulberry Way Pittsburgh, PA 15201",15201,N,Lower Lawrenceville,2,HIT AND RUN,3745 Accidents Involving Damage to Unattended Veh.or Prop.,603,7,2,-79.96514759,40.46642214
2532,148046750,17010257,27,2017-01-17T15:30:00,2017-01-17,15:30:00,"200 Block Boggs Ave Pittsburgh, PA 15211",15211,N,Mount Washington,3,HIT AND RUN,3745 Accidents Involving Damage to Unattended Veh.or Prop. / 3746 Immediate Notice of Accident to Police Department,1914,2,5,-80.00779948,40.42636383
2548,148075570,17010611,27,2017-01-18T04:04:00,2017-01-18,04:04:00,"60 Block Edenvale St Pittsburgh, PA 15212",15212,N,Fineview,1,HIT AND RUN,3745 Accidents Involving Damage to Unattended Veh.or Prop.,2509,1,1,-80.00310723,40.46235581
2574,148163327,17010998,27,2017-01-18T18:00:00,2017-01-18,18:00:00,"N Lang Ave & Hamilton Ave Pittsburgh, PA 15208",15208,N,Homewood South,5,HIT AND RUN,3745 Accidents Involving Damage to Unattended Veh.or Prop.,1303,9,2,-79.89964249,40.455107
2591,148184548,17011211,27,2017-01-19T01:20:00,2017-01-19,01:20:00,"2600 Block Penn Ave Pittsburgh, PA 15222",15222,N,Strip District,2,HIT AND RUN,3745 Accidents Involving Damage to Unattended Veh.or Prop.,203,7,6,-79.97835426,40.45489317
2596,148373390,17013311,27,2017-01-21T15:35:00,2017-01-21,15:35:00,"5400 Block Penn Ave Pittsburgh, PA 15206",15206,N,Garfield,5,HIT AND RUN,3743 Accidents Involving Damage to Attended Veh. or Property,1114,9,2,-79.93641591,40.46444116
2604,148397397,17012440,27,2017-01-20T23:57:00,2017-01-20,23:57:00,"7100 Block Race St Pittsburgh, PA 15208",15208,N,Homewood North,5,HIT AND RUN,3745 Accidents Involving Damage to Unattended Veh.or Prop.,1302,9,2,-79.89788186,40.45911867
2656,148364381,17013071,27,2017-01-21T22:25:00,2017-01-21,22:25:00,"Penn Ave & N Highland Ave Pittsburgh, PA 15206",15206,N,East Liberty,5,HIT AND RUN,3743 Accidents Involving Damage to Attended Veh. or Property,1115,9,2,-79.92481805,40.4614141
2672,147911046,17009423,27,2017-01-16T07:40:00,2017-01-16,07:40:00,"Saw Mill Run Blvd & Edgebrook Ave Pittsburgh, PA 15226",15226,N,Bon Air,3,HIT AND RUN,3743 Accidents Involving Damage to Attended Veh. or Property,1806,4,4,-80.00060758,40.40209571
2713,148390915,17013523,27,2017-01-22T09:30:00,2017-01-22,09:30:00,"100 Block S 14th St Pittsburgh, PA 15203",15203,N,South Side Flats,3,HIT AND RUN,3745 Accidents Involving Damage to Unattended Veh.or Prop.,1702,3,4,-79.9842809,40.42672301
2717,148396537,17013551,27,2017-01-22T16:10:00,2017-01-22,16:10:00,"Blvd Of The Allies & Bates St Pittsburgh, PA 15213",15213,N,Central Oakland,4,HIT AND RUN,3743 Accidents Involving Damage to Attended Veh. or Property,406,3,3,-79.95640735,40.43512392
2723,-2983000397,17009465,27,2017-01-16T09:30:00,2017-01-16,09:30:00,"S 18th St & Wachter St Pittsburgh, PA 15210",15210,N,South Side Slopes,3,HIT AND RUN,3745 Accidents Involving Damage to Unattended Veh.or Prop.,1706,3,4,-79.98633669,40.42050541
2752,148453585,17013958,27,2017-01-23T03:30:00,2017-01-23,03:30:00,"3800 Block Beechwood Blvd Pittsburgh, PA 15217",15217,N,Greenfield,4,HIT AND RUN,3745 Accidents Involving Damage to Unattended Veh.or Prop.,1517,5,3,-79.93010625,40.42830822
2760,147922555,17009526,27,2017-01-16T11:55:00,2017-01-16,11:55:00,"300 Block Jucunda St Pittsburgh, PA 15210",15210,N,Knoxville,3,HIT AND RUN,3745 Accidents Involving Damage to Unattended Veh.or Prop.,3001,3,4,-79.99323964,40.41708378
2763,148538476,17014620,27,2017-01-24T13:30:00,2017-01-24,13:30:00,"2200 Block Bedford Ave Pittsburgh, PA 15219",15219,N,Bedford Dwellings,2,HIT AND RUN,3745 Accidents Involving Damage to Unattended Veh.or Prop.,509,6,3,-79.97809775,40.44812155
2768,148551155,17014716,27,2017-01-24T17:30:00,2017-01-24,17:30:00,"3100 Block Iowa Pittsburgh, PA 15219",15219,N,Upper Hill,2,HIT AND RUN,3745 Accidents Involving Damage to Unattended Veh.or Prop.,506,6,3,-79.95773221,40.45024309
2769,147813140,17007505,27,2017-01-13T07:50:00,2017-01-13,07:50:00,"East Ohio St & 31st St Brg Pittsburgh, PA 15212",15212,N,Troy Hill,1,HIT AND RUN,3743 Accidents Involving Damage to Attended Veh. or Property,2406,,,0,0
2777,147932205,17009437,27,2017-01-16T08:36:00,2017-01-16,08:36:00,"1100 Block Steuben St Pittsburgh, PA 15220",15220,N,Crafton Heights,6,HIT AND RUN,3745 Accidents Involving Damage to Unattended Veh.or Prop. / 3802(a)(1) DUI - General Impairment,2814,2,5,-80.04546358,40.44190389
2810,148020187,17010125,27,2017-01-17T12:00:00,2017-01-17,12:00:00,"1200 Block Buena Vista St Pittsburgh, PA 15212",15212,N,Central North Side,1,HIT AND RUN,3745 Accidents Involving Damage to Unattended Veh.or Prop.,2206,1,1,-80.01354558,40.45482191
2835,147835062,17007823,27,2017-01-13T17:01:00,2017-01-13,17:01:00,"1900 Block N Charles St Pittsburgh, PA 15212",15212,N,Perry South,1,HIT AND RUN,3745 Accidents Involving Damage to Unattended Veh.or Prop.,2614,6,1,-80.01707561,40.4604392
2843,148037306,17010079,27,2017-01-17T11:59:00,2017-01-17,11:59:00,"5500 Block Centre Ave Pittsburgh, PA 15232",15232,Y,Shadyside,4,HIT AND RUN,3743 Accidents Involving Damage to Attended Veh. or Property / 1786 Required Financial Responsibility.,709,7,2,-79.93643514,40.45663345
2845,147776471,17007258,27,2017-01-12T20:00:00,2017-01-12,20:00:00,"800 Block Saw Mill Run Blvd Pittsburgh, PA 15226",15226,N,Bon Air,3,HIT AND RUN,3745 Accidents Involving Damage to Unattended Veh.or Prop.,1806,4,4,-79.99594093,40.38189722
2849,148153435,17010909,27,2017-01-18T07:00:00,2017-01-18,07:00:00,"1500 Block Shady Ave Pittsburgh, PA 15217",15217,N,Squirrel Hill North,4,HIT AND RUN,3745 Accidents Involving Damage to Unattended Veh.or Prop.,1403,8,3,-79.92012615,40.4416338
2897,147862735,17008144,27,2017-01-14T03:15:00,2017-01-14,03:15:00,"S 18th St & Sidney St Pittsburgh, PA 15203",15203,N,South Side Flats,3,HIT AND RUN,3743 Accidents Involving Damage to Attended Veh. or Property,1702,3,4,-79.98046842,40.42967889
2900,147833787,17007810,27,2017-01-13T18:10:00,2017-01-13,18:10:00,"1700 Block Rialto St Pittsburgh, PA 15212",15212,N,Troy Hill,1,HIT AND RUN,3743 Accidents Involving Damage to Attended Veh. or Property,2406,1,1,-79.98176204,40.46604056
2919,147775087,17007224,27,2017-01-12T19:12:00,2017-01-12,19:12:00,"Centre Ave & N Craig St Pittsburgh, PA 15213",15213,N,North Oakland,4,HIT AND RUN,3743 Accidents Involving Damage to Attended Veh. or Property,507,8,3,-79.95201778,40.45188388
2922,147824384,17007740,27,2017-01-13T07:40:00,2017-01-13,07:40:00,"2nd Ave & Hot Metal St Brg Pittsburgh, PA 15213",15213,N,South Oakland,4,HIT AND RUN,3743 Accidents Involving Damage to Attended Veh. or Property,409,,,0,0
2924,147840536,17007986,27,2017-01-13T21:45:00,2017-01-13,21:45:00,"2nd Ave & Technology Center Dr Pittsburgh, PA 15213",15213,N,South Oakland,4,HIT AND RUN,3743 Accidents Involving Damage to Attended Veh. or Property,409,6,3,-79.96526379,40.43403529
2927,147887561,17008930,27,2017-01-15T10:00:00,2017-01-15,10:00:00,"900 Block Greenfield Ave Pittsburgh, PA 15217",15217,N,Greenfield,4,HIT AND RUN,3745 Accidents Involving Damage to Unattended Veh.or Prop.,1517,5,3,-79.93337976,40.42415384
2945,147856777,17008358,27,2017-01-14T11:46:00,2017-01-14,11:46:00,"E Carson St & S 10th St Pittsburgh, PA 15203",15203,N,South Side Flats,3,HIT AND RUN,3743 Accidents Involving Damage to Attended Veh. or Property,1702,3,4,-79.98857297,40.4287025
2947,147888706,17008952,27,2017-01-15T10:58:00,2017-01-15,10:58:00,"3100 Block Banksville Rd Pittsburgh, PA 15216",15216,N,Banksville,6,HIT AND RUN,3745 Accidents Involving Damage to Unattended Veh.or Prop.,2023,2,5,-80.04332551,40.39978888
2948,147893910,17009076,27,2017-01-15T14:30:00,2017-01-15,14:30:00,"2000 Block Sidney St Pittsburgh, PA 15203",15203,N,South Side Flats,3,HIT AND RUN,3745 Accidents Involving Damage to Unattended Veh.or Prop.,1702,3,4,-79.97751344,40.4294486
2965,-2818001561,17011286,27,2017-01-19T06:05:00,2017-01-19,06:05:00,"Browns Hill Rd & Imogene Rd Pittsburgh, PA 15217",15217,N,Squirrel Hill South,4,HIT AND RUN,3743 Accidents Involving Damage to Attended Veh. or Property,1414,5,3,-79.92490845,40.41544858
2989,148155599,17010949,27,2017-01-18T08:32:00,2017-01-18,08:32:00,"1100 Block New Hampshire Dr Pittsburgh, PA 15212",15212,N,Marshall-Shadeland,1,HIT AND RUN,3745 Accidents Involving Damage to Unattended Veh.or Prop.,2704,1,1,-80.02578473,40.46636156
2992,148160818,17010993,27,2017-01-18T17:20:00,2017-01-18,17:20:00,"5500 Block Centre Ave Pittsburgh, PA 15232",15232,N,Shadyside,4,HIT AND RUN,3745 Accidents Involving Damage to Unattended Veh.or Prop.,709,7,2,-79.93643514,40.45663345
3060,-2912000466,17013326,27,2017-01-22T09:20:00,2017-01-22,09:20:00,"3600 Block Baytree St Pittsburgh, PA 15214",15214,N,Perry North,1,HIT AND RUN,3745 Accidents Involving Damage to Unattended Veh.or Prop.,2602,1,1,-80.01024662,40.4885116
3067,148281536,17011807,27,2017-01-19T23:40:00,2017-01-19,23:40:00,"Butler St & 45th St Pittsburgh, PA 15201",15201,N,Central Lawrenceville,2,HIT AND RUN,3745 Accidents Involving Damage to Unattended Veh.or Prop.,901,7,2,-79.95929166,40.47214807
3082,148383032,17013423,27,2017-01-22T13:00:00,2017-01-22,13:00:00,"1300 Block S Negley Ave Pittsburgh, PA 15217",15217,N,Squirrel Hill North,4,HIT AND RUN,3745 Accidents Involving Damage to Unattended Veh.or Prop.,1403,8,3,-79.92607498,40.44399599
3086,-2952001517,17014015,27,2017-01-23T14:15:00,2017-01-23,14:15:00,"2500 Block Banksville Rd Pittsburgh, PA 15216",15216,N,Banksville,6,HIT AND RUN,3743 Accidents Involving Damage to Attended Veh. or Property,2023,2,5,-80.03436583,40.40681606
3123,148348426,17012348,27,2017-01-20T14:45:00,2017-01-20,14:45:00,"Fort Pitt Brg Ramp & W Carson St Pittsburgh, PA 15219",15219,N,South Shore,3,HIT AND RUN,3743 Accidents Involving Damage to Attended Veh. or Property,1921,,,0,0
3130,147914686,17007625,27,2016-12-31T11:20:00,2016-12-31,11:20:00,"500 Block Noblestown Rd Pittsburgh, PA 15106",15106,N,East Carnegie,6,HIT AND RUN,3743 Accidents Involving Damage to Attended Veh. or Property,2805,,,-80.07248168,40.41283195
3147,148381786,17013431,27,2017-01-20T21:00:00,2017-01-20,21:00:00,"S 28th St & Sidney St Pittsburgh, PA 15203",15203,N,South Side Flats,3,HIT AND RUN,3745 Accidents Involving Damage to Unattended Veh.or Prop.,1609,3,4,-79.96479789,40.42706767
3160,148459268,17014024,27,2017-01-23T11:00:00,2017-01-23,11:00:00,"1900 Block Centre Ave Pittsburgh, PA 15219",15219,N,Crawford-Roberts,2,HIT AND RUN,3745 Accidents Involving Damage to Unattended Veh.or Prop.,305,6,3,-79.98082794,40.44316841
3193,148142187,17010805,27,2017-01-18T12:40:00,2017-01-18,12:40:00,"5th Ave & Shady Ave Pittsburgh, PA 15206",15206,N,Shadyside,4,HIT AND RUN,3743 Accidents Involving Damage to Attended Veh. or Property,708,8,3,-79.92071256,40.45289411
3196,148004518,17010017,27,2017-01-17T09:15:00,2017-01-17,09:15:00,"1200 Block Lincoln Ave Pittsburgh, PA 15206",15206,N,Lincoln-Lemington-Belmar,5,HIT AND RUN,3743 Accidents Involving Damage to Attended Veh. or Property,1202,9,2,-79.89842375,40.46472073
3211,147905248,17009374,27,2017-01-16T04:00:00,2017-01-16,04:00:00,"900 Block Brownsville Rd Pittsburgh, PA 15210",15210,N,Carrick,3,HIT AND RUN,3745 Accidents Involving Damage to Unattended Veh.or Prop.,2902,3,4,-79.9916961,40.40764129
3215,147842020,17008027,27,2017-01-13T23:18:00,2017-01-13,23:18:00,"Tripoli St & East St Pittsburgh, PA 15212",15212,N,East Allegheny,1,HIT AND RUN,3743 Accidents Involving Damage to Attended Veh. or Property / 1785 Proof of Financial Responsibility Following Accident.,2304,1,1,-79.99866028,40.45641854
3227,147963420,17009745,27,2017-01-16T18:45:00,2017-01-16,18:45:00,"Frew St Pittsburgh, PA 15213",15213,N,Squirrel Hill North,4,HIT AND RUN,3745 Accidents Involving Damage to Unattended Veh.or Prop.,1401,,,0,0
3248,147902134,17009292,27,2017-01-16T00:38:00,2017-01-16,00:38:00,"10th St Brg & 2nd Ave Pittsburgh, PA 15203",15203,N,South Side Flats,3,HIT AND RUN,3743 Accidents Involving Damage to Attended Veh. or Property,1702,6,3,-79.98981938,40.4344804
3294,147876737,17008368,27,2017-01-14T12:20:00,2017-01-14,12:20:00,"6400 Block Penn Ave Pittsburgh, PA 15206",15206,N,Shadyside,4,HIT AND RUN,3743 Accidents Involving Damage to Attended Veh. or Property,708,9,2,-79.91742251,40.45756157
3303,147768800,17007121,27,2017-01-12T06:00:00,2017-01-12,06:00:00,"100 Block Hallock St Pittsburgh, PA 15211",15211,N,Mount Washington,3,HIT AND RUN,3745 Accidents Involving Damage to Unattended Veh.or Prop.,1903,2,5,-80.01730836,40.43724205
3305,147772041,17007192,27,2017-01-12T18:05:00,2017-01-12,18:05:00,"West End Brg & W Carson St Pittsburgh, PA 15219",15219,N,South Shore,3,HIT AND RUN,3743 Accidents Involving Damage to Attended Veh. or Property,1921,2,5,-80.02815243,40.44429311
3306,147774884,17007231,27,2017-01-12T16:35:00,2017-01-12,16:35:00,"Hamlet St & Blvd of the Allies Pittsburgh, PA 15213",15213,N,South Oakland,4,HIT AND RUN,3743 Accidents Involving Damage to Attended Veh. or Property,409,6,3,-79.96285607,40.43570354
3319,148067909,17010456,27,2017-01-17T08:20:00,2017-01-17,08:20:00,"80 Block S 23rd St Pittsburgh, PA 15203",15203,N,South Side Flats,3,HIT AND RUN,3743 Accidents Involving Damage to Attended Veh. or Property,1609,7,6,-79.98251503,40.45359711
3320,148065192,17010379,27,2017-01-17T17:15:00,2017-01-17,17:15:00,"Penn Ave & 40th St Pittsburgh, PA 15201",15201,N,Lower Lawrenceville,2,HIT AND RUN,3743 Accidents Involving Damage to Attended Veh. or Property,603,7,2,-79.95796156,40.46518256
3332,147888172,17009000,27,2017-01-14T15:18:00,2017-01-14,15:18:00,"S 18th St & Sarah St Pittsburgh, PA 15203",15203,N,South Side Flats,3,HIT AND RUN,3745 Accidents Involving Damage to Unattended Veh.or Prop.,1702,3,4,-79.98065191,40.42783836
3333,147903509,17009346,27,2017-01-16T02:17:00,2017-01-16,02:17:00,"La Schall St & Kelly St Pittsburgh, PA 15208",15208,N,Homewood West,5,HIT AND RUN,3743 Accidents Involving Damage to Attended Veh. or Property,1207,9,2,-79.9063243,40.45765146
3357,148109345,17010762,27,2017-01-18T09:00:00,2017-01-18,09:00:00,"10 Block Enon Way Pittsburgh, PA 15203",15203,N,South Side Flats,3,HIT AND RUN,3745 Accidents Involving Damage to Unattended Veh.or Prop.,1702,3,4,-79.98590097,40.42747284
3372,148258154,17011483,27,2017-01-19T13:30:00,2017-01-19,13:30:00,"900 Block Freeport Rd Pittsburgh, PA 15238",15238,N,Lincoln-Lemington-Belmar,5,HIT AND RUN,3745 Accidents Involving Damage to Unattended Veh.or Prop.,1201,9,2,-79.89431722,40.48808181
3381,147936741,17009564,27,2017-01-16T12:00:00,2017-01-16,12:00:00,"1500 Block Beechview Ave Pittsburgh, PA 15216",15216,N,Beechview,6,HIT AND RUN,3745 Accidents Involving Damage to Unattended Veh.or Prop.,1916,4,5,-80.02513537,40.41286805
3385,148192032,17011308,27,2017-01-19T06:55:00,2017-01-19,06:55:00,"1800 Block Niggel St Pittsburgh, PA 15212",15212,N,Troy Hill,1,HIT AND RUN,3745 Accidents Involving Damage to Unattended Veh.or Prop.,2406,1,1,-79.98005785,40.46780371
3388,148200457,17011353,27,2017-01-19T09:05:00,2017-01-19,09:05:00,"300 Block Forbes Ave Pittsburgh, PA 15222",15222,N,Central Business District,2,HIT AND RUN,3743 Accidents Involving Damage to Attended Veh. or Property,201,6,6,-80.00080542,40.4400202
3401,148248430,17011489,27,2017-01-18T15:00:00,2017-01-18,15:00:00,"3700 Block Village Rd Pittsburgh, PA 15205",15205,N,Fairywood,6,HIT AND RUN,3745 Accidents Involving Damage to Unattended Veh.or Prop.,2808,2,5,-80.0776437,40.44866434
3432,148167362,17011027,27,2017-01-18T18:15:00,2017-01-18,18:15:00,"100 Block S 23rd St Pittsburgh, PA 15203",15203,N,South Side Flats,3,HIT AND RUN,3745 Accidents Involving Damage to Unattended Veh.or Prop.,1609,3,4,-79.97310997,40.42831074
3441,148347254,17012725,27,2017-01-21T11:25:00,2017-01-21,11:25:00,"5700 Block Forward Ave Pittsburgh, PA 15217",15217,N,Squirrel Hill South,4,HIT AND RUN,3743 Accidents Involving Damage to Attended Veh. or Property,1414,5,3,-79.92504601,40.42885416
3448,147775490,17007285,27,2017-01-11T23:00:00,2017-01-11,23:00:00,"5th Ave & Penn Ave Pittsburgh, PA 15208",15208,N,Larimer,5,HIT AND RUN,3743 Accidents Involving Damage to Attended Veh. or Property,1208,9,3,-79.91242362,40.45403729
3476,148278009,17011775,27,2017-01-19T22:15:00,2017-01-19,22:15:00,"20 Block S 14th St Pittsburgh, PA 15203",15203,N,South Side Flats,3,HIT AND RUN,3745 Accidents Involving Damage to Unattended Veh.or Prop.,1702,3,4,-79.98435063,40.42931707
3511,148277657,17011651,27,2017-01-19T18:59:00,2017-01-19,18:59:00,"West Liberty Ave & Pauline Ave Pittsburgh, PA 15226",15226,N,Brookline,6,HIT AND RUN,3743 Accidents Involving Damage to Attended Veh. or Property,1917,4,5,-80.0221708,40.40174076
3528,148402882,17013710,27,2017-01-23T00:43:00,2017-01-23,00:43:00,"10 Block Strauss St Pittsburgh, PA 15214",15214,N,Perry South,1,HIT AND RUN,3745 Accidents Involving Damage to Unattended Veh.or Prop.,2614,6,1,-80.0196836,40.46402412
3574,148479481,17014302,27,2017-01-23T23:50:00,2017-01-23,23:50:00,"800 Block Saw Mill Run Blvd Pittsburgh, PA 15226",15226,N,Bon Air,3,HIT AND RUN,3745 Accidents Involving Damage to Unattended Veh.or Prop.,1806,4,4,-79.99594093,40.38189722
3588,148552471,17014747,27,2017-01-24T18:39:00,2017-01-24,18:39:00,"Liberty Tunl & P J Mc Ardle Rdwy Pittsburgh, PA 15203",15203,N,South Side Slopes,3,HIT AND RUN,3743 Accidents Involving Damage to Attended Veh. or Property,1706,3,4,-79.99926773,40.42914694
3595,-2907022835,17013433,27,2017-01-22T14:00:00,2017-01-22,14:00:00,"5700 Block Phillips Ave Pittsburgh, PA 15217",15217,N,Squirrel Hill South,4,HIT AND RUN,3745 Accidents Involving Damage to Unattended Veh.or Prop.,1413,5,3,-79.92411011,40.43158085
3601,148000102,17010034,27,2017-01-17T09:58:00,2017-01-17,09:58:00,"600 Block 1st Ave Pittsburgh, PA 15219",15219,N,Central Business District,2,HIT AND RUN,3745 Accidents Involving Damage to Unattended Veh.or Prop.,201,6,6,-79.99630099,40.43469659
366,147297592,17002761,11,2016-12-28T12:00:00,2016-12-28,12:00:00,"500 Block Delmont Ave Pittsburgh, PA 15210",15210,N,Beltzhoover,3,IDENTITY THEFT,4120 Identity Theft,1809,3,4,-80.00406382,40.41826783
1173,147090979,17001414,11,2017-01-02T14:39:00,2017-01-02,14:39:00,"7300 Block Bennett St Pittsburgh, PA 15208",15208,N,Homewood South,5,IDENTITY THEFT,4120 Identity Theft,1303,9,2,-79.89442424,40.45586786
1267,147579798,17005847,11,2017-01-05T00:01:00,2017-01-05,00:01:00,"900 Block Gladys Ave Pittsburgh, PA 15216",15216,N,Beechview,6,IDENTITY THEFT,4120 Identity Theft,1916,4,5,-80.02362603,40.42133817
1625,146665972,16240039,11,2016-12-27T11:29:00,2016-12-27,11:29:00,"1800 Block Morningside Ave Pittsburgh, PA 15206",15206,N,Morningside,5,IDENTITY THEFT,4120 Identity Theft,1014,7,2,-79.92681113,40.48650847
2746,148114626,17010750,11,2016-12-28T23:00:00,2016-12-28,23:00:00,"100 Block Roup Ave Pittsburgh, PA 15206",15206,N,Friendship,5,IDENTITY THEFT,4120 Identity Theft,807,9,2,-79.933977,40.46457883
2751,148447063,17013956,11,2017-01-23T11:22:00,2017-01-23,11:22:00,"7000 Block Fleury Way Pittsburgh, PA 15208",15208,N,Homewood South,5,IDENTITY THEFT,4120 Identity Theft,1303,9,2,-79.90160211,40.45702197
2762,148501019,17014456,11,2017-01-19T10:00:00,2017-01-19,10:00:00,"500 Block Briar Cliff Rd Pittsburgh, PA 15221",15221,N,Point Breeze,4,IDENTITY THEFT,4120 Identity Theft,1406,9,3,-79.8987042,40.44172296
2949,148048255,17010260,11,2017-01-17T16:15:00,2017-01-17,16:15:00,"10 Block Rosemont Ln Pittsburgh, PA 15217",15217,N,Swisshelm Park,4,IDENTITY THEFT,4120 Identity Theft,1411,5,3,-79.917405,40.42228805
3172,148237034,17011430,11,2017-01-17T10:00:00,2017-01-17,10:00:00,"100 Block N Bellefield Ave Pittsburgh, PA 15213",15213,N,North Oakland,4,IDENTITY THEFT,4120 Identity Theft,404,8,3,-79.9518316,40.44714411
3389,148219937,17011396,11,2017-01-18T23:59:00,2017-01-18,23:59:00,"300 Block Moore Ave Pittsburgh, PA 15210",15210,N,Knoxville,3,IDENTITY THEFT,4120 Identity Theft,3001,3,4,-79.99300674,40.41135213
3532,148469700,17014047,11,2017-01-19T17:00:00,2017-01-19,17:00:00,"1300 Block Woodbourne Ave Pittsburgh, PA 15226",15226,N,Brookline,6,IDENTITY THEFT,4120 Identity Theft,1918,4,4,-80.01484123,40.38745176
2394,147813771,17007650,11,2017-01-13T11:05:00,2017-01-13,11:05:00,"700 Block 2nd Ave Pittsburgh, PA 15219",15219,N,Bluff,2,IMPERSONATING A PUBLIC SERVANT,4912 Impersonating a Public Servant.,103,6,6,-79.99439768,40.43526818
314,146953883,17000101,17,2017-01-01T02:19:00,2017-01-01,02:19:00,"5th Ave & Morewood Ave Pittsburgh, PA 15232",15232,Y,Shadyside,4,INCEST,4302 Periods for Requiring Lighted Lamps. / 5505 Public Drunkenness / 3809(a) Restriction on Alcoholic Beverages in Vehicle / 3802(a)(1) DUI - General Impairment / 1543 Driving While Operating Privilege is Suspended or Revoked.,709,8,2,-79.94245246,40.44741426
2045,147843443,17008120,17,2017-01-14T02:12:00,2017-01-14,02:12:00,"1800 Block E Carson St Pittsburgh, PA 15203",15203,Y,South Side Flats,3,INCEST,4302 Periods for Requiring Lighted Lamps. / 3111 Obedience to Traffic-Control Devices.,1702,3,4,-79.9802658,40.42847887
848,146631008,16239673,17,2016-12-26T17:00:00,2016-12-26,17:00:00,Zone 5,one 5,N,,5,INDECENT ASSAULT,3126 Indecent Assault.,,,,,
1453,147231145,16242569,17,2016-12-29T15:00:00,2016-12-29,15:00:00,Zone 4,one 4,N,,4,INDECENT ASSAULT,3126 Indecent Assault.,,,,,
2658,148367721,17013109,17,2017-01-21T20:15:00,2017-01-21,20:15:00,Zone 4,one 4,N,,4,INDECENT ASSAULT,3126 Indecent Assault.,,,,,
3105,148499225,17014426,17,2017-01-24T09:20:00,2017-01-24,09:20:00,Zone OSC,e OSC,Y,,OSC,INDECENT ASSAULT,3126 Indecent Assault.,,,,,
3582,148100783,17010671,17,2017-01-18T09:00:00,2017-01-18,09:00:00,Zone 3,one 3,N,,3,INDECENT ASSAULT,3126 Indecent Assault. / 6301 Corruption of Minors.,,,,,
2806,148545683,17014682,17,2017-01-24T16:40:00,2017-01-24,16:40:00,Zone 1,one 1,N,,1,INDECENT ASSAULT OF PERSON UNDER 16,3126(a)(8) Indecent assault of person under 16,,,,,
163,146974576,17000506,17,2017-01-01T18:50:00,2017-01-01,18:50:00,Zone 1,one 1,Y,,1,INDECENT ASSAULT WITHOUT CONSENT,3126(a)(1) Indecent assault without consent / 5505 Public Drunkenness / 5503 Disorderly Conduct.,,,,,
1807,147121166,17000506,17,2017-01-01T18:50:00,2017-01-01,18:50:00,Zone 1,one 1,Y,,1,INDECENT ASSAULT WITHOUT CONSENT,3126(a)(1) Indecent assault without consent,,,,,
2077,147900964,17009221,17,2017-01-15T21:15:00,2017-01-15,21:15:00,Zone 5,one 5,N,,5,INDECENT ASSAULT WITHOUT CONSENT,3126(a)(1) Indecent assault without consent,,,,,
3450,-2860014179,17010321,17,2017-01-17T11:40:00,2017-01-17,11:40:00,Zone 4,one 4,N,,4,INDECENT EXPOSURE,3127 Indecent Exposure.,,,,,
222,-2726011015,16242437,14,2016-12-31T15:00:00,2016-12-31,15:00:00,"1000 Block Parkwood Rd Pittsburgh, PA 15210",15210,N,Arlington,3,INJURY/TAMP/FIRE APP-HYD-ETC,3503(b)(1)(ii) Defiant Trespass Notice Posted by Sign(s),1603,3,4,-79.96604478,40.41075871
2294,148040618,17010191,14,2017-01-17T14:39:00,2017-01-17,14:39:00,"2300 Block East Hills Dr Pittsburgh, PA 15221",15221,Y,East Hills,5,INJURY/TAMP/FIRE APP-HYD-ETC,3503(b)(1)(ii) Defiant Trespass Notice Posted by Sign(s),1306,9,2,-79.87136146,40.45656464
708,147582739,17005784,11,2017-01-10T17:32:00,2017-01-10,17:32:00,"10 Block E North Ave Pittsburgh, PA 15212",15212,Y,Allegheny Center,1,INSURANCE FRAUD,4117 Insurance Fraud / 13(a)(31) Marijuana: Possession Small Amount / 1311 Registration Card to be Signed and Exhibited on Demand. / 1301 Registration and Certificate of Title Required. / 1501 Drivers Required to be Licensed. / 1332 Display of Registration Plate. / 4914 False Identification to Law Enforcement Authorities,2204,1,1,-80.00614283,40.45584368
2681,148323788,17012330,10,2017-01-20T18:35:00,2017-01-20,18:35:00,"800 Block Norwich Ave Pittsburgh, PA 15226",15226,N,Brookline,6,INTIMIDATION  WITNESS/VICTIMS,"4952 Intimidation of Witnesses or Victims / 4953 Retaliation Against Witness,Victim or Party.",1918,4,4,-80.02456183,40.39121367
3383,148146345,17010858,10,2017-01-18T12:30:00,2017-01-18,12:30:00,"600 Block 1st Ave Pittsburgh, PA 15219",15219,Y,Central Business District,2,INTIMIDATION  WITNESS/VICTIMS,4952 Intimidation of Witnesses or Victims,201,6,6,-79.99630099,40.43469659
3431,148111110,17010732,10,2017-01-18T07:05:00,2017-01-18,07:05:00,"2000 Block De Ruad St Pittsburgh, PA 15219",15219,N,West Oakland,4,INTIMIDATION  WITNESS/VICTIMS,4952 Intimidation of Witnesses or Victims,402,2,5,-80.04190688,40.45167392
797,147329009,17002901,17,2017-01-05T17:31:00,2017-01-05,17:31:00,Zone 3,one 3,N,,3,INVOLUNTARY DEV SEXUAL INTER,3123 Involuntary Deviate Sexual Intercourse.,,,,,
1400,147063600,17001170,29,2017-01-02T22:40:00,2017-01-02,22:40:00,"4900 Block Kincaid St Pittsburgh, PA 15224",15224,Y,Garfield,5,LOCATED RUNAWAY - OUTSIDE CITY,0291 Located Runaway - Outside City,1017,9,2,-79.9446645,40.46746571
1318,146923874,16242201,26,2016-12-31T02:26:00,2016-12-31,02:26:00,"200 Block Fern St Pittsburgh, PA 15224",15224,N,Garfield,5,LOITERING PROWLING AT NIGHT,5506 Loitering and Prowling at Night,1016,9,2,-79.93728649,40.47173576
1666,146594497,16239387,26,2016-12-26T01:32:00,2016-12-26,01:32:00,"800 Block Proctor Way Pittsburgh, PA 15210",15210,N,Allentown,3,LOITERING PROWLING AT NIGHT,5506 Loitering and Prowling at Night,1803,3,4,-79.99368958,40.42034505
2190,-2746015491,17007463,26,2017-01-13T05:30:00,2017-01-13,05:30:00,"600 Block Wittman St Pittsburgh, PA 15220",15220,Y,Westwood,6,LOITERING PROWLING AT NIGHT,5506 Loitering and Prowling at Night / 901 Criminal Attempt,2811,2,5,-80.04204508,40.43462773
2725,-2912000518,17013787,26,2017-01-23T04:04:00,2017-01-23,04:04:00,"3300 Block Savoy St Pittsburgh, PA 15212",15212,N,Brighton Heights,1,LOITERING PROWLING AT NIGHT,5506 Loitering and Prowling at Night,2703,1,1,-80.03704566,40.47544564
299,147125020,17001688,99,2016-12-31T19:00:00,2016-12-31,19:00:00,"5500 Block Centre Ave Pittsburgh, PA 15232",15232,N,Shadyside,4,LOST PROPERTY,9504 Lost Property,709,7,2,-79.93643514,40.45663345
946,147486229,17005032,99,2017-01-09T12:29:00,2017-01-09,12:29:00,"200 Block Virginia Ave Pittsburgh, PA 15211",15211,N,Mount Washington,3,LOST PROPERTY,9504 Lost Property,1914,2,5,-80.00958118,40.43080207
1098,-2833000232,16242055,99,2016-12-30T20:28:00,2016-12-30,20:28:00,"Wood St & Forbes Ave Pittsburgh, PA 15222",15222,N,Central Business District,2,LOST PROPERTY,9504 Lost Property,201,6,6,-80.00082661,40.44008916
1154,146970937,17000483,99,2017-01-01T18:13:00,2017-01-01,18:13:00,"1100 Block Reedsdale St Pittsburgh, PA 15233",15233,N,Chateau,1,LOST PROPERTY,9504 Lost Property,2108,6,6,-80.02018144,40.44779121
1179,147479735,17005006,99,2017-01-08T16:30:00,2017-01-08,16:30:00,"100 Block Art Rooney Ave Pittsburgh, PA 15212",15212,N,North Shore,1,LOST PROPERTY,9504 Lost Property,2205,1,6,-80.01631623,40.44631465
1285,147220465,17002198,99,2017-01-04T13:00:00,2017-01-04,13:00:00,"Grant St & Liberty Ave Pittsburgh, PA 15219",15219,N,Central Business District,2,LOST PROPERTY,9504 Lost Property,201,6,6,-79.99384534,40.44382707
1422,147456326,17004792,99,2017-01-08T23:45:00,2017-01-08,23:45:00,"300 Block Ivondale St Pittsburgh, PA 15207",15207,N,Greenfield,4,LOST PROPERTY,9504 Lost Property,1516,5,3,-79.94793454,40.4264756
1536,147381952,17003554,99,2017-01-06T17:00:00,2017-01-06,17:00:00,"2900 Block Orbin St Pittsburgh, PA 15219",15219,N,Middle Hill,2,LOST PROPERTY,9504 Lost Property,501,6,3,-79.96675959,40.45110273
1957,147618761,17006160,99,2017-01-11T07:30:00,2017-01-11,07:30:00,"1500 Block Kenberma Ave Pittsburgh, PA 15216",15216,N,Beechview,6,LOST PROPERTY,9504 Lost Property,1916,4,5,-80.02200148,40.41185314
2049,147886611,17008987,99,2017-01-15T12:15:00,2017-01-15,12:15:00,"1600 Block Arlington Ave Pittsburgh, PA 15210",15210,N,South Side Slopes,3,LOST PROPERTY,9504 Lost Property,1706,,,-79.98819735,40.41845183
2251,148013937,17010108,99,2017-01-17T12:42:00,2017-01-17,12:42:00,"200 Block Sweetbriar St Pittsburgh, PA 15211",15211,N,Duquesne Heights,3,LOST PROPERTY,9504 Lost Property,1911,2,5,-80.02178826,40.43817122
2314,148302126,16012082,99,2017-01-19T08:00:00,2017-01-19,08:00:00,"Mt Pleasant Rd Pittsburgh, PA 15214",15214,N,Northview Heights,1,LOST PROPERTY,9504 Lost Property,2609,,,0,0
2329,147922784,17009505,99,2017-01-16T07:00:00,2017-01-16,07:00:00,"3400 Block Smallman St Pittsburgh, PA 15201",15201,N,Lower Lawrenceville,2,LOST PROPERTY,9504 Lost Property,603,7,2,-79.9682366,40.46321464
2489,148304813,17012131,99,2017-01-20T01:30:00,2017-01-20,01:30:00,"1500 Block E Carson St Pittsburgh, PA 15203",15203,N,South Side Flats,3,LOST PROPERTY,9504 Lost Property,1702,3,4,-79.98330671,40.42868483
2526,147716738,17006847,99,2017-01-12T01:00:00,2017-01-12,01:00:00,"Bedford Ave & Watt Ln Pittsburgh, PA 15219",15219,N,Bedford Dwellings,2,LOST PROPERTY,9504 Lost Property,509,6,3,-79.97224337,40.45081373
2538,148039902,17010187,99,2017-01-01T01:25:00,2017-01-01,01:25:00,"7300 Block Upland St Pittsburgh, PA 15206",15206,N,Homewood North,5,LOST PROPERTY,9504 Lost Property,1301,9,2,-79.90059426,40.4633943
3109,148411256,17013824,99,2017-01-23T06:15:00,2017-01-23,06:15:00,"300 Block Emerson  St Pittsburgh, PA 15206",15206,N,Shadyside,4,LOST PROPERTY,9504 Lost Property,703,8,2,-79.92374353,40.45701217
3533,148470214,17014144,99,2017-01-23T08:00:00,2017-01-23,08:00:00,"300 Block S Main St Pittsburgh, PA 15220",15220,N,West End,6,LOST PROPERTY,9504 Lost Property,2019,7,2,-79.95794436,40.46737503
3613,-2911010488,17010124,99,2017-01-16T20:55:00,2017-01-16,20:55:00,"1800 Block shaw Ave Pittsburgh, PA 15217",15217,Y,Squirrel Hill South,4,LOST PROPERTY,9504 Lost Property,1408,5,3,-79.91351181,40.43619913
3097,148309474,17012157,26,2017-01-20T15:25:00,2017-01-20,15:25:00,"Troy Hill Rd & Vinial St Pittsburgh, PA 15212",15212,N,Troy Hill,1,LURING CHILD INTO MOTOR VEHICLE,2910 Luring a Child into a Motor Vehicle.,2406,1,1,-79.99130434,40.4567344
1525,147634999,17006269,26,2017-01-11T08:00:00,2017-01-11,08:00:00,"900 Block 2nd Ave Pittsburgh, PA 15219",15219,N,Bluff,2,MEGANS LAW VIOLATION,4915 Failure to Comply with Megans Law,103,6,3,-79.99307769,40.4350955
1961,147620924,17006192,26,2017-01-11T09:11:00,2017-01-11,09:11:00,"1600 Block Canton Ave Pittsburgh, PA 15216",15216,N,Beechview,6,MEGANS LAW VIOLATION,4915 Failure to Comply with Megans Law,1916,4,5,-80.03019042,40.41034925
1971,147470726,17004934,26,2017-01-09T08:00:00,2017-01-09,08:00:00,"800 Block Montooth St Pittsburgh, PA 15210",15210,N,Beltzhoover,3,MEGANS LAW VIOLATION,4915 Failure to Comply with Megans Law,1809,3,4,-80.00591121,40.41555614
3576,148494200,17014430,26,2017-01-24T08:45:00,2017-01-24,08:45:00,"Homeless Pittsburgh, PA 15219",15219,N,Bluff,2,MEGANS LAW VIOLATION,4915 Failure to Comply with Megans Law,103,,,0,0
34,147372152,17002626,99,2017-01-05T07:22:00,2017-01-05,07:22:00,"900 Block Woodlow St Pittsburgh, PA 15205",15205,Y,Crafton Heights,6,MENTAL 201/302,9498 302 (Mental),2814,2,5,-80.05220414,40.44589982
220,147033226,17000849,99,2017-01-02T12:16:00,2017-01-02,12:16:00,"5100 Block West Penn Pl Pittsburgh, PA 15224",15224,N,Bloomfield,5,MENTAL 201/302,9498 302 (Mental),806,7,2,-79.94273394,40.46477482
274,146904777,16241778,99,2016-12-30T14:00:00,2016-12-30,14:00:00,"100 Block Tecumseh St Pittsburgh, PA 15207",15207,N,Hazelwood,4,MENTAL 201/302,9498 302 (Mental),1515,5,3,-79.94313508,40.40861174
431,146823982,16241099,99,2016-12-29T08:31:00,2016-12-29,08:31:00,"300 Block N Braddock Ave Pittsburgh, PA 15208",15208,N,Point Breeze North,4,MENTAL 201/302,9498 302 (Mental),1405,9,2,-79.89279811,40.44964666
545,147247214,17002437,99,2017-01-04T21:43:00,2017-01-04,21:43:00,"10 Block Exeter St Pittsburgh, PA 15217",15217,N,Greenfield,4,MENTAL 201/302,9498 302 (Mental),1517,5,3,-79.93036548,40.42054469
578,147400714,17003741,99,2017-01-07T00:56:00,2017-01-07,00:56:00,"300 Block Wood St Pittsburgh, PA 15222",15222,N,Central Business District,2,MENTAL 201/302,9498 302 (Mental),201,6,6,-80.00125059,40.43891788
715,147593880,17006005,99,2017-01-10T16:36:00,2017-01-10,16:36:00,"2000 Block Sonny St Pittsburgh, PA 15221",15221,Y,East Hills,5,MENTAL 201/302,9498 302 (Mental),1306,9,2,-79.87078973,40.44969592
718,147112355,17001453,99,2017-01-03T11:40:00,2017-01-03,11:40:00,"800 Block Chartiers Ave Pittsburgh, PA 15220",15220,N,Elliott,6,MENTAL 201/302,9498 302 (Mental),2020,2,5,-80.03903801,40.44258739
1208,147092137,17001381,99,2017-01-03T09:00:00,2017-01-03,09:00:00,"100 Block S Whitfield St Pittsburgh, PA 15206",15206,Y,East Liberty,5,MENTAL 201/302,9498 302 (Mental),1115,9,2,-79.92564355,40.46172142
1336,147376800,17003468,99,2017-01-06T17:00:00,2017-01-06,17:00:00,"1600 Block Bedford Ave Pittsburgh, PA 15219",15219,N,Crawford-Roberts,2,MENTAL 201/302,9498 302 (Mental),305,6,3,-79.98729974,40.44450325
1350,147596364,17006001,99,2017-01-10T22:57:00,2017-01-10,22:57:00,"2000 Block Termon Ave Pittsburgh, PA 15212",15212,Y,Brighton Heights,1,MENTAL 201/302,9498 302 (Mental),2701,1,1,-80.04453301,40.48287902
1517,147514156,17005234,99,2017-01-09T19:40:00,2017-01-09,19:40:00,"1700 Block Amanda St Pittsburgh, PA 15210",15210,N,Carrick,3,MENTAL 201/302,9498 302 (Mental),2902,4,4,-79.9878564,40.39860562
1621,-2746015099,16239989,99,2016-12-27T09:40:00,2016-12-27,09:40:00,"2100 Block Los Angeles Ave Pittsburgh, PA 15216",15216,N,Beechview,6,MENTAL 201/302,9498 302 (Mental),1920,4,5,-80.02901794,40.40511864
1653,146925229,16242163,99,2016-12-31T01:19:00,2016-12-31,01:19:00,"Brighton Heights Blvd & Mckees Rocks Brg Pittsburgh, PA 15212",15212,N,Brighton Heights,1,MENTAL 201/302,9498 302 (Mental),2703,1,1,-80.04310321,40.47884647
1667,146704087,16240171,99,2016-12-27T16:23:00,2016-12-27,16:23:00,"S 9th St Pittsburgh, PA 15203",15203,Y,South Side Flats,3,MENTAL 201/302,9498 302 (Mental),1702,3,4,-79.98974159,40.42886279
1733,146664886,16240009,99,2016-12-27T10:15:00,2016-12-27,10:15:00,"3200 Block Juliet St Pittsburgh, PA 15213",15213,N,South Oakland,4,MENTAL 201/302,9498 302 (Mental),409,3,3,-79.95663901,40.43164687
1789,146946555,16242580,99,2016-12-31T19:54:00,2016-12-31,19:54:00,"2700 Block Fusion St Pittsburgh, PA 15204",15204,N,Crafton Heights,6,MENTAL 201/302,9498 302 (Mental),2814,2,5,-80.05511355,40.45225487
1854,147213719,17002139,99,2017-01-04T14:00:00,2017-01-04,14:00:00,"1500 Block Boyle St Pittsburgh, PA 15212",15212,Y,Central North Side,1,MENTAL 201/302,9498 302 (Mental),2206,6,1,-80.00647982,40.45847014
1930,147606483,17006110,99,2017-01-11T04:40:00,2017-01-11,04:40:00,"N Braddock Ave & Hamilton Ave Pittsburgh, PA 15208",15208,N,Homewood South,5,MENTAL 201/302,9498 302 (Mental),1303,9,2,-79.89110854,40.45316486
2062,148363543,17012878,99,2017-01-21T16:32:00,2017-01-21,16:32:00,"5200 Block Centre Ave Pittsburgh, PA 15224",15224,N,Bloomfield,5,MENTAL 201/302,9498 302 (Mental),804,8,2,-79.9405853,40.45494018
2185,148339702,17012455,99,2017-01-21T00:48:00,2017-01-21,00:48:00,"2400 Block Baldwick Rd Pittsburgh, PA 15205",15205,N,Oakwood,6,MENTAL 201/302,9498 302 (Mental),2812,2,5,-80.06024246,40.42675143
2384,147881769,17008909,99,2017-01-15T09:35:00,2017-01-15,09:35:00,"5700 Block Stanton Ave Pittsburgh, PA 15206",15206,Y,East Liberty,5,MENTAL 201/302,9498 302 (Mental),1113,9,2,-79.92395091,40.47044548
2531,147966839,17009954,99,2017-01-17T04:19:00,2017-01-17,04:19:00,"5100 Block Liberty Ave Pittsburgh, PA 15224",15224,Y,Bloomfield,5,MENTAL 201/302,9498 302 (Mental),804,7,2,-79.94377269,40.45850148
2666,148354077,17012829,99,2017-01-21T15:35:00,2017-01-21,15:35:00,"1600 Block Crucible St Pittsburgh, PA 15220",15220,N,Crafton Heights,6,MENTAL 201/302,9498 302 (Mental),2814,2,5,-80.05178395,40.44750233
2731,148477900,17014285,99,2017-01-23T22:22:00,2017-01-23,22:22:00,"2000 Block Brownsville Rd Pittsburgh, PA 15210",15210,N,Carrick,3,MENTAL 201/302,9498 302 (Mental),2901,4,4,-79.98686442,40.39495799
2912,147882465,17008902,99,2017-01-15T09:09:00,2017-01-15,09:09:00,"800 Block Woods Run Ave Pittsburgh, PA 15212",15212,N,Brighton Heights,1,MENTAL 201/302,9498 302 (Mental),2708,1,1,-80.02569752,40.48166104
3149,148391312,17011093,99,2017-01-22T17:00:00,2017-01-22,17:00:00,"3700 Block Wind Gap Ave Pittsburgh, PA 15204",15204,N,Windgap,6,MENTAL 201/302,9498 302 (Mental),2807,2,5,-80.08012384,40.45621702
3184,148294019,17011996,99,2017-01-20T10:00:00,2017-01-20,10:00:00,"200 Block S Negley Ave Pittsburgh, PA 15206",15206,Y,East Liberty,5,MENTAL 201/302,9498 302 (Mental),1115,9,2,-79.93012236,40.46456389
3220,147874088,17008775,99,2017-01-15T03:30:00,2017-01-15,03:30:00,"3100 Block Ashlyn St Pittsburgh, PA 15204",15204,N,Sheraden,6,MENTAL 201/302,9498 302 (Mental),2018,2,5,-80.05635219,40.45607437
3228,147963542,17009831,99,2017-01-16T22:51:00,2017-01-16,22:51:00,"1900 Block Remington Dr Pittsburgh, PA 15221",15221,Y,East Hills,5,MENTAL 201/302,9498 302 (Mental),1306,9,2,-79.86898641,40.44950773
3229,147963590,17009847,99,2017-01-16T23:25:00,2017-01-16,23:25:00,"100 Block Hartman Ln Pittsburgh, PA 15206",15206,Y,Lincoln-Lemington-Belmar,5,MENTAL 201/302,9498 302 (Mental),1201,9,2,-79.89699361,40.47437794
3378,148344420,17012606,99,2017-01-21T04:00:00,2017-01-21,04:00:00,"1100 Block Olivia St Pittsburgh, PA 15218",15218,N,Swisshelm Park,4,MENTAL 201/302,9498 302 (Mental),1411,5,3,-79.90669632,40.42124023
275,146914519,16241945,99,2016-12-30T16:54:00,2016-12-30,16:54:00,"7000 Block Chaucer St Pittsburgh, PA 15208",15208,N,Homewood North,5,MISCELLANEOUS FIRE OTHER INVEST CONTINUED,9123 Miscellaneous Fire Other Investigation to Continue,1301,9,2,-79.8989785,40.46379661
720,147147664,17001819,99,2017-01-04T00:15:00,2017-01-04,00:15:00,"1400 Block Chicago St Pittsburgh, PA 15214",15214,N,Northview Heights,1,MISCELLANEOUS FIRE OTHER INVEST CONTINUED,9123 Miscellaneous Fire Other Investigation to Continue,2609,1,1,-79.99971774,40.47907639
1167,147058274,17001116,99,2017-01-02T20:27:00,2017-01-02,20:27:00,"20 Block Bailey Ave Pittsburgh, PA 15211",15211,N,Mount Washington,3,MISCELLANEOUS FIRE OTHER INVEST CONTINUED,9123 Miscellaneous Fire Other Investigation to Continue,1807,3,4,-80.00446134,40.42704913
1484,-2784002173,16241886,99,2016-12-30T15:10:00,2016-12-30,15:10:00,"600 Block Chautauqua St Pittsburgh, PA 15214",15214,N,Perry South,1,MISCELLANEOUS FIRE OTHER INVEST CONTINUED,9123 Miscellaneous Fire Other Investigation to Continue,2614,6,1,-80.01674321,40.46459311
1600,147601154,17006025,99,2017-01-10T23:55:00,2017-01-10,23:55:00,"2300 Block East Hills Dr Pittsburgh, PA 15221",15221,N,East Hills,5,MISCELLANEOUS FIRE OTHER INVEST CONTINUED,9123 Miscellaneous Fire Other Investigation to Continue,1306,9,2,-79.87136146,40.45656464
1713,146863969,16241458,99,2016-12-29T20:30:00,2016-12-29,20:30:00,"900 Block Brookline Blvd Pittsburgh, PA 15226",15226,N,Brookline,6,MISCELLANEOUS FIRE OTHER INVEST CONTINUED,9123 Miscellaneous Fire Other Investigation to Continue,1918,4,4,-80.01918649,40.39287148
1716,146872572,16241584,99,2016-12-30T01:46:00,2016-12-30,01:46:00,"5000 Block 2nd Ave Pittsburgh, PA 15207",15207,N,Hazelwood,4,MISCELLANEOUS FIRE OTHER INVEST CONTINUED,9123 Miscellaneous Fire Other Investigation to Continue,1515,5,3,-79.94389782,40.40823336
1918,-2952001029,17004148,99,2017-01-07T20:32:00,2017-01-07,20:32:00,"1600 Block Westfield St Pittsburgh, PA 15216",15216,N,Beechview,6,MISCELLANEOUS FIRE OTHER INVEST CONTINUED,9123 Miscellaneous Fire Other Investigation to Continue,1916,4,5,-80.01936942,40.4106307
2392,147785266,17007390,99,2017-01-13T01:31:00,2017-01-13,01:31:00,"900 Block Mina St Pittsburgh, PA 15212",15212,N,Spring Hill-City View,1,MISCELLANEOUS FIRE OTHER INVEST CONTINUED,9123 Miscellaneous Fire Other Investigation to Continue,2620,1,1,-79.99918422,40.46894945
2588,148060728,17010245,99,2017-01-17T16:06:00,2017-01-17,16:06:00,"600 Block Cabot Way Pittsburgh, PA 15203",15203,N,South Side Flats,3,MISCELLANEOUS FIRE OTHER INVEST CONTINUED,9123 Miscellaneous Fire Other Investigation to Continue,1702,3,4,-79.99356712,40.42891143
2983,148173835,17011038,99,2017-01-18T19:39:00,2017-01-18,19:39:00,"600 Block Hillsboro St Pittsburgh, PA 15204",15204,N,Sheraden,6,MISCELLANEOUS FIRE OTHER INVEST CONTINUED,9123 Miscellaneous Fire Other Investigation to Continue,2018,2,5,-80.05278859,40.45382839
14,147425569,17004092,99,2017-01-07T16:53:00,2017-01-07,16:53:00,"300 Block Lafayette Ave Pittsburgh, PA 15214",15214,N,Fineview,1,MISCELLANEOUS INVESTIGATION,9129 Miscellaneous Investigation,2509,6,1,-80.00784906,40.46529877
752,147596245,17005986,99,2017-01-10T22:15:00,2017-01-10,22:15:00,"10 Block Belleau St Pittsburgh, PA 15214",15214,N,Fineview,1,MISCELLANEOUS INVESTIGATION,9129 Miscellaneous Investigation,2509,6,1,-80.00754545,40.46220047
1165,147054962,17001117,99,2017-01-02T20:29:00,2017-01-02,20:29:00,"Letort St & Fleming Ave Pittsburgh, PA 15212",15212,N,Brighton Heights,1,MISCELLANEOUS INVESTIGATION,9129 Miscellaneous Investigation,2703,1,1,-80.03909902,40.47979626
1585,147588154,17005930,99,2017-01-10T20:20:00,2017-01-10,20:20:00,"1000 Block Sheffield St Pittsburgh, PA 15233",15233,N,Manchester,1,MISCELLANEOUS INVESTIGATION,9129 Miscellaneous Investigation,2107,6,1,-80.01979575,40.45410332
2180,148068467,17010433,99,2017-01-17T20:50:00,2017-01-17,20:50:00,"100 Block Watson Blvd Pittsburgh, PA 15214",15214,N,Perry North,1,MISCELLANEOUS INVESTIGATION,9129 Miscellaneous Investigation,2607,1,1,-80.0100996,40.4803515
151,146869155,16241532,99,2016-12-29T22:33:00,2016-12-29,22:33:00,"300 Block Moore Ave Pittsburgh, PA 15210",15210,N,Knoxville,3,MISSING PERSONS (18+),9490 Missing Persons (18 and Over),3001,3,4,-79.99300674,40.41135213
207,147136632,17001795,99,2017-01-03T22:07:00,2017-01-03,22:07:00,"200 Block Ridge Ave Pittsburgh, PA 15212",15212,N,Allegheny Center,1,MISSING PERSONS (18+),9490 Missing Persons (18 and Over),2204,1,1,-80.0087389,40.45204221
354,147290278,17002675,99,2017-01-05T09:56:00,2017-01-05,09:56:00,"100 Block S 24th St Pittsburgh, PA 15203",15203,N,South Side Flats,3,MISSING PERSONS (18+),9490 Missing Persons (18 and Over),1609,3,4,-79.97152305,40.42758987
468,147695148,17006675,99,2017-01-12T00:01:00,2017-01-12,00:01:00,"4600 Block Butler St Pittsburgh, PA 15201",15201,N,Central Lawrenceville,2,MISSING PERSONS (18+),9498 302 (Mental) / 9490 Missing Persons (18 and Over),901,7,2,-79.9580693,40.47310102
533,147269318,17002169,99,2017-01-04T15:15:00,2017-01-04,15:15:00,"3800 Block East St Pittsburgh, PA 15214",15214,N,Perry North,1,MISSING PERSONS (18+),9490 Missing Persons (18 and Over),2602,1,1,-80.01515858,40.48820983
625,147540792,17005493,99,2017-01-10T08:10:00,2017-01-10,08:10:00,"5500 Block Centre Ave Pittsburgh, PA 15232",15232,N,Friendship,5,MISSING PERSONS (18+),9490 Missing Persons (18 and Over),807,7,2,-79.93643514,40.45663345
1143,147448558,17004598,99,2017-01-08T17:14:00,2017-01-08,17:14:00,"500 Block Landleiss Pl Pittsburgh, PA 15219",15219,N,Upper Hill,2,MISSING PERSONS (18+),9490 Missing Persons (18 and Over),506,6,3,-79.96436383,40.44891761
1203,-2799006751,17001011,99,2017-01-02T16:57:00,2017-01-02,16:57:00,"300 Block Lawn St Pittsburgh, PA 15213",15213,N,South Oakland,4,MISSING PERSONS (18+),9490 Missing Persons (18 and Over),409,6,3,-79.96360688,40.43448213
1210,147095069,17001434,99,2017-01-03T09:30:00,2017-01-03,09:30:00,"200 Block S Negley Ave Pittsburgh, PA 15206",15206,N,East Liberty,5,MISSING PERSONS (18+),9490 Missing Persons (18 and Over),1115,9,2,-79.93012236,40.46456389
1253,147234381,17002359,99,2017-01-04T19:06:00,2017-01-04,19:06:00,"2900 Block N Charles St Pittsburgh, PA 15214",15214,N,Perry South,1,MISSING PERSONS (18+),9490 Missing Persons (18 and Over),2615,6,1,-80.01113783,40.47045985
1324,146950589,17000071,99,2017-01-01T01:45:00,2017-01-01,01:45:00,"200 Block Ridge Ave Pittsburgh, PA 15212",15212,N,Allegheny Center,1,MISSING PERSONS (18+),9490 Missing Persons (18 and Over),2204,1,1,-80.0087389,40.45204221
1574,147578563,17005772,99,2017-01-10T16:08:00,2017-01-10,16:08:00,"900 Block Freeport Rd Pittsburgh, PA 15215",15215,N,Lincoln-Lemington-Belmar,5,MISSING PERSONS (18+),9490 Missing Persons (18 and Over),1201,9,2,-79.89431722,40.48808181
1618,146633484,16239554,99,2016-12-26T12:48:00,2016-12-26,12:48:00,"3800 Block East St Pittsburgh, PA 15214",15214,N,Perry North,1,MISSING PERSONS (18+),9490 Missing Persons (18 and Over),2602,1,1,-80.01515858,40.48820983
1699,146869408,16241574,99,2016-12-29T18:20:00,2016-12-29,18:20:00,"6400 Block Wilkins Ave Pittsburgh, PA 15217",15217,N,Point Breeze,4,MISSING PERSONS (18+),9490 Missing Persons (18 and Over),1404,8,3,-79.91896898,40.44392659
1750,146901316,16241837,99,2016-12-30T13:00:00,2016-12-30,13:00:00,"600 Block Griffin St Pittsburgh, PA 15211",15211,N,Mount Washington,3,MISSING PERSONS (18+),9490 Missing Persons (18 and Over),1915,4,5,-80.01174333,40.42178445
1779,147014148,17000759,99,2017-01-02T08:40:00,2017-01-02,08:40:00,"1500 Block Lincoln Ave Pittsburgh, PA 15206",15206,N,Lincoln-Lemington-Belmar,5,MISSING PERSONS (18+),9490 Missing Persons (18 and Over),1201,9,2,-79.89584506,40.4686759
1982,147456306,17004780,99,2017-01-08T17:50:00,2017-01-08,17:50:00,"5100 Block Hillcrest St Pittsburgh, PA 15224",15224,N,Garfield,5,MISSING PERSONS (18+),9490 Missing Persons (18 and Over),1017,9,2,-79.94187888,40.46849763
2379,-2782003475,17008023,99,2017-01-13T23:00:00,2017-01-13,23:00:00,"200 Block Ridge Ave Pittsburgh, PA 15212",15212,N,Allegheny Center,1,MISSING PERSONS (18+),9490 Missing Persons (18 and Over),2204,1,1,-80.0087389,40.45204221
3264,147818429,17007682,99,2016-12-31T18:00:00,2016-12-31,18:00:00,"5600 Block Stanton Ave Pittsburgh, PA 15206",15206,N,Highland Park,5,MISSING PERSONS (18+),9490 Missing Persons (18 and Over),1102,9,2,-79.9262963,40.47146831
3335,-2782003541,17009842,99,2017-01-16T23:20:00,2017-01-16,23:20:00,"200 Block Ridge Ave Pittsburgh, PA 15212",15212,N,Allegheny Center,1,MISSING PERSONS (18+),9490 Missing Persons (18 and Over),2204,1,1,-80.0087389,40.45204221
3336,148006308,17010105,99,2017-01-17T12:25:00,2017-01-17,12:25:00,"30 Block Pius St Pittsburgh, PA 15203",15203,N,South Side Slopes,3,MISSING PERSONS (18+),9490 Missing Persons (18 and Over),1706,3,4,-79.98382541,40.42468915
3112,148110792,17010756,99,2017-01-18T10:40:00,2017-01-18,10:40:00,"800 Block Excelsior St Pittsburgh, PA 15210",15210,N,Allentown,3,NON-VIOLENT DOMESTIC,9012 Non-Violent Domestic,1803,3,4,-79.99373614,40.42273366
3591,148546504,17014636,99,2017-01-24T15:30:00,2017-01-24,15:30:00,"1200 Block Dickens St Pittsburgh, PA 15220",15220,N,Crafton Heights,6,NON-VIOLENT DOMESTIC,9012 Non-Violent Domestic,2814,2,5,-80.04634744,40.44560905
1035,-2782003383,17001468,24,2017-01-03T12:39:00,2017-01-03,12:39:00,"East St & I-279 Ramp Pittsburgh, PA 15212",15212,Y,East Allegheny,1,OBSTRUCT HIGHWAYS/PUB PASSAGES,5507 Obstructing Highways and Passages.,2304,1,1,-79.99908879,40.45850194
1489,147653433,17004536,24,2017-01-08T13:27:00,2017-01-08,13:27:00,"300 Block n. Shore Dr Pittsburgh, PA 15212",15212,Y,Chateau,1,OBSTRUCT HIGHWAYS/PUB PASSAGES,5507 Obstructing Highways and Passages.,2108,1,1,-80.00964027,40.45494869
2838,147828047,17007801,24,2017-01-13T16:40:00,2017-01-13,16:40:00,"Ohio River Blvd & Mckees Rocks Br Pittsburgh, PA 15212",15212,Y,Marshall-Shadeland,1,OBSTRUCT HIGHWAYS/PUB PASSAGES,5507 Obstructing Highways and Passages.,2704,1,1,-80.04310321,40.47884647
2595,148278302,17011763,17,2017-01-19T21:39:00,2017-01-19,21:39:00,"Toboggan St & Rising Main Ave Pittsburgh, PA 15212",15212,Y,Fineview,1,OPEN LEWDNESS,5901 Open Lewdness.,2509,1,1,-80.0010759,40.46454943
3418,148367974,17013197,17,2017-01-22T02:10:00,2017-01-22,02:10:00,"S 16th St & E Carson St Pittsburgh, PA 15203",15203,Y,South Side Flats,3,OPEN LEWDNESS,5901 Open Lewdness. / 5505 Public Drunkenness / 5503(a)(4) DISORDERLY CONDUCT - HAZARDOUS/PHYS. OFF / 5507 Obstructing Highways and Passages.,1702,3,4,-79.98271222,40.4288317
425,147458360,17004751,15,2017-01-08T21:40:00,2017-01-08,21:40:00,"Brownsville Rd & Meritt Ave Pittsburgh, PA 15227",15227,Y,Carrick,3,PROHIBITED OFFENSIVE WEAPONS,908 Prohibited Offensive Weapons. / 3802(e) DUI - Minors - BAC >=.02% / 3802(c) DUI - Highest Rate of Alcohol - BAC >= .16% / 3745 Accidents Involving Damage to Unattended Veh.or Prop. / 3802(a)(1) DUI - General Impairment,2904,,,-79.97748459,40.38389528
1426,147460178,17004853,15,2017-01-09T03:00:00,2017-01-09,03:00:00,"W North Ave & Arch St Pittsburgh, PA 15212",15212,Y,Allegheny Center,1,PROHIBITED OFFENSIVE WEAPONS,908 Prohibited Offensive Weapons. / 4703 Operation of Vehicle without Official Certif. of Inspection / 4706 Prohib. on Expend. for Emission Insp Prog.. / 1301 Registration and Certificate of Title Required.,2204,1,1,-80.00862797,40.45509083
2524,148068032,17010361,16,2017-01-17T19:03:00,2017-01-17,19:03:00,"2300 Block Kingwood St Pittsburgh, PA 15234",15234,N,Overbrook,3,PROMOTING PROSTITUTION - KEEPING BUSINESS OR HOUSE,5902(b)(1) Promoting Prostitution - Keeping Business or House / 13(a)(32) Paraphernalia - Use or Possession / 9124 Drug Investigation,3207,4,4,-79.99547629,40.3772068
932,147680927,17006565,16,2017-01-11T19:20:00,2017-01-11,19:20:00,"400 Block Tripoli St Pittsburgh, PA 15212",15212,Y,East Allegheny,1,PROSTITUTION,5902(a)(2) Prostitution - Loitering for purpose of / 5902(a)(1) Prostitution ,2304,1,1,-80.00245435,40.45574742
936,147684456,17006579,16,2017-01-11T19:35:00,2017-01-11,19:35:00,"E North Ave & Howard St Pittsburgh, PA 15212",15212,Y,East Allegheny,1,PROSTITUTION,5902(a)(2) Prostitution - Loitering for purpose of / 5902(a)(1) Prostitution ,2304,1,1,-79.99923238,40.4568392
939,147686706,17006588,16,2017-01-11T20:08:00,2017-01-11,20:08:00,"E North Ave & Howard St Pittsburgh, PA 15212",15212,Y,East Allegheny,1,PROSTITUTION,5902(a)(2) Prostitution - Loitering for purpose of / 5902(a)(1) Prostitution ,2304,1,1,-79.99923238,40.4568392
2009,148356118,17012807,16,2017-01-21T14:55:00,2017-01-21,14:55:00,"N Homewood Ave & Frankstown Ave Pittsburgh, PA 15208",15208,Y,Homewood North,5,PROSTITUTION,5902(a)(2) Prostitution - Loitering for purpose of / 5902(a)(1) Prostitution ,1302,9,2,-79.89629786,40.45739668
2236,148352695,17012784,16,2017-01-21T13:45:00,2017-01-21,13:45:00,"Liberty Ave & Commonwealth Pl Pittsburgh, PA 15222",15222,Y,Central Business District,2,PROSTITUTION,5902(a)(1) Prostitution  / 907 Possessing Instruments of Crime.,201,6,6,-80.00675198,40.44084198
2447,147870097,17008602,16,2017-01-14T19:37:00,2017-01-14,19:37:00,"E Ohio St & James St Pittsburgh, PA 15212",15212,Y,East Allegheny,1,PROSTITUTION,5902(a)(2) Prostitution - Loitering for purpose of / 5902(a)(1) Prostitution ,2304,1,1,-80.00060123,40.45347768
2541,148277795,17011733,16,2017-01-19T20:40:00,2017-01-19,20:40:00,"Brownsville Rd & Nobles Ln Pittsburgh, PA 15210",15210,Y,Carrick,3,PROSTITUTION,5902(a)(2) Prostitution - Loitering for purpose of / 5902(a)(1) Prostitution ,2901,4,4,-79.99011266,40.40383745
3127,148353848,17012813,16,2017-01-21T15:11:00,2017-01-21,15:11:00,"Brushton Ave & Bennett St Pittsburgh, PA 15221",15221,Y,Homewood South,5,PROSTITUTION,5902(a)(1) Prostitution  / 5902(a)(2) Prostitution - Loitering for purpose of / 13(a)(16) Possession of Controlled Substance,1304,9,2,-79.88845816,40.45459781
3138,148561291,17014804,16,2017-01-24T20:26:00,2017-01-24,20:26:00,"Howard St & E North Ave Pittsburgh, PA 15212",15212,Y,Fineview,1,PROSTITUTION,5902(a)(1) Prostitution  / 5902(a)(2) Prostitution - Loitering for purpose of,2509,1,1,-79.99923238,40.4568392
3237,147869204,17008593,16,2017-01-14T19:23:00,2017-01-14,19:23:00,"James St & Suismon St Pittsburgh, PA 15212",15212,Y,East Allegheny,1,PROSTITUTION,5902(a)(2) Prostitution - Loitering for purpose of / 5902(a)(1) Prostitution ,2304,1,1,-80.00112481,40.45508344
3238,147869452,17008608,16,2017-01-14T19:53:00,2017-01-14,19:53:00,"Suismon St & Middle St Pittsburgh, PA 15212",15212,Y,East Allegheny,1,PROSTITUTION,5902(a)(2) Prostitution - Loitering for purpose of / 5902(a)(1) Prostitution ,2304,1,1,-79.999646,40.45536416
3405,148328900,17012249,16,2017-01-20T17:39:00,2017-01-20,17:39:00,"100 Block Washington Pl Pittsburgh, PA 15219",15219,Y,Central Business District,2,PROSTITUTION,5902(a)(1) Prostitution  / 907 Possessing Instruments of Crime.,201,6,6,-79.99195588,40.44096339
3435,148329017,17012406,16,2017-01-20T22:06:00,2017-01-20,22:06:00,"100 Block Washington Pl Pittsburgh, PA 15219",15219,Y,Central Business District,2,PROSTITUTION,5902(a)(1) Prostitution ,201,6,6,-79.99195588,40.44096339
3436,148330433,17012385,16,2017-01-20T21:25:00,2017-01-20,21:25:00,"100 Block Washington Pl Pittsburgh, PA 15219",15219,Y,Central Business District,2,PROSTITUTION,5902(a)(1) Prostitution  / 907 Possessing Instruments of Crime.,201,6,6,-79.99195588,40.44096339
3454,148389383,17013488,16,2017-01-22T15:37:00,2017-01-22,15:37:00,"East St & Royal St Pittsburgh, PA 15212",15212,Y,Spring Hill-City View,1,PROSTITUTION,5902(a)(2) Prostitution - Loitering for purpose of / 5902(a)(1) Prostitution ,2620,1,1,-79.99974662,40.46597777
1140,147413727,17003881,16,2017-01-07T10:51:00,2017-01-07,10:51:00,"Collier St & Frankstown Ave Pittsburgh, PA 15208",15208,Y,Homewood North,5,PROSTITUTION - LOITERING FOR THE PURPOSE OF,5902(a)(2) Prostitution - Loitering for purpose of / 13(a)(32) Paraphernalia - Use or Possession / 4914 False Identification to Law Enforcement Authorities,1302,9,2,-79.89190208,40.45639295
2955,148047536,17010144,16,2017-01-17T13:31:00,2017-01-17,13:31:00,"1900 Block Brownsville Rd Pittsburgh, PA 15210",15210,Y,Carrick,3,PROSTITUTION - LOITERING FOR THE PURPOSE OF,5902(a)(2) Prostitution - Loitering for purpose of / 13(a)(32) Paraphernalia - Use or Possession,2901,4,4,-79.9875055,40.39605243
3194,148512541,17014494,16,2017-01-24T10:48:00,2017-01-24,10:48:00,"N Lang Ave & Forest Way Pittsburgh, PA 15208",15208,Y,Homewood North,5,PROSTITUTION - LOITERING FOR THE PURPOSE OF,"5902(a)(2) Prostitution - Loitering for purpose of / 13(a)(32) Paraphernalia - Use or Possession / 419.01 Obstruction of Street, Sidewalk, or Public Way",1301,9,2,-79.89835728,40.45834623
3422,148165908,17010951,16,2017-01-18T17:20:00,2017-01-18,17:20:00,"700 Block Cedar Ave Pittsburgh, PA 15212",15212,Y,East Allegheny,1,PROSTITUTION - LOITERING FOR THE PURPOSE OF,5902(a)(2) Prostitution - Loitering for purpose of,2304,1,1,-80.00151678,40.45298858
136,146943001,16242506,23,2016-12-31T17:30:00,2016-12-31,17:30:00,"600 Block Maryland Ave Pittsburgh, PA 15232",15232,Y,Shadyside,4,PUBLIC DRUNKENESS,5505 Public Drunkenness,705,8,2,-79.93071274,40.45611719
185,146953747,17000063,23,2017-01-01T02:00:00,2017-01-01,02:00:00,"Walnut St & Bellefonte St Pittsburgh, PA 15232",15232,Y,Shadyside,4,PUBLIC DRUNKENESS,5505 Public Drunkenness,703,8,2,-79.93384883,40.45115772
193,146947880,16242648,23,2016-12-31T22:50:00,2016-12-31,22:50:00,"Blvd Of The Allies & Dawson St Pittsburgh, PA 15213",15213,Y,Central Oakland,4,PUBLIC DRUNKENESS,5505 Public Drunkenness,406,3,3,-79.95319123,40.4343835
312,-2911010332,17003767,23,2017-01-07T02:40:00,2017-01-07,02:40:00,"200 Block S Highland Ave Pittsburgh, PA 15206",15206,Y,Shadyside,4,PUBLIC DRUNKENESS,5505 Public Drunkenness,708,8,2,-79.92543474,40.45853284
335,147420422,17003953,23,2017-01-07T13:45:00,2017-01-07,13:45:00,"1800 Block E Carson St Pittsburgh, PA 15203",15203,Y,South Side Flats,3,PUBLIC DRUNKENESS,5505 Public Drunkenness,1702,3,4,-79.9802658,40.42847887
473,147512571,17003125,23,2017-01-06T01:07:00,2017-01-06,01:07:00,"S 14th St & E Carson St Pittsburgh, PA 15203",15203,Y,South Side Flats,3,PUBLIC DRUNKENESS,5505 Public Drunkenness,1702,3,4,-79.98414574,40.42879918
483,146953153,17000082,23,2017-01-01T00:46:00,2017-01-01,00:46:00,"1500 Block E Carson St Pittsburgh, PA 15203",15203,Y,South Side Flats,3,PUBLIC DRUNKENESS,5505 Public Drunkenness / 5503(a)(1) DISORDERLY CONDUCT - ENGAGE IN FIGHTING,1702,3,4,-79.98330671,40.42868483
784,146639184,16239858,23,2016-12-27T00:38:00,2016-12-27,00:38:00,"6700 Block Deary St Pittsburgh, PA 15206",15206,Y,Lincoln-Lemington-Belmar,5,PUBLIC DRUNKENESS,5505 Public Drunkenness / 5121 Escape. / 5503(a)(2) DISORDERLY CONDUCT - UNREASONABLE NOISE,1203,9,2,-79.90249756,40.46494315
866,147367827,17003150,23,2017-01-06T02:25:00,2017-01-06,02:25:00,"Roland St & S 17th St Pittsburgh, PA 15203",15203,Y,South Side Flats,3,PUBLIC DRUNKENESS,5505 Public Drunkenness / 601.16 Public Urination And Defecation,1702,3,4,-79.98208226,40.42852535
878,147665663,17004321,23,2017-01-08T01:50:00,2017-01-08,01:50:00,"1500 Block E Carson St Pittsburgh, PA 15203",15203,Y,South Side Flats,3,PUBLIC DRUNKENESS,5505 Public Drunkenness / 5503 Disorderly Conduct.,1702,3,4,-79.98330671,40.42868483
888,147447756,17004584,23,2017-01-08T01:00:00,2017-01-08,01:00:00,"300 Block North Shore Dr Pittsburgh, PA 15212",15212,Y,North Shore,1,PUBLIC DRUNKENESS,5505 Public Drunkenness,2205,1,1,-80.00964027,40.45494869
962,146922023,16242808,23,2016-12-30T21:50:00,2016-12-30,21:50:00,"Meyran Ave & 5th Ave Pittsburgh, PA 15213",15213,Y,Central Oakland,4,PUBLIC DRUNKENESS,5505 Public Drunkenness,405,3,3,-79.95916885,40.4412658
991,147447624,17003773,23,2017-01-07T02:51:00,2017-01-07,02:51:00,"2000 Block E Carson St Pittsburgh, PA 15203",15203,Y,South Side Flats,3,PUBLIC DRUNKENESS,5505 Public Drunkenness,1702,3,4,-79.97750748,40.42831022
1002,146966156,16242690,23,2016-12-31T23:49:00,2016-12-31,23:49:00,"300 Block North Shore Dr Pittsburgh, PA 15120",15120,Y,North Shore,1,PUBLIC DRUNKENESS,5505 Public Drunkenness,2205,1,6,-80.01179547,40.44576994
1213,147138792,17001768,23,2017-01-03T21:09:00,2017-01-03,21:09:00,"700 Block Mifflin Rd Pittsburgh, PA 15207",15207,Y,Hays,4,PUBLIC DRUNKENESS,5505 Public Drunkenness / 3802(a)(1) DUI - General Impairment,3101,5,3,-79.92550869,40.37971174
1227,146633378,16239758,23,2016-12-26T20:12:00,2016-12-26,20:12:00,"200 Block Aidyl Ave Pittsburgh, PA 15226",15226,Y,Brookline,6,PUBLIC DRUNKENESS,5505 Public Drunkenness,1919,4,4,-80.02813269,40.39628451
1317,146921080,16242050,23,2016-12-30T21:00:00,2016-12-30,21:00:00,"1400 Block 5th Ave Pittsburgh, PA 15219",15219,Y,Central Business District,2,PUBLIC DRUNKENESS,5505 Public Drunkenness,201,6,3,-79.98631004,40.43836994
1352,147599931,17005944,23,2017-01-10T21:00:00,2017-01-10,21:00:00,"100 Block Southern Ave Pittsburgh, PA 15211",15211,Y,Mount Washington,3,PUBLIC DRUNKENESS,5505 Public Drunkenness,1914,2,5,-80.0091631,40.42704095
1370,147375246,17003316,23,2017-01-06T11:18:00,2017-01-06,11:18:00,"400 Block Smithfield St Pittsburgh, PA 15222",15222,Y,Central Business District,2,PUBLIC DRUNKENESS,5505 Public Drunkenness,201,6,6,-79.99946609,40.43872176
1380,-2769000024,17004701,23,2017-01-08T19:45:00,2017-01-08,19:45:00,"300 Block North Shore Dr Pittsburgh, PA 15212",15212,Y,North Shore,1,PUBLIC DRUNKENESS,5505 Public Drunkenness / 5503(a)(4) DISORDERLY CONDUCT - HAZARDOUS/PHYS. OFF / 3503.B1I DEF. TRESPASS ACTUAL COMMUNICATION,2205,1,1,-80.00964027,40.45494869
1492,147235355,17000103,23,2017-01-01T01:59:00,2017-01-01,01:59:00,"1400 Block E Carson St Pittsburgh, PA 15203",15203,Y,South Side Flats,3,PUBLIC DRUNKENESS,5505 Public Drunkenness / 5503(a)(1) DISORDERLY CONDUCT - ENGAGE IN FIGHTING,1702,3,4,-79.98403098,40.42864859
1599,147598652,17006013,23,2017-01-10T23:30:00,2017-01-10,23:30:00,"Liberty Ave & Market St Pittsburgh, PA 15222",15222,Y,Central Business District,2,PUBLIC DRUNKENESS,5505 Public Drunkenness / 7513 Restriction on Alcoholic Beverages - Open Container,201,6,6,-80.0017944,40.44192378
1717,146873486,16241597,23,2016-12-30T02:05:00,2016-12-30,02:05:00,"300 Block North Shore Dr Pittsburgh, PA 15212",15212,Y,North Shore,1,PUBLIC DRUNKENESS,5505 Public Drunkenness / 5503(a)(4) DISORDERLY CONDUCT - HAZARDOUS/PHYS. OFF,2205,1,1,-80.00964027,40.45494869
1748,146994832,17000650,23,2017-01-02T00:58:00,2017-01-02,00:58:00,"1500 Block E Carson St Pittsburgh, PA 15203",15203,Y,South Side Flats,3,PUBLIC DRUNKENESS,5505 Public Drunkenness / 3503(b)(1)(i) Actual Communication,1702,3,4,-79.98330671,40.42868483
1785,147071417,17001267,23,2017-01-03T03:45:00,2017-01-03,03:45:00,"70 Block Southern Ave Pittsburgh, PA 15211",15211,Y,Mount Washington,3,PUBLIC DRUNKENESS,5505 Public Drunkenness / 3503.B1I DEF. TRESPASS ACTUAL COMMUNICATION,1914,2,5,-80.00892995,40.42777153
1790,146953298,17000116,23,2017-01-01T02:07:00,2017-01-01,02:07:00,"Roland St & S 17th St Pittsburgh, PA 15203",15203,Y,South Side Flats,3,PUBLIC DRUNKENESS,5505 Public Drunkenness / 5503 Disorderly Conduct.,1702,3,4,-79.98208226,40.42852535
1822,147334788,16242659,23,2016-12-31T21:22:00,2016-12-31,21:22:00,"300 Block North Shore Dr Pittsburgh, PA 15212",15212,Y,North Shore,1,PUBLIC DRUNKENESS,5505 Public Drunkenness,2205,1,1,-80.00964027,40.45494869
1860,147335270,16242686,23,2016-12-31T23:42:00,2016-12-31,23:42:00,"200 Block North Shore Dr Pittsburgh, PA 15212",15212,Y,North Shore,1,PUBLIC DRUNKENESS,5505 Public Drunkenness,2205,1,1,-80.00887041,40.45527309
1892,147500792,17005150,23,2017-01-09T16:28:00,2017-01-09,16:28:00,"6th St & Penn Ave Pittsburgh, PA 15222",15222,Y,Central Business District,2,PUBLIC DRUNKENESS,5505 Public Drunkenness,201,6,6,-80.00214966,40.442742
1902,147234346,17002324,23,2017-01-04T19:03:00,2017-01-04,19:03:00,"3rd Ave & Wood St Pittsburgh, PA 15222",15222,Y,Central Business District,2,PUBLIC DRUNKENESS,5505 Public Drunkenness / 5503(a)(4) DISORDERLY CONDUCT - HAZARDOUS/PHYS. OFF,201,6,6,-80.00163703,40.43887822
1939,147135310,17001159,23,2017-01-02T23:05:00,2017-01-02,23:05:00,"600 Block S Braddock Ave Pittsburgh, PA 15221",15221,Y,Regent Square,4,PUBLIC DRUNKENESS,5505 Public Drunkenness,1410,5,3,-79.89769306,40.43960358
1946,147434101,17003271,23,2017-01-08T01:10:00,2017-01-08,01:10:00,"1700 Block E Carson St Pittsburgh, PA 15203",15203,Y,South Side Flats,3,PUBLIC DRUNKENESS,5505 Public Drunkenness / 5503(a)(4) DISORDERLY CONDUCT - HAZARDOUS/PHYS. OFF,1702,3,4,-79.98186901,40.4285852
2086,147861568,17008122,23,2017-01-14T02:15:00,2017-01-14,02:15:00,"300 Block Station Square Dr W Pittsburgh, PA 15219",15219,Y,South Shore,3,PUBLIC DRUNKENESS,5505 Public Drunkenness / 5503 Disorderly Conduct.,1921,2,5,-80.00625719,40.43444035
2138,147896274,17008725,23,2017-01-15T00:14:00,2017-01-15,00:14:00,"S 15th St & E Carson St Pittsburgh, PA 15203",15203,Y,South Side Flats,3,PUBLIC DRUNKENESS,5505 Public Drunkenness,1702,3,4,-79.98342493,40.42881518
2149,-2973010421,17012224,23,2017-01-20T17:00:00,2017-01-20,17:00:00,"2900 Block Sheraden Blvd Pittsburgh, PA 15204",15204,N,Sheraden,6,PUBLIC DRUNKENESS,5505 Public Drunkenness,2018,2,5,-80.05405784,40.4533676
2161,147896392,17008759,23,2017-01-15T01:14:00,2017-01-15,01:14:00,"1500 Block E Carson St Pittsburgh, PA 15203",15203,Y,South Side Flats,3,PUBLIC DRUNKENESS,5505 Public Drunkenness,1702,3,4,-79.98330671,40.42868483
2182,148321710,17011879,23,2017-01-20T02:50:00,2017-01-20,02:50:00,"10 Block Uxor Way Pittsburgh, PA 15203",15203,Y,South Side Flats,3,PUBLIC DRUNKENESS,5505 Public Drunkenness,1702,3,4,-79.98480668,40.42747009
2183,148324077,17012356,23,2017-01-20T20:40:00,2017-01-20,20:40:00,"40 Block S 19th St Pittsburgh, PA 15203",15203,Y,South Side Flats,3,PUBLIC DRUNKENESS,5505 Public Drunkenness / 5503(a)(3) DISORDERLY CONDUCT - OBSCENE LANG/GEST / 5506 Loitering and Prowling at Night,1702,3,4,-79.97914214,40.43059758
2215,148043549,17009328,23,2017-01-16T01:25:00,2017-01-16,01:25:00,"S 16th St & E Carson St Pittsburgh, PA 15203",15203,Y,South Side Flats,3,PUBLIC DRUNKENESS,5505 Public Drunkenness / 601.12 Interference with Official Duties,1702,3,4,-79.98271222,40.4288317
2226,148355690,17011885,23,2017-01-20T03:02:00,2017-01-20,03:02:00,"S 17th St & E Carson St Pittsburgh, PA 15203",15203,Y,South Side Flats,3,PUBLIC DRUNKENESS,5505 Public Drunkenness / 5503(a)(1) DISORDERLY CONDUCT - ENGAGE IN FIGHTING,1702,3,4,-79.98204758,40.42883493
2262,-2946020474,17014054,23,2017-01-23T16:28:00,2017-01-23,16:28:00,"700 Block Brookline Blvd Pittsburgh, PA 15226",15226,N,Brookline,6,PUBLIC DRUNKENESS,5505 Public Drunkenness,1919,4,4,-80.0216923,40.39458318
2268,147940623,17009037,23,2017-01-15T15:30:00,2017-01-15,15:30:00,"S Braddock Ave & Penn Ave Pittsburgh, PA 15221",15221,Y,Point Breeze,4,PUBLIC DRUNKENESS,5505 Public Drunkenness,1406,9,3,-79.8951617,40.44713269
2316,147925489,17008093,23,2017-01-14T01:29:00,2017-01-14,01:29:00,"1700 Block Wrights Way Pittsburgh, PA 15203",15203,Y,South Side Flats,3,PUBLIC DRUNKENESS,5505 Public Drunkenness,1702,3,4,-79.98195857,40.42926234
2352,147832605,17007412,23,2017-01-13T02:26:00,2017-01-13,02:26:00,"S 15th St & E Carson St Pittsburgh, PA 15203",15203,Y,South Side Flats,3,PUBLIC DRUNKENESS,5505 Public Drunkenness / 5503(a)(3) DISORDERLY CONDUCT - OBSCENE LANG/GEST,1702,3,4,-79.98342493,40.42881518
2457,148309614,17012172,23,2017-01-20T15:43:00,2017-01-20,15:43:00,"50 Block Vespucius St Pittsburgh, PA 15207",15207,Y,Hazelwood,4,PUBLIC DRUNKENESS,5505 Public Drunkenness / 9998 Overdose Other,1515,5,3,-79.9434276,40.40214264
2551,148172259,17011063,23,2017-01-18T20:30:00,2017-01-18,20:30:00,"10th St & Penn Ave Pittsburgh, PA 15222",15222,Y,Central Business District,2,PUBLIC DRUNKENESS,5505 Public Drunkenness,201,6,6,-79.9956091,40.4444564
2614,148267600,17008122,23,2017-01-14T02:15:00,2017-01-14,02:15:00,"300 Block Station Square Dr W Pittsburgh, PA 15219",15219,Y,South Shore,3,PUBLIC DRUNKENESS,5505 Public Drunkenness / 5503 Disorderly Conduct.,1921,2,5,-80.00625719,40.43444035
2659,148367838,17013173,23,2017-01-22T01:30:00,2017-01-22,01:30:00,"E Carson St Pittsburgh, PA 15203",15203,Y,South Side Flats,3,PUBLIC DRUNKENESS,5505 Public Drunkenness / 5503(a)(4) DISORDERLY CONDUCT - HAZARDOUS/PHYS. OFF / 601.12 Interference with Official Duties,1702,,,0,0
2670,148391462,17013181,23,2017-01-22T01:47:00,2017-01-22,01:47:00,"1400 Block E Carson St Pittsburgh, PA 15203",15203,Y,South Side Flats,3,PUBLIC DRUNKENESS,5505 Public Drunkenness,1702,3,4,-79.98403098,40.42864859
2687,148357669,17012511,23,2017-01-21T01:24:00,2017-01-21,01:24:00,"300 Block North Shore Dr Pittsburgh, PA 15212",15212,Y,North Shore,1,PUBLIC DRUNKENESS,5505 Public Drunkenness,2205,1,1,-80.00964027,40.45494869
2692,148375229,17013194,23,2017-01-22T02:00:00,2017-01-22,02:00:00,"1500 Block E Carson St Pittsburgh, PA 15203",15203,Y,South Side Flats,3,PUBLIC DRUNKENESS,5505 Public Drunkenness,1702,3,4,-79.98330671,40.42868483
2758,148469900,17014121,23,2017-01-13T23:06:00,2017-01-13,23:06:00,"1000 Block E Carson St Pittsburgh, PA 15203",15203,Y,South Side Flats,3,PUBLIC DRUNKENESS,5505 Public Drunkenness / 5503 Disorderly Conduct.,1702,2,5,-80.02039221,40.44091666
2815,147868674,17008563,23,2017-01-14T18:34:00,2017-01-14,18:34:00,"Noblestown Rd & Hartwell St Pittsburgh, PA 15205",15205,N,Westwood,6,PUBLIC DRUNKENESS,5505 Public Drunkenness / 7728 Accidents and Accident Reports.,2811,2,5,-80.05053337,40.43511288
2869,147841305,17008024,23,2017-01-13T22:50:00,2017-01-13,22:50:00,"400 Block N Shore  Dr Pittsburgh, PA 15212",15212,Y,Squirrel Hill South,1,PUBLIC DRUNKENESS,5505 Public Drunkenness / 5503 Disorderly Conduct. / 3503.B1I DEF. TRESPASS ACTUAL COMMUNICATION,1414,1,6,-80.01233658,40.44626305
2939,147864079,17007322,23,2017-01-13T03:10:00,2017-01-13,03:10:00,"S 12th St & E Carson St Pittsburgh, PA 15203",15203,Y,South Side Flats,3,PUBLIC DRUNKENESS,5505 Public Drunkenness,1702,3,4,-79.98642219,40.42874965
2956,148061057,17008748,23,2017-01-15T00:45:00,2017-01-15,00:45:00,"2000 Block E Carson St Pittsburgh, PA 15203",15203,Y,South Side Flats,3,PUBLIC DRUNKENESS,5505 Public Drunkenness,1702,3,4,-79.97750748,40.42831022
3078,148368853,17011832,23,2017-01-20T00:49:00,2017-01-20,00:49:00,"1300 Block E Carson St Pittsburgh, PA 15203",15203,N,South Side Flats,3,PUBLIC DRUNKENESS,5505 Public Drunkenness,1702,3,4,-79.98517511,40.42860697
3087,148472787,17013189,23,2017-01-22T01:54:00,2017-01-22,01:54:00,"5500 Block Walnut St Pittsburgh, PA 15232",15232,Y,Shadyside,4,PUBLIC DRUNKENESS,5505 Public Drunkenness,703,8,2,-79.9335939,40.45096608
3140,148355837,17012445,23,2017-01-20T23:51:00,2017-01-20,23:51:00,"S 10th St & E Carson St Pittsburgh, PA 15203",15203,Y,South Side Flats,3,PUBLIC DRUNKENESS,5505 Public Drunkenness,1702,3,4,-79.98857297,40.4287025
3144,148377057,17012476,23,2017-01-21T01:00:00,2017-01-21,01:00:00,"70 Block S 15th St Pittsburgh, PA 15203",15203,Y,South Side Flats,3,PUBLIC DRUNKENESS,"5505 Public Drunkenness / 5503(a)(3) DISORDERLY CONDUCT - OBSCENE LANG/GEST / 601.11(a) Littering and Dumping; Any waste, dangerous or detrimental substance upon public property / 601.16 Public Urination And Defecation",1702,3,4,-79.98359895,40.42911166
3150,148397884,17013592,23,2017-01-22T19:00:00,2017-01-22,19:00:00,"Biscayne Dr & Brownsville Rd Pittsburgh, PA 15210",15210,Y,Carrick,3,PUBLIC DRUNKENESS,5505 Public Drunkenness / 5503(a)(1) DISORDERLY CONDUCT - ENGAGE IN FIGHTING,2904,4,4,-79.98379849,40.38732442
3165,148473492,17013193,23,2017-01-22T02:05:00,2017-01-22,02:05:00,"1500 Block E Carson St Pittsburgh, PA 15203",15203,Y,South Side Flats,3,PUBLIC DRUNKENESS,5505 Public Drunkenness / 5507 Obstructing Highways and Passages. / 5503 Disorderly Conduct. / 601.12 Interference with Official Duties,1702,3,4,-79.98330671,40.42868483
3205,147841478,17008019,23,2017-01-13T23:06:00,2017-01-13,23:06:00,"1000 Block E Carson St Pittsburgh, PA 15203",15203,Y,South Side Flats,3,PUBLIC DRUNKENESS,5505 Public Drunkenness / 5503 Disorderly Conduct.,1702,2,5,-80.02039221,40.44091666
3203,147836429,17007886,23,2017-01-13T18:55:00,2017-01-13,18:55:00,"100 Block 7th St Pittsburgh, PA 15222",15222,Y,Central Business District,2,PUBLIC DRUNKENESS,5505 Public Drunkenness,201,6,6,-80.00099348,40.44413678
3291,147862654,17008050,23,2017-01-14T00:30:00,2017-01-14,00:30:00,"E Carson St & S 15th St Pittsburgh, PA 15203",15203,Y,South Side Flats,3,PUBLIC DRUNKENESS,5505 Public Drunkenness,1702,3,4,-79.98342493,40.42881518
3310,147895468,17008709,23,2017-01-14T23:35:00,2017-01-14,23:35:00,"1500 Block E Carson St Pittsburgh, PA 15203",15203,Y,South Side Flats,3,PUBLIC DRUNKENESS,5505 Public Drunkenness,1702,3,4,-79.98330671,40.42868483
3403,148309855,17012214,23,2017-01-20T17:00:00,2017-01-20,17:00:00,"Market St & Liberty Ave Pittsburgh, PA 15222",15222,Y,Central Business District,2,PUBLIC DRUNKENESS,5505 Public Drunkenness / 5503 Disorderly Conduct.,201,6,6,-80.0017944,40.44192378
3474,148358262,17012875,23,2017-01-21T16:45:00,2017-01-21,16:45:00,"Bates St & Mc Kee Pl Pittsburgh, PA 15213",15213,Y,Central Oakland,4,PUBLIC DRUNKENESS,5505 Public Drunkenness,405,3,3,-79.95549749,40.4365863
3475,148360838,17013004,23,2017-01-20T21:00:00,2017-01-20,21:00:00,"1600 Block Sandusky Ct Pittsburgh, PA 15212",15212,Y,Fineview,1,PUBLIC DRUNKENESS,5505 Public Drunkenness / 601.16 Public Urination And Defecation,2509,6,1,-80.00544754,40.45893258
3479,148359455,17012955,23,2017-01-21T18:35:00,2017-01-21,18:35:00,"1400 Block Arnold St Pittsburgh, PA 15205",15205,N,Crafton Heights,6,PUBLIC DRUNKENESS,5505 Public Drunkenness,2815,2,5,-80.04778139,40.44048376
3510,-2928000450,17011600,23,2017-01-19T17:08:00,2017-01-19,17:08:00,"20 Block Market St Pittsburgh, PA 15222",15222,Y,Central Business District,2,PUBLIC DRUNKENESS,5505 Public Drunkenness,201,6,6,-80.00211826,40.44096725
3513,148374618,17013217,23,2017-01-22T02:35:00,2017-01-22,02:35:00,"S 14th St & E Carson St Pittsburgh, PA 15203",15203,Y,South Side Flats,3,PUBLIC DRUNKENESS,5505 Public Drunkenness,1702,3,4,-79.98414574,40.42879918
3546,148396555,17013180,23,2017-01-22T01:25:00,2017-01-22,01:25:00,"1500 Block E Carson St Pittsburgh, PA 15203",15203,Y,South Side Flats,3,PUBLIC DRUNKENESS,5505 Public Drunkenness / 5503 Disorderly Conduct.,1702,3,4,-79.98330671,40.42868483
3547,148396564,17010273,23,2017-01-17T16:29:00,2017-01-17,16:29:00,"500 Block Felix Way Pittsburgh, PA 15232",15232,Y,Shadyside,4,PUBLIC DRUNKENESS,5505 Public Drunkenness,705,8,2,-79.9296333,40.45630976
3567,148481132,17014326,23,2017-01-24T02:30:00,2017-01-24,02:30:00,"300 Block Allegheny Ave Pittsburgh, PA 15212",15212,Y,North Shore,1,PUBLIC DRUNKENESS,5505 Public Drunkenness,2205,1,1,-80.00705017,40.45279201
2358,147874483,17008807,22,2017-01-15T02:30:00,2017-01-15,02:30:00,"300 Block Atwood St Pittsburgh, PA 15213",15213,Y,Central Oakland,4,PUR/CON/POS/TRAN-INTOX BEVERAG,"6308(a) Underage Purchase, Consume, Possessed or Transport Liquor / 5505 Public Drunkenness",405,3,3,-79.95594514,40.43951759
2839,-2782003494,17009268,22,2017-01-15T23:45:00,2017-01-15,23:45:00,"Allegheny Center Mall Pittsburgh, PA 15212",15212,Y,Allegheny Center,1,PUR/CON/POS/TRAN-INTOX BEVERAG,"6308(a) Underage Purchase, Consume, Possessed or Transport Liquor / 5505 Public Drunkenness",2204,1,1,-80.01814379,40.44937603
3048,148332291,17012462,22,2017-01-21T00:10:00,2017-01-21,00:10:00,"20 Block Unger Ln Pittsburgh, PA 15217",15217,N,Squirrel Hill North,4,PUR/CON/POS/TRAN-INTOX BEVERAG,"6308(a) Underage Purchase, Consume, Possessed or Transport Liquor / 9133 Noise Complaint - No Citation",1401,8,3,-79.93653246,40.44552786
765,147264498,17002600,2,2017-01-04T02:00:00,2017-01-04,02:00:00,Zone 5,one 5,N,,5,RAPE,3121 Rape.,,,,,
2686,148357114,17012848,2,2017-01-21T06:05:00,2017-01-21,06:05:00,Zone 1,one 1,N,,1,RAPE,3121 Rape.,,,,,
3129,147806544,17007579,2,2017-01-10T09:15:00,2017-01-10,09:15:00,Zone 4,one 4,N,,4,RAPE,3121 Rape.,,,,,
3541,148458036,17013930,2,2017-01-01T01:15:00,2017-01-01,01:15:00,Zone 5,one 5,N,,5,RAPE,3121 Rape. / 3123 Involuntary Deviate Sexual Intercourse.,,,,,
2214,147959469,17009670,2,2017-01-09T20:00:00,2017-01-09,20:00:00,Zone 4,one 4,N,,4,RAPE BY FORCIBLE COMPULSION,"3121(a)(1) Rape by forcible compulsion / 2701(a)(1) Simple Assault - Intent., Know., Reckless.Cause Bod. Injury",,,,,
3568,148503577,17014459,2,2017-01-22T23:59:00,2017-01-22,23:59:00,Zone 3,one 3,N,,3,RAPE BY FORCIBLE COMPULSION,3121(a)(1) Rape by forcible compulsion,,,,,
52,146765476,16237470,13,2016-12-28T12:30:00,2016-12-28,12:30:00,"7100 Block Kedron St Pittsburgh, PA 15208",15208,Y,Friendship,5,RECEIVING STOLEN PROPERTY,3925 Receiving Stolen Property. / 1501 Drivers Required to be Licensed. / 1505 Learners' Permits,1302,9,2,-79.89748363,40.46133141
247,147060378,17001108,13,2017-01-02T20:05:00,2017-01-02,20:05:00,"300 Block Renova St Pittsburgh, PA 15207",15207,Y,Hazelwood,4,RECEIVING STOLEN PROPERTY,"3925 Receiving Stolen Property. / 13(a)(32) Paraphernalia - Use or Possession / 13(a)(16) Possession of Controlled Substance / 13(a)(30) Possession w/ Intent to Del. Controlled Substance / 907 Possessing Instruments of Crime. / 6105(a)(1) Persons not to possess, use, manufacture, control, sell or transfer firearms: Former Convict enumerated in subsection (b)",1515,5,3,-79.93705448,40.40243347
574,147387353,17003582,13,2017-01-06T19:30:00,2017-01-06,19:30:00,"Bennett St & Wheeler St Pittsburgh, PA 15221",15221,Y,East Hills,5,RECEIVING STOLEN PROPERTY,3925 Receiving Stolen Property. / 1543 Driving While Operating Privilege is Suspended or Revoked.,1306,9,2,-79.88440299,40.45418195
847,146597141,16239447,13,2016-12-26T04:56:00,2016-12-26,04:56:00,"5th Ave & Darragh St Pittsburgh, PA 15213",15213,Y,West Oakland,4,RECEIVING STOLEN PROPERTY,3925 Receiving Stolen Property. / 13(a)(31) Marijuana: Possession Small Amount / 5123 Contraband. / 3802(a)(1) DUI - General Impairment,402,3,3,-79.96016504,40.44054656
1073,146857591,16241401,13,2016-12-29T18:01:00,2016-12-29,18:01:00,"Putnam St Pittsburgh, PA 15206",15206,Y,Larimer,5,RECEIVING STOLEN PROPERTY,3925 Receiving Stolen Property. / 13(a)(30) Possession w/ Intent to Del. Controlled Substance / 13(a)(16) Possession of Controlled Substance / 5121 Escape. / 1501 Drivers Required to be Licensed. / 3733 Fleeing or Attempting to Elude Police Officer,1208,,,0,0
1156,146975227,17000531,13,2017-01-01T20:18:00,2017-01-01,20:18:00,"1800 Block E Carson St Pittsburgh, PA 15203",15203,Y,South Side Flats,3,RECEIVING STOLEN PROPERTY,3925 Receiving Stolen Property. / 6106 Firearms not to be Carried without a License. / 9501 Bench Warrant / 607.03 Discharging Firearm or Airgun / 4914 False Identification to Law Enforcement Authorities,1702,3,4,-79.9802658,40.42847887
1569,147499712,16233386,13,2017-01-09T16:12:00,2017-01-09,16:12:00,"Lorenz Ave & Chartiers Ave Pittsburgh, PA 15220",15220,Y,Elliott,6,RECEIVING STOLEN PROPERTY,"3925 Receiving Stolen Property. / 7122 Altered, Forged or Counterfeit Documents and Plates",2020,2,5,-80.04063013,40.44397301
2052,147747616,16242553,13,2016-12-31T17:45:00,2016-12-31,17:45:00,"1900 Block Spring Garden Ave Pittsburgh, PA 15212",15212,Y,Spring Garden,1,RECEIVING STOLEN PROPERTY,3925 Receiving Stolen Property.,2412,1,1,-79.98562477,40.46877916
2554,148182604,17011125,13,2017-01-18T21:48:00,2017-01-18,21:48:00,"Bon Air Ave & Camfield St Pittsburgh, PA 15210",15210,Y,Bon Air,3,RECEIVING STOLEN PROPERTY,3925 Receiving Stolen Property. / 6106 Firearms not to be Carried without a License. / 13(a)(31)(i) Marijuana - Possess Small Amt for Personal Use,1806,4,4,-79.99772762,40.41034007
2617,148273397,17011629,13,2017-01-19T18:46:00,2017-01-19,18:46:00,"400 Block Bon Air Ave Pittsburgh, PA 15210",15210,Y,Central Business District,N/A,RECEIVING STOLEN PROPERTY,3925 Receiving Stolen Property. / 13(a)(16) Possession of Controlled Substance / 13(a)(30) Possession w/ Intent to Del. Controlled Substance / 13(a)(32) Paraphernalia - Use or Possession / 13(a)(31) Marijuana: Possession Small Amount / 903 Criminal Conspiracy. / 13(a)(19) Purchase from Unauthorized Seller,,4,4,-79.9994454,40.41042225
2653,147803227,17007477,13,2017-01-13T07:30:00,2017-01-13,07:30:00,"2300 Block Mannheim St Pittsburgh, PA 15212",15212,Y,Marshall-Shadeland,1,RECEIVING STOLEN PROPERTY,3925 Receiving Stolen Property. / 13(a)(30) Possession w/ Intent to Del. Controlled Substance / 13(a)(32) Paraphernalia - Use or Possession / 13(a)(16) Possession of Controlled Substance / 4304(a)(1) Endangering Welfare of Children. / 903 Criminal Conspiracy.,2704,1,1,-80.02984362,40.46278172
2865,147904334,17009215,13,2017-01-16T01:28:00,2017-01-16,01:28:00,"Hamilton Ave & Durango Way Pittsburgh, PA 15221",15221,Y,Homewood West,5,RECEIVING STOLEN PROPERTY,3925 Receiving Stolen Property.,1207,9,2,-79.88975773,40.45284665
2950,148048477,16163226,13,2017-01-17T17:00:00,2017-01-17,17:00:00,"Crucible St & Ernie St Pittsburgh, PA 15220",15220,Y,Elliott,6,RECEIVING STOLEN PROPERTY,3925 Receiving Stolen Property. / 3743 Accidents Involving Damage to Attended Veh. or Property / 1543 Driving While Operating Privilege is Suspended or Revoked. / 3714 Careless Driving,2020,2,5,-80.04073714,40.44257321
2963,148060843,17010288,13,2017-01-17T17:02:00,2017-01-17,17:02:00,"5th Ave & Kelly St Pittsburgh, PA 15208",15208,Y,Homewood West,5,RECEIVING STOLEN PROPERTY,3925 Receiving Stolen Property. / 5121 Escape. / 3743 Accidents Involving Damage to Attended Veh. or Property / 1543 Driving While Operating Privilege is Suspended or Revoked. / 3736 Reckless Driving,1207,9,2,-79.90843298,40.45814136
3366,147948424,17009712,13,2017-01-16T17:58:00,2017-01-16,17:58:00,"5600 Block 2nd Ave Pittsburgh, PA 15207",15207,Y,Hazelwood,4,RECEIVING STOLEN PROPERTY,3925 Receiving Stolen Property.,1515,5,3,-79.93911961,40.40076988
200,147045993,17000945,10,2017-01-02T15:05:00,2017-01-02,15:05:00,"Brushton Ave & Hamilton Ave Pittsburgh, PA 15221",15221,Y,Homewood South,5,RECKLESSLY ENDANGER ANOTH PER,"2701(a)(1) Simple Assault - Intent., Know., Reckless.Cause Bod. Injury / 2705 Recklessly Endangering Another Person. / 3304 Criminal Mischief. / 3743 Accidents Involving Damage to Attended Veh. or Property",1304,9,2,-79.88919046,40.45272535
1579,147551780,17005586,10,2016-12-27T15:00:00,2016-12-27,15:00:00,"1000 Block N Murtland St Pittsburgh, PA 15208",15208,N,Homewood West,5,RECKLESSLY ENDANGER ANOTH PER,2705 Recklessly Endangering Another Person. / 4304(a)(1) Endangering Welfare of Children. / 2701(b)(2) Simple Assault -  Child Under 12 / Adult 21 Or Older,1207,9,2,-79.90068055,40.45941495
1771,146969447,17000430,10,2017-01-01T16:07:00,2017-01-01,16:07:00,"700 Block Bellefonte St Pittsburgh, PA 15232",15232,Y,Shadyside,4,RECKLESSLY ENDANGER ANOTH PER,2705 Recklessly Endangering Another Person. / 3802(c) DUI - Highest Rate of Alcohol - BAC >= .16% / 5505 Public Drunkenness / 3745 Accidents Involving Damage to Unattended Veh.or Prop. / 3703 Driving Upon Sidewalk. / 3736 Reckless Driving / 3308 One-Way Roadways and Rotary Traffic Islands. / 3111 Obedience to Traffic-Control Devices. / 3742 Accidents Involving Death or Personal Injury / 3802(a)(1) DUI - General Impairment / 1786 Required Financial Responsibility.,703,8,2,-79.93477812,40.45224989
1808,147124380,17001655,10,2017-01-03T17:42:00,2017-01-03,17:42:00,"50 Block Millbridge St Pittsburgh, PA 15210",15210,N,Allentown,3,RECKLESSLY ENDANGER ANOTH PER,2705 Recklessly Endangering Another Person. / 3304(a)(5) CRIMINAL MISCHIEF - Intentionally Damages Real Or Personal Property Of Another,1803,3,4,-79.99598909,40.42266548
1990,148116035,17010118,10,2017-01-17T12:40:00,2017-01-17,12:40:00,"Buente St & Varley St Pittsburgh, PA 15212",15212,N,Spring Hill-City View,1,RECKLESSLY ENDANGER ANOTH PER,2705 Recklessly Endangering Another Person. / 13(a)(32) Paraphernalia - Use or Possession / 13(a)(16) Possession of Controlled Substance / 3802(d)(2) DUI - Drug - Impaired Ability,2620,1,1,-79.99211975,40.46612388
2080,147902250,17009334,10,2017-01-16T01:28:00,2017-01-16,01:28:00,"Durango Way & Hamilton Ave Pittsburgh, PA 15221",15221,Y,Homewood South,5,RECKLESSLY ENDANGER ANOTH PER,2705 Recklessly Endangering Another Person. / 3925 Receiving Stolen Property. / 3745 Accidents Involving Damage to Unattended Veh.or Prop. / 3742 Accidents Involving Death or Personal Injury / 1501 Drivers Required to be Licensed. / 3736 Reckless Driving,1304,9,2,-79.88975773,40.45284665
2216,148049943,17010240,10,2017-01-17T16:05:00,2017-01-17,16:05:00,"400 Block Herschel St Pittsburgh, PA 15220",15220,Y,Elliott,6,RECKLESSLY ENDANGER ANOTH PER,"2701(a)(1) Simple Assault - Intent., Know., Reckless.Cause Bod. Injury / 2705 Recklessly Endangering Another Person. / 2701(a)(3) Simple Assault - Attempts by Physical Menace ",2020,2,5,-80.03730891,40.43793112
2724,148404156,17013726,10,2017-01-23T01:10:00,2017-01-23,01:10:00,"100 Block Southern Ave Pittsburgh, PA 15211",15211,N,Mount Washington,3,RECKLESSLY ENDANGER ANOTH PER,2705 Recklessly Endangering Another Person. / 3745 Accidents Involving Damage to Unattended Veh.or Prop. / 1543 Driving While Operating Privilege is Suspended or Revoked. / 901 Criminal Attempt,1914,2,5,-80.0091631,40.42704095
183,146950862,17000036,10,2017-01-01T00:58:00,2017-01-01,00:58:00,"S 15th St & E Carson St Pittsburgh, PA 15203",15203,Y,South Side Flats,3,RESIST ARREST/OTHER LAW ENFORC,5104 Resisting Arrest or Other Law Enforcement. / 5503(a)(1) DISORDERLY CONDUCT - ENGAGE IN FIGHTING,1702,3,4,-79.98342493,40.42881518
267,147344532,17003101,10,2017-01-05T23:45:00,2017-01-05,23:45:00,"1600 Block Smallman St Pittsburgh, PA 15222",15222,Y,Strip District,2,RESIST ARREST/OTHER LAW ENFORC,"5104 Resisting Arrest or Other Law Enforcement. / 6307 Misrep. of Age to Secure Liquor / 6308(a) Underage Purchase, Consume, Possessed or Transport Liquor",203,7,6,-79.98764669,40.44956619
543,147234109,17002339,10,2017-01-04T18:59:00,2017-01-04,18:59:00,"Federal St N & Henderson St Pittsburgh, PA 15212",15212,Y,Central North Side,1,RESIST ARREST/OTHER LAW ENFORC,5104 Resisting Arrest or Other Law Enforcement. / 13(a)(31) Marijuana: Possession Small Amount / 5101 Obstructing Admin. of Law  / 4303 General Lighting Requirements. / 3334 Turning Movements and Required Signals.,2206,6,1,-80.00776455,40.45885515
709,147583680,17005815,10,2017-01-10T17:27:00,2017-01-10,17:27:00,"100 Block Forbes Ave Pittsburgh, PA 15222",15222,Y,Central Business District,2,RESIST ARREST/OTHER LAW ENFORC,5104 Resisting Arrest or Other Law Enforcement. / 5505 Public Drunkenness / 5503 Disorderly Conduct. / 3503.B1I DEF. TRESPASS ACTUAL COMMUNICATION,201,6,6,-80.00394607,40.44069712
1123,147404994,17003710,10,2017-01-07T01:09:00,2017-01-07,01:09:00,"2400 Block Brownsville Rd Pittsburgh, PA 15210",15210,Y,Carrick,3,RESIST ARREST/OTHER LAW ENFORC,"5104 Resisting Arrest or Other Law Enforcement. / 3802(e) DUI - Minors - BAC >=.02% / 3802(c) DUI - Highest Rate of Alcohol - BAC >= .16% / 6308(a) Underage Purchase, Consume, Possessed or Transport Liquor / 3802(a)(1) DUI - General Impairment",2904,4,4,-79.98355246,40.38692664
1993,147840144,17007913,10,2017-01-13T19:10:00,2017-01-13,19:10:00,"5500 Block Centre Ave Pittsburgh, PA 15232",15232,Y,Shadyside,4,RESIST ARREST/OTHER LAW ENFORC,5104 Resisting Arrest or Other Law Enforcement. / 5503 Disorderly Conduct. / 3503 Criminal Trespass / 9498 302 (Mental),709,7,2,-79.93643514,40.45663345
2671,148399808,17013632,10,2017-01-22T20:40:00,2017-01-22,20:40:00,"200 Block North Shore Dr Pittsburgh, PA 15212",15212,Y,North Shore,1,RESIST ARREST/OTHER LAW ENFORC,5104 Resisting Arrest or Other Law Enforcement. / 5505 Public Drunkenness / 5503(a)(4) DISORDERLY CONDUCT - HAZARDOUS/PHYS. OFF,2205,1,1,-80.00887041,40.45527309
2862,147900028,17009265,10,2017-01-15T22:56:00,2017-01-15,22:56:00,"5200 Block Centre Ave Pittsburgh, PA 15224",15224,Y,Shadyside,4,RESIST ARREST/OTHER LAW ENFORC,5104 Resisting Arrest or Other Law Enforcement.,709,8,2,-79.9405853,40.45494018
2895,147842855,17008061,10,2017-01-14T00:24:00,2017-01-14,00:24:00,"1700 Block E Carson St Pittsburgh, PA 15203",15203,Y,South Side Flats,3,RESIST ARREST/OTHER LAW ENFORC,5104 Resisting Arrest or Other Law Enforcement. / 5505 Public Drunkenness / 5503(a)(3) DISORDERLY CONDUCT - OBSCENE LANG/GEST,1702,3,4,-79.98186901,40.4285852
3409,148340187,17012558,10,2017-01-21T02:46:00,2017-01-21,02:46:00,"1000 Block Penn Ave Pittsburgh, PA 15222",15222,Y,Central Business District,2,RESIST ARREST/OTHER LAW ENFORC,5104 Resisting Arrest or Other Law Enforcement. / 5505 Public Drunkenness / 5503 Disorderly Conduct. / 3503.B1I DEF. TRESPASS ACTUAL COMMUNICATION,201,6,6,-79.99553172,40.44441983
3482,148368149,17013108,10,2017-01-21T23:54:00,2017-01-21,23:54:00,"300 Block North Shore Dr Pittsburgh, PA 15212",15212,Y,North Shore,1,RESIST ARREST/OTHER LAW ENFORC,5104 Resisting Arrest or Other Law Enforcement. / 3503(b)(1)(ii) Defiant Trespass Notice Posted by Sign(s) / 5505 Public Drunkenness / 5503(a)(2) DISORDERLY CONDUCT - UNREASONABLE NOISE,2205,1,1,-80.00964027,40.45494869
91,146781630,16240747,6,2016-12-28T16:12:00,2016-12-28,16:12:00,"7600 Block Penn Ave Pittsburgh, PA 15221",15221,Y,Point Breeze North,4,RETAIL THEFT (SHOPLIFTING),3929 Retail Theft. / 5505 Public Drunkenness,1405,9,3,-79.89515195,40.44707066
99,146926762,16242261,6,2016-12-31T06:00:00,2016-12-31,06:00:00,"1700 Block Murray Ave Pittsburgh, PA 15217",15217,N,Squirrel Hill South,4,RETAIL THEFT (SHOPLIFTING),3929 Retail Theft. / 901 Criminal Attempt,1413,5,3,-79.92305429,40.43802148
124,146815932,16241061,6,2016-12-29T04:06:00,2016-12-29,04:06:00,"1700 Block Murray Ave Pittsburgh, PA 15217",15217,N,Squirrel Hill South,4,RETAIL THEFT (SHOPLIFTING),3929 Retail Theft.,1413,5,3,-79.92305429,40.43802148
131,146746249,16240526,6,2016-12-28T08:50:00,2016-12-28,08:50:00,"7600 Block Penn Ave Pittsburgh, PA 15221",15221,N,Point Breeze,4,RETAIL THEFT (SHOPLIFTING),3929 Retail Theft.,1406,9,3,-79.89515195,40.44707066
161,-2907022743,17000513,6,2017-01-01T18:58:00,2017-01-01,18:58:00,"5900 Block Centre Ave Pittsburgh, PA 15232",15232,N,Shadyside,4,RETAIL THEFT (SHOPLIFTING),3929 Retail Theft.,705,8,2,-79.92740885,40.4591906
150,146864363,16241475,6,2016-12-29T21:07:00,2016-12-29,21:07:00,"2300 Block Jane St Pittsburgh, PA 15203",15203,Y,South Side Flats,3,RETAIL THEFT (SHOPLIFTING),3929 Retail Theft. / 13(a)(32) Paraphernalia - Use or Possession,1609,3,4,-79.97318261,40.42645636
199,147043221,17000954,6,2017-01-02T14:50:00,2017-01-02,14:50:00,"2100 Block Brownsville Rd Pittsburgh, PA 15210",15210,N,Carrick,3,RETAIL THEFT (SHOPLIFTING),3929 Retail Theft.,2901,4,4,-79.98735091,40.39183252
237,146765471,16240650,6,2016-12-28T12:44:00,2016-12-28,12:44:00,"7600 Block Penn Ave Pittsburgh, PA 15221",15221,N,Point Breeze North,4,RETAIL THEFT (SHOPLIFTING),3929 Retail Theft.,1405,9,3,-79.89515195,40.44707066
309,147374807,17003453,6,2017-01-06T15:38:00,2017-01-06,15:38:00,"800 Block Freeport Rd Pittsburgh, PA 15215",15215,N,Lincoln-Lemington-Belmar,5,RETAIL THEFT (SHOPLIFTING),3929 Retail Theft.,1201,9,2,-79.89761421,40.48782354
292,-2860003866,17002129,6,2017-01-04T13:27:00,2017-01-04,13:27:00,"7600 Block Penn Ave Pittsburgh, PA 15221",15221,N,Point Breeze North,4,RETAIL THEFT (SHOPLIFTING),3929 Retail Theft.,1405,9,3,-79.89515195,40.44707066
439,147710193,17006310,6,2017-01-11T13:15:00,2017-01-11,13:15:00,"800 Block Freeport Rd Pittsburgh, PA 15215",15215,N,Lincoln-Lemington-Belmar,5,RETAIL THEFT (SHOPLIFTING),3929 Retail Theft.,1201,9,2,-79.89761421,40.48782354
457,146946883,16242586,6,2016-12-31T20:00:00,2016-12-31,20:00:00,"2000 Block Wharton St Pittsburgh, PA 15203",15203,Y,South Side Flats,3,RETAIL THEFT (SHOPLIFTING),3929 Retail Theft.,1702,3,4,-79.97681333,40.43002082
672,147566974,17005664,6,2017-01-04T14:33:00,2017-01-04,14:33:00,"900 Block Liberty Ave Pittsburgh, PA 15222",15222,N,Central Business District,2,RETAIL THEFT (SHOPLIFTING),3929 Retail Theft.,201,6,6,-79.99793652,40.44288811
705,147576718,17005755,6,2017-01-10T15:48:00,2017-01-10,15:48:00,"1200 Block Brighton Rd Pittsburgh, PA 15233",15233,N,Central North Side,1,RETAIL THEFT (SHOPLIFTING),3929 Retail Theft.,2206,1,1,-80.01485431,40.45461495
733,147661137,17006373,6,2017-01-11T15:10:00,2017-01-11,15:10:00,"400 Block N Highland Ave Pittsburgh, PA 15206",15206,Y,East Liberty,5,RETAIL THEFT (SHOPLIFTING),3929 Retail Theft.,1115,9,2,-79.92217164,40.4651578
949,147498789,17005124,6,2017-01-09T15:25:00,2017-01-09,15:25:00,"1900 Block Centre Ave Pittsburgh, PA 15219",15219,N,Middle Hill,2,RETAIL THEFT (SHOPLIFTING),3929 Retail Theft.,501,6,3,-79.98082794,40.44316841
1056,146702463,16240175,6,2016-12-27T17:00:00,2016-12-27,17:00:00,"700 Block E Warrington Ave Pittsburgh, PA 15210",15210,Y,Allentown,3,RETAIL THEFT (SHOPLIFTING),3929 Retail Theft.,1803,3,4,-79.99548539,40.42151101
1066,147202913,17002088,6,2017-01-04T12:08:00,2017-01-04,12:08:00,"6100 Block Centre Ave Pittsburgh, PA 15206",15206,N,Shadyside,4,RETAIL THEFT (SHOPLIFTING),3929 Retail Theft.,708,8,2,-79.92387461,40.46023715
1080,-2963000131,16240392,6,2016-12-27T19:35:00,2016-12-27,19:35:00,"200 Block Atwood St Pittsburgh, PA 15213",15213,N,Central Oakland,4,RETAIL THEFT (SHOPLIFTING),3929 Retail Theft.,405,3,3,-79.95688887,40.44042041
1091,147313135,17002819,6,2017-01-05T14:42:00,2017-01-05,14:42:00,"800 Block Freeport Rd Pittsburgh, PA 15215",15215,N,Lincoln-Lemington-Belmar,5,RETAIL THEFT (SHOPLIFTING),3929 Retail Theft.,1201,9,2,-79.89761421,40.48782354
1175,147454712,17003399,6,2017-01-06T13:50:00,2017-01-06,13:50:00,"900 Block Freeport Rd Pittsburgh, PA 15238",15238,N,Lincoln-Lemington-Belmar,5,RETAIL THEFT (SHOPLIFTING),3929 Retail Theft.,1201,9,2,-79.89431722,40.48808181
1206,147070136,16241909,6,2016-12-30T14:15:00,2016-12-30,14:15:00,"5500 Block Centre Ave Pittsburgh, PA 15224",15224,Y,Shadyside,4,RETAIL THEFT (SHOPLIFTING),3929 Retail Theft.,709,7,2,-79.93643514,40.45663345
1235,147109884,17001536,6,2017-01-03T14:40:00,2017-01-03,14:40:00,"1100 Block Brownsville Rd Pittsburgh, PA 15210",15210,Y,Carrick,3,RETAIL THEFT (SHOPLIFTING),3929 Retail Theft.,2901,4,4,-79.99089923,40.40493936
1257,147569374,17005668,6,2016-12-29T16:55:00,2016-12-29,16:55:00,"900 Block Liberty Ave Pittsburgh, PA 15222",15222,N,Central Business District,2,RETAIL THEFT (SHOPLIFTING),3929 Retail Theft.,201,6,6,-79.99793652,40.44288811
1293,147334393,17003035,6,2017-01-05T20:30:00,2017-01-05,20:30:00,"5900 Block Centre Ave Pittsburgh, PA 15213",15213,N,Bloomfield,5,RETAIL THEFT (SHOPLIFTING),3929 Retail Theft.,804,8,2,-79.92740885,40.4591906
1304,147582923,17005737,6,2017-01-10T15:20:00,2017-01-10,15:20:00,"500 Block Grant St Pittsburgh, PA 15219",15219,N,Central Business District,2,RETAIL THEFT (SHOPLIFTING),3929 Retail Theft.,201,6,6,-79.99589389,40.43964625
1573,147578586,17005743,6,2017-01-10T15:30:00,2017-01-10,15:30:00,"800 Block Freeport Rd Pittsburgh, PA 15215",15215,Y,Lincoln-Lemington-Belmar,5,RETAIL THEFT (SHOPLIFTING),3929 Retail Theft. / 3925 Receiving Stolen Property.,1201,9,2,-79.89761421,40.48782354
1596,147591085,17005957,6,2017-01-10T21:18:00,2017-01-10,21:18:00,"900 Block Freeport Rd Pittsburgh, PA 15238",15238,N,Lincoln-Lemington-Belmar,5,RETAIL THEFT (SHOPLIFTING),3929 Retail Theft.,1201,9,2,-79.89431722,40.48808181
1871,147099158,17001463,6,2017-01-03T12:30:00,2017-01-03,12:30:00,"2900 Block Sheraden Blvd Pittsburgh, PA 15204",15204,N,Sheraden,6,RETAIL THEFT (SHOPLIFTING),3929 Retail Theft.,2018,2,5,-80.05405784,40.4533676
1910,146759082,16240573,6,2016-12-28T10:29:00,2016-12-28,10:29:00,"500 Block BROOKLINE Blvd Pittsburgh, PA 15226",15226,Y,Brookline,6,RETAIL THEFT (SHOPLIFTING),3929 Retail Theft.,1919,4,4,-80.02356666,40.39562764
1925,147568124,17005661,6,2017-01-09T14:50:00,2017-01-09,14:50:00,"900 Block Liberty Ave Pittsburgh, PA 15222",15222,N,Central Business District,2,RETAIL THEFT (SHOPLIFTING),3929 Retail Theft.,201,6,6,-79.99793652,40.44288811
1926,147569189,17005662,6,2017-01-09T15:55:00,2017-01-09,15:55:00,"900 Block Liberty Ave Pittsburgh, PA 15222",15222,N,Central Business District,2,RETAIL THEFT (SHOPLIFTING),3929 Retail Theft.,201,6,6,-79.99793652,40.44288811
2011,148362383,17013008,6,2017-01-21T19:50:00,2017-01-21,19:50:00,"4700 Block Centre Ave Pittsburgh, PA 15213",15213,N,Bloomfield,5,RETAIL THEFT (SHOPLIFTING),3929 Retail Theft.,804,8,2,-79.94927741,40.45255125
2034,147828133,17007766,6,2017-01-13T15:43:00,2017-01-13,15:43:00,"6100 Block Penn Ave Pittsburgh, PA 15206",15206,Y,East Liberty,5,RETAIL THEFT (SHOPLIFTING),3929 Retail Theft. / 3503.B1I DEF. TRESPASS ACTUAL COMMUNICATION,1115,9,2,-79.92378078,40.46070679
2118,148185466,17011230,6,2017-01-19T02:00:00,2017-01-19,02:00:00,"3400 Block Forbes Ave Pittsburgh, PA 15213",15213,N,Central Oakland,4,RETAIL THEFT (SHOPLIFTING),3929 Retail Theft.,405,3,3,-79.96089738,40.4384111
2170,148150470,17010751,6,2017-01-18T10:00:00,2017-01-18,10:00:00,"5500 Block Centre Ave Pittsburgh, PA 15232",15232,Y,Shadyside,4,RETAIL THEFT (SHOPLIFTING),3929 Retail Theft.,709,7,2,-79.93643514,40.45663345
2276,148461380,17014027,6,2017-01-23T14:00:00,2017-01-23,14:00:00,"6300 Block Shakespeare St Pittsburgh, PA 15206",15206,N,Shadyside,4,RETAIL THEFT (SHOPLIFTING),3929 Retail Theft.,708,8,2,-79.92146083,40.45888145
2306,148488536,17013942,6,2017-01-23T11:30:00,2017-01-23,11:30:00,"1900 Block Centre Ave Pittsburgh, PA 15219",15219,N,Middle Hill,2,RETAIL THEFT (SHOPLIFTING),3929 Retail Theft.,501,6,3,-79.98082794,40.44316841
2513,147948948,17009709,6,2017-01-16T18:05:00,2017-01-16,18:05:00,"1100 Block Brownsville Rd Pittsburgh, PA 15210",15210,Y,Carrick,3,RETAIL THEFT (SHOPLIFTING),3929 Retail Theft.,2902,4,4,-79.99089923,40.40493936
2664,-2761032072,17012762,6,2017-01-21T13:12:00,2017-01-21,13:12:00,"900 Block Freeport Rd Pittsburgh, PA 15238",15238,N,Lincoln-Lemington-Belmar,5,RETAIL THEFT (SHOPLIFTING),3929 Retail Theft.,1201,9,2,-79.89431722,40.48808181
2691,148373534,17013328,6,2017-01-22T09:35:00,2017-01-22,09:35:00,"1900 Block Centre Ave Pittsburgh, PA 15219",15219,N,Crawford-Roberts,2,RETAIL THEFT (SHOPLIFTING),3929 Retail Theft.,305,6,3,-79.98082794,40.44316841
3052,-2919000240,17007091,6,2017-01-12T15:30:00,2017-01-12,15:30:00,"500 Block Liberty Ave Pittsburgh, PA 15222",15222,N,Central Business District,2,RETAIL THEFT (SHOPLIFTING),3929 Retail Theft.,201,6,6,-80.00347705,40.44123457
3059,148357182,17012929,6,2017-01-21T17:10:00,2017-01-21,17:10:00,"3200 Block Brighton Rd Pittsburgh, PA 15212",15212,N,Marshall-Shadeland,1,RETAIL THEFT (SHOPLIFTING),3929 Retail Theft.,2715,1,1,-80.03076371,40.47563977
3100,148317967,17012282,6,2017-01-20T18:08:00,2017-01-20,18:08:00,"500 Block Liberty Ave Pittsburgh, PA 15222",15222,N,Central Business District,2,RETAIL THEFT (SHOPLIFTING),3929 Retail Theft.,201,6,6,-80.00347705,40.44123457
3102,148465914,17014068,6,2017-01-23T16:35:00,2017-01-23,16:35:00,"1900 Block Centre Ave Pittsburgh, PA 15219",15219,N,Crawford-Roberts,2,RETAIL THEFT (SHOPLIFTING),3929 Retail Theft.,305,6,3,-79.98082794,40.44316841
3119,-2862001359,17012473,6,2017-01-21T00:36:00,2017-01-21,00:36:00,"200 Block Atwood St Pittsburgh, PA 15213",15213,N,Central Oakland,4,RETAIL THEFT (SHOPLIFTING),3929 Retail Theft.,405,3,3,-79.95688887,40.44042041
3168,147738365,17006951,6,2017-01-12T11:40:00,2017-01-12,11:40:00,"200 Block 6th St Pittsburgh, PA 15222",15222,Y,Central Business District,2,RETAIL THEFT (SHOPLIFTING),3929 Retail Theft.,201,6,6,-80.00220679,40.44269983
3219,147863698,17008499,6,2017-01-14T16:15:00,2017-01-14,16:15:00,"500 Block East Ohio St Pittsburgh, PA 15212",15212,N,East Allegheny,1,RETAIL THEFT (SHOPLIFTING),3929 Retail Theft.,2304,1,1,-80.00057528,40.45353917
3269,148354364,17012865,6,2017-01-21T15:27:00,2017-01-21,15:27:00,"5500 Block Walnut St Pittsburgh, PA 15232",15232,N,Shadyside,4,RETAIL THEFT (SHOPLIFTING),3929 Retail Theft.,703,8,2,-79.9335939,40.45096608
3313,147866609,17008584,6,2017-01-14T19:01:00,2017-01-14,19:01:00,"1700 Block Murray Ave Pittsburgh, PA 15217",15217,N,Squirrel Hill South,4,RETAIL THEFT (SHOPLIFTING),3929 Retail Theft.,1413,5,3,-79.92305429,40.43802148
3356,148104347,17010735,6,2017-01-15T17:59:00,2017-01-15,17:59:00,"2300 Block Noblestown Rd Pittsburgh, PA 15205",15205,N,Oakwood,6,RETAIL THEFT (SHOPLIFTING),3929 Retail Theft.,2812,2,5,-80.05434944,40.42783233
3478,148305014,17012123,6,2017-01-20T13:34:00,2017-01-20,13:34:00,"2000 Block Wharton St Pittsburgh, PA 15203",15203,N,South Side Flats,3,RETAIL THEFT (SHOPLIFTING),3929 Retail Theft.,1702,3,4,-79.97681333,40.43002082
3573,148238244,17011436,6,2017-01-19T11:45:00,2017-01-19,11:45:00,"4700 Block Centre Ave Pittsburgh, PA 15213",15213,N,Bloomfield,5,RETAIL THEFT (SHOPLIFTING),3929 Retail Theft.,804,8,2,-79.94927741,40.45255125
3593,148102450,17010646,6,2017-01-18T06:30:00,2017-01-18,06:30:00,"200 Block 5th Ave Pittsburgh, PA 15222",15222,Y,Central Business District,2,RETAIL THEFT (SHOPLIFTING),3929 Retail Theft.,201,6,6,-80.00207379,40.44122843
1477,146860475,16240838,26,2016-12-28T19:26:00,2016-12-28,19:26:00,"Royal St & Bly St Pittsburgh, PA 15212",15212,Y,Spring Hill-City View,1,RETALIATION FOR PAST OFF ACTION,"4703 Operation of Vehicle without Official Certif. of Inspection / 1372 Unauthorized Transfer or Use of Registration. / 7122 Altered, Forged or Counterfeit Documents and Plates",2620,1,1,-79.99849635,40.46756724
2082,147905763,17009329,26,2017-01-16T01:37:00,2017-01-16,01:37:00,"1100 Block Spring Garden Ave Pittsburgh, PA 15212",15212,N,Spring Garden,1,RETALIATION FOR PAST OFF ACTION,4703 Operation of Vehicle without Official Certif. of Inspection / 4706 Prohib. on Expend. for Emission Insp Prog.. / 3809(a) Restriction on Alcoholic Beverages in Vehicle / 3301 Driving on Right Side of Roadway. / 3802(a)(1) DUI - General Impairment / 1371 Operation Following Suspension of Registration. / 3714 Careless Driving,2412,1,1,-79.99340774,40.45999674
3471,148353398,17012818,26,2017-01-21T15:28:00,2017-01-21,15:28:00,"1100 Block Chartiers Ave Pittsburgh, PA 15220",15220,Y,Elliott,6,RETALIATION FOR PAST OFF ACTION,"4703 Operation of Vehicle without Official Certif. of Inspection / 7122 Altered, Forged or Counterfeit Documents and Plates",2020,2,5,-80.0415121,40.44525269
81,146711495,16240262,6,2016-12-27T18:59:00,2016-12-27,18:59:00,"6200 Block Penn Ave Pittsburgh, PA 15206",15206,Y,East Liberty,5,RETSIL THEFT (SHOPLIFTING),"3929(a)(1) Retail Theft; takes possession of, carries away, or transfers displayed merchandise / 13(a)(32) Paraphernalia - Use or Possession",1115,8,2,-79.92271679,40.46059432
226,146974006,17000189,6,2017-01-01T05:41:00,2017-01-01,05:41:00,"20 Block Bailey Ave Pittsburgh, PA 15211",15211,Y,Central Business District,3,RETSIL THEFT (SHOPLIFTING),"3929(a)(1) Retail Theft; takes possession of, carries away, or transfers displayed merchandise / 2709(a) Harassment.",1807,3,4,-80.00446134,40.42704913
313,147406921,17003814,6,2017-01-07T06:29:00,2017-01-07,06:29:00,"2100 Block Centre Ave Pittsburgh, PA 15219",15219,N,Middle Hill,2,RETSIL THEFT (SHOPLIFTING),"3929(a)(1) Retail Theft; takes possession of, carries away, or transfers displayed merchandise",501,6,3,-79.9789234,40.44439518
478,146896905,16241299,6,2016-12-29T14:45:00,2016-12-29,14:45:00,"4200 Block Murray Ave Pittsburgh, PA 15217",15217,N,Greenfield,4,RETSIL THEFT (SHOPLIFTING),"3929(a)(1) Retail Theft; takes possession of, carries away, or transfers displayed merchandise",1517,5,3,-79.92873349,40.42318165
516,147199023,17002058,6,2017-01-04T11:22:00,2017-01-04,11:22:00,"300 Block Cedar Ave Pittsburgh, PA 15212",15212,Y,East Allegheny,1,RETSIL THEFT (SHOPLIFTING),"3929(a)(1) Retail Theft; takes possession of, carries away, or transfers displayed merchandise / 13(a)(32) Paraphernalia - Use or Possession",2304,1,1,-80.00084389,40.45089272
568,147431650,17004187,6,2017-01-07T22:39:00,2017-01-07,22:39:00,"600 Block Liberty Ave Pittsburgh, PA 15222",15222,Y,Central Business District,2,RETSIL THEFT (SHOPLIFTING),"3929(a)(1) Retail Theft; takes possession of, carries away, or transfers displayed merchandise",201,6,6,-80.00162045,40.44177298
731,147656334,17006363,6,2017-01-11T12:40:00,2017-01-11,12:40:00,"900 Block Liberty Ave Pittsburgh, PA 15222",15222,N,Central Business District,2,RETSIL THEFT (SHOPLIFTING),"3929(a)(1) Retail Theft; takes possession of, carries away, or transfers displayed merchandise",201,6,6,-79.99793652,40.44288811
732,147659652,17006367,6,2017-01-11T14:37:00,2017-01-11,14:37:00,"900 Block Liberty Ave Pittsburgh, PA 15222",15222,N,Central Business District,2,RETSIL THEFT (SHOPLIFTING),"3929(a)(1) Retail Theft; takes possession of, carries away, or transfers displayed merchandise",201,6,6,-79.99793652,40.44288811
760,147197872,17001991,6,2017-01-04T08:45:00,2017-01-04,08:45:00,"5500 Block Centre Ave Pittsburgh, PA 15232",15232,Y,Shadyside,4,RETSIL THEFT (SHOPLIFTING),"3929(a)(1) Retail Theft; takes possession of, carries away, or transfers displayed merchandise",709,7,2,-79.93643514,40.45663345
901,146692364,16240131,6,2016-12-27T15:03:00,2016-12-27,15:03:00,"400 Block Cinema Dr Pittsburgh, PA 15203",15203,N,South Side Flats,3,RETSIL THEFT (SHOPLIFTING),"3929(a)(1) Retail Theft; takes possession of, carries away, or transfers displayed merchandise",1609,3,4,-79.96485641,40.42819933
1008,146611651,16239564,6,2016-12-26T12:58:00,2016-12-26,12:58:00,"900 Block Liberty Ave Pittsburgh, PA 15222",15222,N,Central Business District,2,RETSIL THEFT (SHOPLIFTING),"3929(a)(1) Retail Theft; takes possession of, carries away, or transfers displayed merchandise",201,6,6,-79.99793652,40.44288811
1107,146806133,16241010,6,2016-12-28T20:58:00,2016-12-28,20:58:00,"1700 Block Murray Ave Pittsburgh, PA 15217",15217,N,Squirrel Hill South,4,RETSIL THEFT (SHOPLIFTING),"3929(a)(1) Retail Theft; takes possession of, carries away, or transfers displayed merchandise",1413,5,3,-79.92305429,40.43802148
1456,147417046,17003897,6,2017-01-07T11:02:00,2017-01-07,11:02:00,"2900 Block Sheraden Blvd Pittsburgh, PA 15204",15204,N,Sheraden,6,RETSIL THEFT (SHOPLIFTING),"3929(a)(1) Retail Theft; takes possession of, carries away, or transfers displayed merchandise",2018,2,5,-80.05405784,40.4533676
1488,147653311,17006333,6,2017-01-11T14:11:00,2017-01-11,14:11:00,"1900 Block Centre Ave Pittsburgh, PA 15219",15219,N,Central Business District,2,RETSIL THEFT (SHOPLIFTING),"3929(a)(1) Retail Theft; takes possession of, carries away, or transfers displayed merchandise",201,6,3,-79.98082794,40.44316841
1820,147252386,17000189,6,2017-01-01T05:41:00,2017-01-01,05:41:00,"600 Block 1st Ave Pittsburgh, PA 15219",15219,Y,Central Business District,3,RETSIL THEFT (SHOPLIFTING),"3929(a)(1) Retail Theft; takes possession of, carries away, or transfers displayed merchandise / 2709(a) Harassment.",1807,6,6,-79.99630099,40.43469659
1899,147205944,17002108,6,2017-01-04T12:48:00,2017-01-04,12:48:00,"5500 Block Centre Ave Pittsburgh, PA 15232",15232,Y,Shadyside,4,RETSIL THEFT (SHOPLIFTING),"3929(a)(1) Retail Theft; takes possession of, carries away, or transfers displayed merchandise",709,7,2,-79.93643514,40.45663345
2013,148371601,17012890,6,2017-01-21T16:50:00,2017-01-21,16:50:00,"6200 Block Penn Ave Pittsburgh, PA 15206",15206,Y,East Liberty,5,RETSIL THEFT (SHOPLIFTING),"3929(a)(1) Retail Theft; takes possession of, carries away, or transfers displayed merchandise",1115,8,2,-79.92271679,40.46059432
2081,147902609,17009279,6,2017-01-16T00:38:00,2017-01-16,00:38:00,"600 Block Liberty Ave Pittsburgh, PA 15222",15222,Y,Central Business District,2,RETSIL THEFT (SHOPLIFTING),"3929(a)(1) Retail Theft; takes possession of, carries away, or transfers displayed merchandise / 5505 Public Drunkenness / 5503(a)(1) DISORDERLY CONDUCT - ENGAGE IN FIGHTING",201,6,6,-80.00162045,40.44177298
2135,147868323,17008612,6,2017-01-14T19:10:00,2017-01-14,19:10:00,"2300 Block Noblestown Rd Pittsburgh, PA 15205",15205,N,Oakwood,6,RETSIL THEFT (SHOPLIFTING),"3929(a)(1) Retail Theft; takes possession of, carries away, or transfers displayed merchandise",2812,2,5,-80.05434944,40.42783233
2204,148359724,17012946,6,2017-01-21T17:35:00,2017-01-21,17:35:00,"2300 Block Noblestown Rd Pittsburgh, PA 15205",15205,N,Oakwood,6,RETSIL THEFT (SHOPLIFTING),"3929(a)(1) Retail Theft; takes possession of, carries away, or transfers displayed merchandise",2812,2,5,-80.05434944,40.42783233
2350,148001900,17010025,6,2017-01-09T08:30:00,2017-01-09,08:30:00,"100 Block 35th St Pittsburgh, PA 15201",15201,N,Lower Lawrenceville,2,RETSIL THEFT (SHOPLIFTING),"3929(a)(1) Retail Theft; takes possession of, carries away, or transfers displayed merchandise",603,7,2,-79.96873152,40.4649108
2547,148074455,17010597,6,2017-01-18T03:00:00,2017-01-18,03:00:00,"100 Block S 18th St Pittsburgh, PA 15203",15203,N,South Side Flats,3,RETSIL THEFT (SHOPLIFTING),"3929(a)(1) Retail Theft; takes possession of, carries away, or transfers displayed merchandise",1702,3,4,-79.98083281,40.42813128
2560,148350247,17012708,6,2017-01-21T11:25:00,2017-01-21,11:25:00,"400 Block 56th St Pittsburgh, PA 15201",15201,Y,Upper Lawrenceville,2,RETSIL THEFT (SHOPLIFTING),"3929(a)(1) Retail Theft; takes possession of, carries away, or transfers displayed merchandise",1011,7,2,-79.94809658,40.48435375
2585,148314592,17012137,6,2017-01-20T16:02:00,2017-01-20,16:02:00,"2000 Block Wharton St Pittsburgh, PA 15203",15203,Y,South Side Flats,3,RETSIL THEFT (SHOPLIFTING),"3929(a)(1) Retail Theft; takes possession of, carries away, or transfers displayed merchandise",1702,3,4,-79.97681333,40.43002082
2698,147732057,17006944,6,2017-01-10T14:52:00,2017-01-10,14:52:00,"900 Block Liberty Ave Pittsburgh, PA 15222",15222,N,Central Business District,2,RETSIL THEFT (SHOPLIFTING),"3929(a)(1) Retail Theft; takes possession of, carries away, or transfers displayed merchandise",201,6,6,-79.99793652,40.44288811
2741,147921919,17007261,6,2017-01-12T11:30:00,2017-01-12,11:30:00,"800 Block Freeport Rd Pittsburgh, PA 15238",15238,Y,Lincoln-Lemington-Belmar,5,RETSIL THEFT (SHOPLIFTING),"3929(a)(1) Retail Theft; takes possession of, carries away, or transfers displayed merchandise",1201,,,-79.8536974,40.49830236
2841,147953311,17009738,6,2017-01-16T19:08:00,2017-01-16,19:08:00,"100 Block Washington Pl Pittsburgh, PA 15219",15219,Y,Central Business District,2,RETSIL THEFT (SHOPLIFTING),"3929(a)(1) Retail Theft; takes possession of, carries away, or transfers displayed merchandise",201,6,6,-79.99195588,40.44096339
3217,147862557,17008472,6,2017-01-14T14:00:00,2017-01-14,14:00:00,"200 Block 5th Ave Pittsburgh, PA 15222",15222,N,Central Business District,2,RETSIL THEFT (SHOPLIFTING),"3929(a)(1) Retail Theft; takes possession of, carries away, or transfers displayed merchandise",201,6,6,-80.00207379,40.44122843
3256,148307079,17012154,6,2017-01-20T15:29:00,2017-01-20,15:29:00,"600 Block East Ohio St Pittsburgh, PA 15212",15212,N,East Allegheny,1,RETSIL THEFT (SHOPLIFTING),"3929(a)(1) Retail Theft; takes possession of, carries away, or transfers displayed merchandise",2304,1,1,-79.99897476,40.45396982
3361,148184707,17011215,6,2017-01-19T00:15:00,2017-01-19,00:15:00,"1700 Block Murray Ave Pittsburgh, PA 15217",15217,N,Squirrel Hill South,4,RETSIL THEFT (SHOPLIFTING),"3929(a)(1) Retail Theft; takes possession of, carries away, or transfers displayed merchandise",1413,5,3,-79.92305429,40.43802148
44,146709744,16240270,3,2016-12-27T19:13:00,2016-12-27,19:13:00,"3200 Block Brighton Rd Pittsburgh, PA 15212",15212,N,Marshall-Shadeland,1,ROBBERY,3701 Robbery.,2715,1,1,-80.03076371,40.47563977
78,146917964,16242009,3,2016-12-30T18:47:00,2016-12-30,18:47:00,"1800 Block Centre Ave Pittsburgh, PA 15219",15219,N,Crawford-Roberts,2,ROBBERY,3701 Robbery.,305,6,3,-79.98289274,40.44191944
159,146864489,16241392,3,2016-12-29T17:40:00,2016-12-29,17:40:00,"Hodge St Pittsburgh, PA 15213",15213,Y,South Oakland,4,ROBBERY,3701 Robbery. / 3502 Burglary.,409,3,3,-79.95906774,40.43206743
178,146638411,16239819,3,2016-12-26T22:30:00,2016-12-26,22:30:00,"4800 Block Centre Ave Pittsburgh, PA 15213",15213,N,Bloomfield,5,ROBBERY,3701 Robbery.,804,8,2,-79.94729183,40.45324831
211,146663735,16239997,3,2016-12-27T11:12:00,2016-12-27,11:12:00,"3100 Block Banksville Rd Pittsburgh, PA 15216",15216,Y,Banksville,6,ROBBERY,3701 Robbery.,2023,2,5,-80.04332551,40.39978888
223,146961920,17000267,3,2017-01-01T10:44:00,2017-01-01,10:44:00,"2100 Block Rhine St Pittsburgh, PA 15212",15212,N,Spring Hill-City View,1,ROBBERY,3701 Robbery.,2620,1,1,-79.99367687,40.46661676
316,146962318,17000291,3,2017-01-01T11:37:00,2017-01-01,11:37:00,"200 Block S Millvale Ave Pittsburgh, PA 15224",15224,Y,Bloomfield,5,ROBBERY,3701 Robbery. / 2709(a) Harassment.,809,7,2,-79.94571905,40.46485546
2047,147872597,17008705,3,2017-01-14T23:56:00,2017-01-14,23:56:00,"400 Block Cedar Ave Pittsburgh, PA 15212",15212,N,East Allegheny,1,ROBBERY,3701 Robbery.,2304,1,1,-80.00076377,40.45182616
402,147387911,17003609,3,2017-01-06T20:21:00,2017-01-06,20:21:00,"1800 Block E Carson St Pittsburgh, PA 15203",15203,N,South Side Flats,3,ROBBERY,3701 Robbery.,1702,3,4,-79.9802658,40.42847887
403,147388666,17003623,3,2017-01-06T20:45:00,2017-01-06,20:45:00,"20 Block Cowan St Pittsburgh, PA 15211",15211,N,Mount Washington,3,ROBBERY,3701 Robbery.,1914,2,5,-80.00908105,40.42744285
415,147400569,17003721,3,2017-01-06T23:50:00,2017-01-06,23:50:00,"4300 Block Butler St Pittsburgh, PA 15201",15201,N,Central Lawrenceville,2,ROBBERY,3701 Robbery.,901,7,2,-79.96004252,40.47057751
423,147456836,17004814,3,2017-01-09T00:54:00,2017-01-09,00:54:00,"200 Block Charles St Pittsburgh, PA 15210",15210,N,Knoxville,3,ROBBERY,3701 Robbery.,3001,3,4,-79.99074239,40.41645511
494,146963880,17000373,3,2017-01-01T14:03:00,2017-01-01,14:03:00,"600 Block N Beatty St Pittsburgh, PA 15206",15206,N,East Liberty,5,ROBBERY,3701 Robbery.,1113,9,2,-79.92366172,40.46744272
520,147071100,17001224,3,2017-01-03T01:40:00,2017-01-03,01:40:00,"900 Block Liberty Ave Pittsburgh, PA 15222",15222,N,Central Business District,2,ROBBERY,3701 Robbery. / 9498 302 (Mental),201,6,6,-79.99793652,40.44288811
564,146633417,16239744,3,2016-12-26T19:27:00,2016-12-26,19:27:00,"Ahlers Way & Vinial St Pittsburgh, PA 15212",15212,N,East Allegheny,1,ROBBERY,3701 Robbery.,2304,1,1,-79.99426953,40.45804431
575,147389204,17003617,3,2017-01-06T20:45:00,2017-01-06,20:45:00,"6900 Block Frankstown Ave Pittsburgh, PA 15208",15208,N,Homewood West,5,ROBBERY,3701 Robbery.,1207,9,2,-79.90425142,40.45803936
594,147496843,17005118,3,2017-01-08T17:40:00,2017-01-08,17:40:00,"100 Block Art Rooney Ave Pittsburgh, PA 15212",15212,N,North Shore,1,ROBBERY,3701 Robbery.,2205,1,6,-80.01631623,40.44631465
623,147508536,17005225,3,2017-01-09T18:30:00,2017-01-09,18:30:00,"5500 Block Centre Ave Pittsburgh, PA 15232",15232,N,Shadyside,4,ROBBERY,3701 Robbery.,709,7,2,-79.93643514,40.45663345
640,147519578,17005450,3,2017-01-10T04:40:00,2017-01-10,04:40:00,"300 Block E Warrington Ave Pittsburgh, PA 15210",15210,N,Beltzhoover,3,ROBBERY,3701 Robbery.,1809,3,4,-80.00231633,40.42092606
755,147600475,17006009,3,2017-01-10T23:14:00,2017-01-10,23:14:00,"700 Block Excelsior St Pittsburgh, PA 15210",15210,Y,Allentown,3,ROBBERY,3701 Robbery. / 2701 Simple Assault.,1803,3,4,-79.99577535,40.422704
771,147676365,17006517,3,2017-01-11T18:21:00,2017-01-11,18:21:00,"1300 Block Grotto St Pittsburgh, PA 15206",15206,N,Lincoln-Lemington-Belmar,5,ROBBERY,3701 Robbery.,1202,9,2,-79.89636874,40.46610942
793,147309723,17002803,3,2017-01-05T10:35:00,2017-01-05,10:35:00,"4700 Block Monongahela St Pittsburgh, PA 15207",15207,N,Hazelwood,4,ROBBERY,3701 Robbery.,1501,5,3,-79.94380912,40.41347961
824,146710637,16240237,3,2016-12-27T18:13:00,2016-12-27,18:13:00,"2000 Block Wharton St Pittsburgh, PA 15203",15203,N,South Side Flats,3,ROBBERY,3701 Robbery.,1702,3,4,-79.97681333,40.43002082
852,147693595,17006645,3,2017-01-11T22:23:00,2017-01-11,22:23:00,"4800 Block Centre Ave Pittsburgh, PA 15213",15213,N,Bloomfield,5,ROBBERY,3701 Robbery.,804,8,2,-79.94729183,40.45324831
884,147677646,17006503,3,2017-01-11T18:09:00,2017-01-11,18:09:00,"200 Block Atwood St Pittsburgh, PA 15213",15213,N,Central Oakland,4,ROBBERY,3701 Robbery.,405,3,3,-79.95688887,40.44042041
894,147456812,17004761,3,2017-01-08T22:38:00,2017-01-08,22:38:00,"Leolyn St & South Way Pittsburgh, PA 15210",15210,Y,Carrick,3,ROBBERY,3701 Robbery. / 5104 Resisting Arrest or Other Law Enforcement. / 2706 Terroristic Threats. / 5506 Loitering and Prowling at Night / 5121 Escape. / 6110.1 Possesion of Firearm by Minor,2902,4,4,-79.98649245,40.39983888
917,-2799006873,17004373,3,2017-01-08T05:08:00,2017-01-08,05:08:00,"900 Block Lilac St Pittsburgh, PA 15217",15217,N,Greenfield,4,ROBBERY,3701 Robbery.,1517,5,3,-79.93283783,40.42474452
1011,146630999,16239702,3,2016-12-26T17:45:00,2016-12-26,17:45:00,"Madison Ave & Suismon St Pittsburgh, PA 15212",15212,Y,East Allegheny,1,ROBBERY,3701 Robbery.,2304,1,1,-79.9973514,40.4557589
1050,146847253,16239997,3,2016-12-27T11:12:00,2016-12-27,11:12:00,"3100 Block Banksville Rd Pittsburgh, PA 15216",15216,Y,Banksville,6,ROBBERY,3701 Robbery.,2023,2,5,-80.04332551,40.39978888
1120,-3011000477,17003697,3,2017-01-07T00:29:00,2017-01-07,00:29:00,"5000 Block Blair St Pittsburgh, PA 15207",15207,N,Hazelwood,4,ROBBERY,3701 Robbery.,1501,5,3,-79.94705461,40.40783861
1309,147587062,17005860,3,2017-01-10T18:18:00,2017-01-10,18:18:00,"4200 Block Butler St Pittsburgh, PA 15201",15201,N,Central Lawrenceville,2,ROBBERY,3701 Robbery.,901,7,2,-79.96052108,40.47023327
1369,147369090,16224579,3,2017-01-06T13:24:00,2017-01-06,13:24:00,"Market St Pittsburgh, PA 15222",15222,Y,Brighton Heights,2,ROBBERY,3701 Robbery. / 4106 Access Device Fraud,201,6,6,-80.00456711,40.43785026
1430,147481707,17004998,3,2017-01-09T10:21:00,2017-01-09,10:21:00,"7800 Block Formosa Way Pittsburgh, PA 15221",15221,N,Homewood South,5,ROBBERY,3701 Robbery.,1304,9,2,-79.88733134,40.45276138
1486,147651872,17006288,3,2017-01-10T16:01:00,2017-01-10,16:01:00,"6th St & Liberty Ave Pittsburgh, PA 15222",15222,N,Central Business District,2,ROBBERY,3701 Robbery.,201,6,6,-80.0017944,40.44192378
1528,147430412,17004206,3,2017-01-07T22:45:00,2017-01-07,22:45:00,"10 Block Curtin Ave Pittsburgh, PA 15210",15210,N,Beltzhoover,3,ROBBERY,3701 Robbery.,1809,3,4,-79.99866833,40.42057426
1540,147413742,17000291,3,2017-01-01T11:37:00,2017-01-01,11:37:00,"200 Block S Millvale Ave Pittsburgh, PA 15224",15224,Y,Bloomfield,5,ROBBERY,3701 Robbery. / 2709(a) Harassment.,809,7,2,-79.94571905,40.46485546
1581,147583659,17005780,3,2017-01-10T16:15:00,2017-01-10,16:15:00,"Stafford St & Hammond St Pittsburgh, PA 15204",15204,Y,Sheraden,6,ROBBERY,3701 Robbery. / 4101 Forgery. / 3922 Theft by Deception.,2018,2,5,-80.04971671,40.45595973
1597,147591279,17005990,3,2017-01-10T22:05:00,2017-01-10,22:05:00,"Zara St & Grimes Ave Pittsburgh, PA 15210",15210,N,Knoxville,3,ROBBERY,3701 Robbery.,3001,3,4,-79.99305441,40.41578061
1609,146850737,16241403,3,2016-12-29T18:03:00,2016-12-29,18:03:00,"2200 Block Arlington Ave Pittsburgh, PA 15210",15210,N,Arlington,3,ROBBERY,3701 Robbery.,1603,3,4,-79.97587461,40.41683701
1664,146794329,16240889,3,2016-12-28T19:55:00,2016-12-28,19:55:00,"300 Block Curtin Ave Pittsburgh, PA 15210",15210,N,Beltzhoover,3,ROBBERY,3701 Robbery.,1809,3,4,-79.99894306,40.41996997
1683,146806441,16241013,3,2016-12-29T01:51:00,2016-12-29,01:51:00,"Allen St & Industry St Pittsburgh, PA 15210",15210,N,Allentown,3,ROBBERY,3701 Robbery.,1803,3,4,-79.99371481,40.42081336
1691,146637688,16239776,3,2016-12-26T16:30:00,2016-12-26,16:30:00,"300 Block Cedar Ave Pittsburgh, PA 15212",15212,N,East Allegheny,1,ROBBERY,3701 Robbery. / 903 Criminal Conspiracy.,2304,1,1,-80.00084389,40.45089272
1708,146951298,17000021,3,2017-01-01T00:25:00,2017-01-01,00:25:00,"700 Block N Lang Ave Pittsburgh, PA 15208",15208,N,Homewood South,5,ROBBERY,3701 Robbery.,1303,9,2,-79.89918166,40.45603415
1759,146778411,16240744,3,2016-12-28T16:17:00,2016-12-28,16:17:00,"300 Block Aidyl Ave Pittsburgh, PA 15226",15226,N,Brookline,6,ROBBERY,3701 Robbery.,1919,4,4,-80.02755636,40.39531671
1791,146954485,17000098,3,2017-01-01T02:09:00,2017-01-01,02:09:00,"2600 Block Centre Ave Pittsburgh, PA 15219",15219,N,Terrace Village,2,ROBBERY,3701 Robbery.,510,6,3,-79.96841687,40.446533
1813,147033925,17000863,3,2016-12-30T17:05:00,2016-12-30,17:05:00,"500 Block East Ohio St Pittsburgh, PA 15212",15212,N,East Allegheny,1,ROBBERY,3701 Robbery.,2304,1,1,-80.00057528,40.45353917
1851,147153520,17001806,3,2017-01-03T22:35:00,2017-01-03,22:35:00,"Brownsville Rd & Nobles Ln Pittsburgh, PA 15210",15210,N,Carrick,3,ROBBERY,3701 Robbery.,2901,4,4,-79.99011266,40.40383745
1863,147344451,17003109,3,2017-01-06T00:10:00,2017-01-06,00:10:00,"7100 Block Everton St Pittsburgh, PA 15206",15206,N,Lincoln-Lemington-Belmar,5,ROBBERY,3701 Robbery.,1202,9,2,-79.89240698,40.46288431
1883,-2946010308,17003041,3,2017-01-05T20:53:00,2017-01-05,20:53:00,"Belasco Ave & Broadway Ave Pittsburgh, PA 15216",15216,N,Beechview,6,ROBBERY,3701 Robbery.,1920,4,5,-80.02697927,40.40711594
1894,147087885,17001357,3,2017-01-03T07:58:00,2017-01-03,07:58:00,"800 Block Excelsior St Pittsburgh, PA 15210",15210,N,Allentown,3,ROBBERY,3701 Robbery. / 3502 Burglary. / 3304 Criminal Mischief.,1803,3,4,-79.99373614,40.42273366
1903,147042783,17000923,3,2017-01-02T14:53:00,2017-01-02,14:53:00,"1200 Block Sandusky St N Pittsburgh, PA 15212",15212,N,Central North Side,1,ROBBERY,3701 Robbery.,2206,1,1,-80.00462594,40.45630478
1921,147092466,17001236,3,2017-01-03T10:00:00,2017-01-03,10:00:00,"2200 Block Arlington Ave Pittsburgh, PA 15210",15210,N,Arlington,3,ROBBERY,3701 Robbery. / 2702 Aggravated Assault. / 2701 Simple Assault.,1603,3,4,-79.97587461,40.41683701
1953,147090676,16241392,3,2016-12-29T17:40:00,2016-12-29,17:40:00,"Hodge St Pittsburgh, PA 15213",15213,Y,South Oakland,4,ROBBERY,3701 Robbery. / 3502 Burglary. / 903 Criminal Conspiracy. / 903 Criminal Conspiracy.,409,3,3,-79.95906774,40.43206743
1958,147618823,17005711,3,2017-01-10T14:48:00,2017-01-10,14:48:00,"7th St & Liberty Ave Pittsburgh, PA 15222",15222,N,Central Business District,2,ROBBERY,3701 Robbery.,201,6,6,-79.99989057,40.44243728
1966,147408765,17003819,3,2017-01-07T07:00:00,2017-01-07,07:00:00,"3800 Block Perrysville Ave Pittsburgh, PA 15214",15214,N,Perry North,1,ROBBERY,3701 Robbery. / 2702 Aggravated Assault.,2607,1,1,-80.01602089,40.48755132
1986,147499319,17005098,3,2016-12-31T01:00:00,2016-12-31,01:00:00,"Oakwood St & Hamilton Ave Pittsburgh, PA 15221",15221,N,Homewood South,5,ROBBERY,3701 Robbery.,1304,9,2,-79.88474294,40.45172025
2018,147896576,17009159,3,2017-01-15T18:30:00,2017-01-15,18:30:00,"1400 Block 5th Ave Pittsburgh, PA 15219",15219,N,Bluff,2,ROBBERY,3701 Robbery.,103,6,3,-79.98631004,40.43836994
2089,-2962002041,17009698,3,2017-01-16T19:45:00,2017-01-16,19:45:00,"2100 Block Perrysville Ave Pittsburgh, PA 15214",15214,Y,Perry South,1,ROBBERY,3701 Robbery. / 2701 Simple Assault.,2614,6,1,-80.01223966,40.46362898
2137,147896099,17009140,3,2017-01-15T17:40:00,2017-01-15,17:40:00,"300 Block Moore Ave Pittsburgh, PA 15210",15210,N,Knoxville,3,ROBBERY,3701 Robbery.,3001,3,4,-79.99300674,40.41135213
2177,147959727,17009698,3,2017-01-16T19:45:00,2017-01-16,19:45:00,"2100 Block Perrysville Ave Pittsburgh, PA 15214",15214,Y,Perry South,1,ROBBERY,3701 Robbery. / 2701 Simple Assault. / 903 Criminal Conspiracy.,2614,6,1,-80.01223966,40.46362898
2234,148071953,17010497,3,2017-01-17T22:50:00,2017-01-17,22:50:00,"200 Block Moore Ave Pittsburgh, PA 15210",15210,N,Knoxville,3,ROBBERY,3701 Robbery.,3001,3,4,-79.99039074,40.41133669
2273,148398257,17013559,3,2017-01-22T17:35:00,2017-01-22,17:35:00,"900 Block Chartiers Ave Pittsburgh, PA 15220",15220,N,Elliott,6,ROBBERY,3701 Robbery. / 2702 Aggravated Assault.,2020,2,5,-80.0396829,40.44346978
2382,147865757,17008347,3,2017-01-14T17:46:00,2017-01-14,17:46:00,"Chatham Sq & Watson St Pittsburgh, PA 15219",15219,N,Bluff,2,ROBBERY,3701 Robbery.,103,6,3,-79.99098782,40.43836444
2400,147900055,17009251,3,2017-01-15T22:05:00,2017-01-15,22:05:00,"16th St Brg Pittsburgh, PA 15222",15222,N,Central Business District,2,ROBBERY,3701 Robbery.,201,,,0,0
2435,147790321,17007474,3,2017-01-13T06:23:00,2017-01-13,06:23:00,"1100 Block N Euclid Ave Pittsburgh, PA 15206",15206,N,Highland Park,5,ROBBERY,3701 Robbery. / 2702 Aggravated Assault. / 2705 Recklessly Endangering Another Person.,1102,7,2,-79.9207137,40.47413622
2444,147834304,16156959,3,2017-01-13T18:25:00,2017-01-13,18:25:00,"1000 Block Norwich Ave Pittsburgh, PA 15226",15226,Y,Brookline,6,ROBBERY,3701 Robbery. / 13(a)(32) Paraphernalia - Use or Possession,1918,4,4,-80.02086926,40.38834085
2466,147906627,17009388,3,2017-01-16T05:06:00,2017-01-16,05:06:00,"Jackson St & Stanton Ave Pittsburgh, PA 15206",15206,N,Highland Park,5,ROBBERY,3701 Robbery. / 2702 Aggravated Assault. / 2705 Recklessly Endangering Another Person.,1102,,,0,0
2477,147856218,17008222,3,2017-01-14T09:18:00,2017-01-14,09:18:00,"300 Block Cedar Ave Pittsburgh, PA 15212",15212,N,East Allegheny,1,ROBBERY,3701 Robbery. / 2702 Aggravated Assault. / 2705 Recklessly Endangering Another Person.,2304,1,1,-80.00084389,40.45089272
2500,147860221,17008366,3,2017-01-14T12:08:00,2017-01-14,12:08:00,"500 Block Brownsville Rd Pittsburgh, PA 15210",15210,N,Knoxville,3,ROBBERY,3701 Robbery.,3001,3,4,-79.98984514,40.41195772
2502,147885396,17008853,3,2017-01-15T05:32:00,2017-01-15,05:32:00,"4600 Block Browns Hill Rd Pittsburgh, PA 15217",15217,N,Squirrel Hill South,4,ROBBERY,3701 Robbery. / 2705 Recklessly Endangering Another Person.,1414,5,3,-79.9249411,40.41559424
2522,147893922,17009052,3,2017-01-15T15:22:00,2017-01-15,15:22:00,"1100 Block Brookline Blvd Pittsburgh, PA 15226",15226,N,Brookline,6,ROBBERY,3701 Robbery. / 901 Criminal Attempt,1919,4,4,-80.01537871,40.39157987
2542,148283751,17011828,3,2017-01-20T00:36:00,2017-01-20,00:36:00,"1500 Block Rockland Ave Pittsburgh, PA 15216",15216,N,Beechview,6,ROBBERY,3701 Robbery. / 3502 Burglary. / 2705 Recklessly Endangering Another Person.,1916,4,5,-80.0203645,40.41203023
2562,148353977,17012819,3,2017-01-21T12:00:00,2017-01-21,12:00:00,"38th St & Liberty Ave Pittsburgh, PA 15201",15201,N,Lower Lawrenceville,2,ROBBERY,3701 Robbery. / 2702 Aggravated Assault.,603,7,2,-79.96081168,40.46222436
2706,148476103,17014225,3,2017-01-23T21:11:00,2017-01-23,21:11:00,"7100 Block Everton St Pittsburgh, PA 15206",15206,N,Lincoln-Lemington-Belmar,5,ROBBERY,"3701 Robbery. / 2701(a)(1) Simple Assault - Intent., Know., Reckless.Cause Bod. Injury",1202,9,2,-79.89240698,40.46288431
2861,-2761031887,17009020,3,2017-01-15T14:13:00,2017-01-15,14:13:00,"300 Block N Aiken Ave Pittsburgh, PA 15206",15206,N,Garfield,5,ROBBERY,3701 Robbery.,1017,9,2,-79.93477076,40.46706954
2887,148165047,17010958,3,2017-01-18T17:45:00,2017-01-18,17:45:00,"40 Block Gist St Pittsburgh, PA 15219",15219,N,Bluff,2,ROBBERY,3701 Robbery. / 2903 False Imprisonment. / 903 Criminal Conspiracy.,103,6,3,-79.97973916,40.43627881
2929,147889511,17009009,3,2017-01-15T13:30:00,2017-01-15,13:30:00,"700 Block Hazelwood Ave Pittsburgh, PA 15217",15217,N,Hazelwood,4,ROBBERY,3701 Robbery. / 3934 Theft from Vehicle,1515,5,3,-79.93304793,40.41974508
2941,147771007,17005780,3,2017-01-10T16:15:00,2017-01-10,16:15:00,"Stafford St & Hammond St Pittsburgh, PA 15204",15204,Y,Sheraden,6,ROBBERY,3701 Robbery. / 4101 Forgery. / 3922 Theft by Deception.,2018,2,5,-80.04971671,40.45595973
3026,148332942,17012474,3,2017-01-21T00:45:00,2017-01-21,00:45:00,"Arlington Ave & E Amanda Ave Pittsburgh, PA 15210",15210,Y,South Side Slopes,3,ROBBERY,3701 Robbery. / 3925 Receiving Stolen Property. / 13(a)(16) Possession of Controlled Substance / 5505 Public Drunkenness / 5123 Contraband.,1706,,,-79.98818275,40.41850978
3148,148389088,17013259,3,2017-01-22T04:00:00,2017-01-22,04:00:00,"100 Block Finley St Pittsburgh, PA 15206",15206,Y,Larimer,5,ROBBERY,3701 Robbery. / 3502 Burglary.,1208,9,2,-79.90982726,40.45915201
3042,148369408,17013242,3,2017-01-22T03:11:00,2017-01-22,03:11:00,"300 Block Atwood St Pittsburgh, PA 15213",15213,Y,Central Oakland,4,ROBBERY,3701 Robbery. / 5505 Public Drunkenness / 5121 Escape.,405,3,3,-79.95594514,40.43951759
3120,148332705,17012520,3,2017-01-21T01:45:00,2017-01-21,01:45:00,"900 Block Liberty Ave Pittsburgh, PA 15222",15222,N,Central Business District,2,ROBBERY,"3701 Robbery. / 2709(a)(1) Harassment by Physical Contact, or Attempts or Threats",201,6,6,-79.99793652,40.44288811
3142,148367034,17013087,3,2017-01-21T22:57:00,2017-01-21,22:57:00,"5000 Block Glenwood Ave Pittsburgh, PA 15207",15207,N,Hazelwood,4,ROBBERY,3701 Robbery.,1515,5,3,-79.940323,40.4092963
3279,147872332,17008686,3,2017-01-14T22:50:00,2017-01-14,22:50:00,"5th Ave & Stevenson St Pittsburgh, PA 15219",15219,N,Bluff,2,ROBBERY,"3701 Robbery. / 2701(a)(1) Simple Assault - Intent., Know., Reckless.Cause Bod. Injury",103,6,3,-79.98646238,40.43860726
3334,147960608,17009815,3,2017-01-16T22:06:00,2017-01-16,22:06:00,"200 Block Moore Ave Pittsburgh, PA 15210",15210,N,Knoxville,3,ROBBERY,3701 Robbery.,3001,3,4,-79.99039074,40.41133669
3429,148307004,17012162,3,2017-01-20T10:10:00,2017-01-20,10:10:00,"600 Block N.Homewood Ave Pittsburgh, PA 15208",15208,N,Homewood South,5,ROBBERY,3701 Robbery.,1303,9,2,-79.89745173,40.45461601
3461,148311248,17012254,3,2017-01-19T22:50:00,2017-01-19,22:50:00,"Forbes Ave & Chatham Sq Pittsburgh, PA 15219",15219,N,Bluff,2,ROBBERY,3701 Robbery. / 2701 Simple Assault.,103,6,6,-79.99103808,40.4379303
3473,148357384,17012896,3,2017-01-21T18:00:00,2017-01-21,18:00:00,"Hall St & Mitchell St Pittsburgh, PA 15212",15212,Y,Marshall-Shadeland,1,ROBBERY,3701 Robbery. / 3921 Theft by Unlawful Taking or Disposition. / 3925 Receiving Stolen Property. / 13(a)(32) Paraphernalia - Use or Possession / 903 Criminal Conspiracy.,2715,1,1,-80.02878902,40.47632934
3480,148365086,17013089,3,2017-01-21T23:05:00,2017-01-21,23:05:00,"Coral St & S Negley Ave Pittsburgh, PA 15206",15206,Y,Friendship,5,ROBBERY,3701 Robbery. / 903 Criminal Conspiracy.,807,7,2,-79.93162512,40.4619537
3481,148367617,17013130,3,2017-01-22T00:25:00,2017-01-22,00:25:00,"300 Block Path Way Pittsburgh, PA 15207",15207,N,Hazelwood,4,ROBBERY,3701 Robbery.,1501,5,3,-79.94727872,40.40680878
3512,148372059,17013259,3,2017-01-22T04:00:00,2017-01-22,04:00:00,"100 Block Finley St Pittsburgh, PA 15206",15206,Y,Larimer,5,ROBBERY,3701 Robbery. / 3502 Burglary.,1208,9,2,-79.90982726,40.45915201
3514,148374719,17013323,3,2017-01-22T09:33:00,2017-01-22,09:33:00,"8100 Block Conemaugh St Pittsburgh, PA 15221",15221,N,East Hills,5,ROBBERY,3701 Robbery. / 2709(a) Harassment.,1306,9,2,-79.88305013,40.4547744
3530,148405887,17013785,3,2017-01-23T03:58:00,2017-01-23,03:58:00,"900 Block E Carson St Pittsburgh, PA 15203",15203,N,South Side Flats,3,ROBBERY,3701 Robbery. / 2706 Terroristic Threats.,1702,3,4,-79.98976989,40.42861965
3560,148560016,17014799,3,2017-01-24T20:22:00,2017-01-24,20:22:00,"Gertrude St & E Elizabeth St Pittsburgh, PA 15207",15207,N,Hazelwood,4,ROBBERY,3701 Robbery. / 3702 Robbery of Motor Vehicle.,1515,5,3,-79.94161511,40.40737235
333,147210462,17002035,3,2017-01-04T10:30:00,2017-01-04,10:30:00,"200 Block Flowers Ave Pittsburgh, PA 15207",15207,Y,Bluff,4,ROBBERY OF MOTOR VEHICLE,3702 Robbery of Motor Vehicle. / 2705 Recklessly Endangering Another Person. / 2701 Simple Assault. / 4304(a)(1) Endangering Welfare of Children.,1515,5,3,-79.94224835,40.41039025
1731,146727865,16240409,3,2016-12-28T00:50:00,2016-12-28,00:50:00,"1600 Block Arlington Ave Pittsburgh, PA 15210",15210,N,South Side Slopes,3,ROBBERY OF MOTOR VEHICLE,3702 Robbery of Motor Vehicle.,1706,,,-79.98819735,40.41845183
1979,147359297,17002035,3,2017-01-04T10:30:00,2017-01-04,10:30:00,"900 Block Second Ave Pittsburgh, PA 15219",15219,Y,Bluff,4,ROBBERY OF MOTOR VEHICLE,3702 Robbery of Motor Vehicle. / 2705 Recklessly Endangering Another Person. / 2701 Simple Assault. / 4304(a)(1) Endangering Welfare of Children.,1515,6,3,-79.99307769,40.4350955
2822,147836418,17007864,3,2017-01-13T18:07:00,2017-01-13,18:07:00,"300 Block N Fairmount St Pittsburgh, PA 15206",15206,N,Garfield,5,ROBBERY OF MOTOR VEHICLE,3702 Robbery of Motor Vehicle.,1114,9,2,-79.93100498,40.46643112
3395,148072748,17010522,3,2017-01-18T00:05:00,2017-01-18,00:05:00,"Harriet St & S Atlantic Ave Pittsburgh, PA 15224",15224,N,Bloomfield,5,ROBBERY OF MOTOR VEHICLE,3702 Robbery of Motor Vehicle.,806,7,2,-79.93927186,40.45968597
26,147451313,17004678,29,2017-01-08T19:04:00,2017-01-08,19:04:00,"100 Block Rhine Pl Pittsburgh, PA 15212",15212,N,Spring Hill-City View,1,RUNAWAYS - JUVENILE,029 Missing Juvenile,2620,1,1,-79.99409859,40.4667862
61,146832614,16241282,29,2016-12-29T14:00:00,2016-12-29,14:00:00,"1200 Block Sheffield St Pittsburgh, PA 15233",15233,N,Manchester,1,RUNAWAYS - JUVENILE,029 Missing Juvenile,2107,6,1,-80.02279197,40.45389165
66,146639178,16239866,29,2016-12-27T01:30:00,2016-12-27,01:30:00,"300 Block Dunlap St Pittsburgh, PA 15214",15214,N,Perry North,1,RUNAWAYS - JUVENILE,029 Missing Juvenile,2607,1,1,-80.01319,40.48644251
85,146715354,16240359,29,2016-12-27T22:30:00,2016-12-27,22:30:00,"200 Block Ridge Ave Pittsburgh, PA 15212",15212,N,Allegheny Center,1,RUNAWAYS - JUVENILE,029 Missing Juvenile,2204,1,1,-80.0087389,40.45204221
173,146632657,16239733,29,2016-12-26T19:15:00,2016-12-26,19:15:00,"2000 Block Termon Ave Pittsburgh, PA 15212",15212,N,Brighton Heights,1,RUNAWAYS - JUVENILE,029 Missing Juvenile,2701,1,1,-80.04453301,40.48287902
187,-2907012738,16242147,29,2016-12-31T00:50:00,2016-12-31,00:50:00,"600 Block Johnston Ave Pittsburgh, PA 15207",15207,N,Glen Hazel,4,RUNAWAYS - JUVENILE,029 Missing Juvenile,1504,5,3,-79.93493858,40.40482294
190,146931520,16240338,29,2016-12-31T12:51:00,2016-12-31,12:51:00,"600 Block Wood St Pittsburgh, PA 15222",15222,N,Brighton Heights,2,RUNAWAYS - JUVENILE,029 Missing Juvenile,201,6,6,-79.99942351,40.44209205
228,147147829,17001835,29,2017-01-04T00:24:00,2017-01-04,00:24:00,"40 Block Amanda Ave Pittsburgh, PA 15210",15210,N,Knoxville,3,RUNAWAYS - JUVENILE,029 Missing Juvenile,3001,3,4,-79.98821581,40.41665749
381,-2782003428,17004475,29,2017-01-08T23:00:00,2017-01-08,23:00:00,"200 Block Ridge Ave Pittsburgh, PA 15212",15212,N,Allegheny Center,1,RUNAWAYS - JUVENILE,029 Missing Juvenile,2204,1,1,-80.0087389,40.45204221
284,147159957,17001922,29,2017-01-04T04:30:00,2017-01-04,04:30:00,"2000 Block Termon Ave Pittsburgh, PA 15212",15212,N,Brighton Heights,1,RUNAWAYS - JUVENILE,029 Missing Juvenile,2701,1,1,-80.04453301,40.48287902
382,-2782003440,17004473,29,2017-01-08T23:00:00,2017-01-08,23:00:00,"200 Block Ridge Ave Pittsburgh, PA 15212",15212,N,Allegheny Center,1,RUNAWAYS - JUVENILE,029 Missing Juvenile,2204,1,1,-80.0087389,40.45204221
454,146942927,16242456,29,2016-12-31T16:15:00,2016-12-31,16:15:00,"30 Block Almeda St Pittsburgh, PA 15207",15207,N,Hazelwood,4,RUNAWAYS - JUVENILE,029 Missing Juvenile,1515,5,3,-79.94055761,40.40302252
458,147688016,17006589,29,2017-01-11T20:15:00,2017-01-11,20:15:00,"800 Block Eureka St Pittsburgh, PA 15210",15210,Y,Allentown,3,RUNAWAYS - JUVENILE,029 Missing Juvenile,1803,3,4,-79.99369305,40.42362201
474,147515237,17005349,29,2017-01-09T23:00:00,2017-01-09,23:00:00,"200 Block Ridge Ave Pittsburgh, PA 15212",15212,N,Allegheny Center,1,RUNAWAYS - JUVENILE,029 Missing Juvenile,2204,1,1,-80.0087389,40.45204221
475,147515712,17005353,29,2017-01-09T23:00:00,2017-01-09,23:00:00,"200 Block Ridge Ave Pittsburgh, PA 15212",15212,N,Allegheny Center,1,RUNAWAYS - JUVENILE,029 Missing Juvenile,2204,1,1,-80.0087389,40.45204221
636,147507906,17005260,29,2017-01-09T19:15:00,2017-01-09,19:15:00,"900 Block rothpletz St Pittsburgh, PA 15212",15212,N,Marshall-Shadeland,1,RUNAWAYS - JUVENILE,029 Missing Juvenile,2715,1,1,-80.02333376,40.47646277
783,146638239,16239827,29,2016-12-26T22:55:00,2016-12-26,22:55:00,"5100 Block Lougean Ave Pittsburgh, PA 15207",15207,N,Lincoln Place,4,RUNAWAYS - JUVENILE,029 Missing Juvenile,3102,5,3,-79.91643178,40.37450205
925,146853799,16241439,29,2016-12-29T19:25:00,2016-12-29,19:25:00,"300 Block S Negley Ave Pittsburgh, PA 15206",15206,N,Friendship,5,RUNAWAYS - JUVENILE,029 Missing Juvenile,807,7,2,-79.93276665,40.4606234
952,146720195,16240411,29,2016-12-28T01:11:00,2016-12-28,01:11:00,"2900 Block Sacramento Ave Pittsburgh, PA 15204",15204,N,Sheraden,6,RUNAWAYS - JUVENILE,029 Missing Juvenile,2018,2,5,-80.04890307,40.45653526
986,147330161,17002956,29,2017-01-05T08:30:00,2017-01-05,08:30:00,"2000 Block Termon Ave Pittsburgh, PA 15212",15212,N,Brighton Heights,1,RUNAWAYS - JUVENILE,029 Missing Juvenile,2701,1,1,-80.04453301,40.48287902
1068,147254510,17002522,29,2017-01-05T01:35:00,2017-01-05,01:35:00,"300 Block N Evaline St Pittsburgh, PA 15224",15224,N,Garfield,5,RUNAWAYS - JUVENILE,029 Missing Juvenile,1017,9,2,-79.94087819,40.46624893
1079,146718652,16240396,29,2016-12-28T00:17:00,2016-12-28,00:17:00,"200 Block Ridge Ave Pittsburgh, PA 15212",15212,N,Allegheny Center,1,RUNAWAYS - JUVENILE,029 Missing Juvenile,2204,1,1,-80.0087389,40.45204221
1141,147429503,17004175,29,2017-01-07T21:58:00,2017-01-07,21:58:00,"500 Block Hammond St Pittsburgh, PA 15204",15204,N,Sheraden,6,RUNAWAYS - JUVENILE,029 Missing Juvenile,2018,2,5,-80.05129974,40.45519267
1158,146980893,17000616,29,2017-01-01T23:45:00,2017-01-01,23:45:00,"5100 Block Blair St Pittsburgh, PA 15207",15207,N,Hazelwood,4,RUNAWAYS - JUVENILE,029 Missing Juvenile,1501,5,3,-79.94650857,40.4065005
1187,147490746,17005038,29,2017-01-09T13:00:00,2017-01-09,13:00:00,"100 Block Churchill St Pittsburgh, PA 15136",15136,N,Outside City,OSC,RUNAWAYS - JUVENILE,029 Missing Juvenile,5599,,,-80.06226506,40.47234389
1196,147031127,17000883,29,2017-01-02T13:31:00,2017-01-02,13:31:00,"100 Block Knox Ave Pittsburgh, PA 15210",15210,N,Knoxville,3,RUNAWAYS - JUVENILE,029 Missing Juvenile,3001,3,4,-79.99064494,40.41555294
1198,147037344,17000898,29,2017-01-02T14:00:00,2017-01-02,14:00:00,"600 Block S Main St Pittsburgh, PA 15220",15220,N,West End,6,RUNAWAYS - JUVENILE,029 Missing Juvenile,2019,2,5,-80.03585366,40.44077194
1212,147127951,17001665,29,2017-01-03T17:55:00,2017-01-03,17:55:00,"300 Block Cedar Ave Pittsburgh, PA 15212",15212,Y,East Allegheny,1,RUNAWAYS - JUVENILE,029 Missing Juvenile,2304,1,1,-80.00084389,40.45089272
1214,147147684,17001834,29,2017-01-03T23:30:00,2017-01-03,23:30:00,"Sharon St Pittsburgh, PA 15210",15210,N,South Side Slopes,3,RUNAWAYS - JUVENILE,029 Missing Juvenile,1706,3,4,-79.98775744,40.42169325
1215,147153632,17001872,29,2017-01-04T01:30:00,2017-01-04,01:30:00,"1400 Block Washington Blvd Pittsburgh, PA 15206",15206,Y,Highland Park,5,RUNAWAYS - JUVENILE,029 Missing Juvenile / 9501 Bench Warrant,1106,9,2,-79.90854001,40.47045991
1217,147503034,17005206,29,2017-01-09T17:40:00,2017-01-09,17:40:00,"2000 Block Termon Ave Pittsburgh, PA 15212",15212,N,Brighton Heights,1,RUNAWAYS - JUVENILE,029 Missing Juvenile,2701,1,1,-80.04453301,40.48287902
1325,146950614,17000079,29,2017-01-01T01:45:00,2017-01-01,01:45:00,"200 Block Ridge Ave Pittsburgh, PA 15212",15212,N,Allegheny Center,1,RUNAWAYS - JUVENILE,029 Missing Juvenile,2204,1,1,-80.0087389,40.45204221
1339,147386449,17003568,29,2017-01-06T19:30:00,2017-01-06,19:30:00,"1000 Block Goehring St Pittsburgh, PA 15212",15212,N,East Allegheny,1,RUNAWAYS - JUVENILE,029 Missing Juvenile,2304,1,1,-79.99497006,40.46014347
1349,147596239,17006012,29,2017-01-10T23:16:00,2017-01-10,23:16:00,"200 Block Ridge Ave Pittsburgh, PA 15212",15212,N,Allegheny Center,1,RUNAWAYS - JUVENILE,029 Missing Juvenile,2204,1,1,-80.0087389,40.45204221
1365,147057151,17001114,29,2016-12-26T22:30:00,2016-12-26,22:30:00,"6900 Block Chaucer St Pittsburgh, PA 15208",15208,N,Homewood West,5,RUNAWAYS - JUVENILE,029 Missing Juvenile,1207,9,2,-79.90057853,40.46404145
1635,-2912000219,16237872,29,2016-12-26T19:00:00,2016-12-26,19:00:00,"600 Block Chautauqua St Pittsburgh, PA 15214",15214,N,Perry South,1,RUNAWAYS - JUVENILE,029 Missing Juvenile,2614,6,1,-80.01674321,40.46459311
1677,146824635,16241153,29,2016-12-29T10:30:00,2016-12-29,10:30:00,"2700 Block Stafford St Pittsburgh, PA 15204",15204,N,Sheraden,6,RUNAWAYS - JUVENILE,029 Missing Juvenile,2018,2,5,-80.04814348,40.45454117
1728,146714909,16240338,29,2016-12-27T21:43:00,2016-12-27,21:43:00,"700 Block Woods Run Ave Pittsburgh, PA 15212",15212,N,Brighton Heights,2,RUNAWAYS - JUVENILE,029 Missing Juvenile,201,1,1,-80.02589939,40.48350238
1909,147115585,17001576,29,2017-01-03T15:30:00,2017-01-03,15:30:00,"Reed St & Dinwiddie St Pittsburgh, PA 15219",15219,N,Crawford-Roberts,2,RUNAWAYS - JUVENILE,029 Missing Juvenile,305,6,3,-79.98055688,40.44132175
2051,147895438,17009161,29,2017-01-15T18:30:00,2017-01-15,18:30:00,"2200 Block Gershon St Pittsburgh, PA 15212",15212,N,Spring Hill-City View,1,RUNAWAYS - JUVENILE,029 Missing Juvenile,2620,1,1,-79.99890594,40.46727458
2110,148177006,17011123,29,2017-01-18T22:15:00,2017-01-18,22:15:00,"1500 Block Cumberland St Pittsburgh, PA 15205",15205,N,Crafton Heights,6,RUNAWAYS - JUVENILE,029 Missing Juvenile,2815,2,5,-80.05848901,40.43948059
2150,148311804,17012260,29,2017-01-20T17:14:00,2017-01-20,17:14:00,"1100 Block Allegheny Ave Pittsburgh, PA 15233",15233,N,Manchester,1,RUNAWAYS - JUVENILE,029 Missing Juvenile,2107,1,1,-80.01933837,40.45325272
2154,147774354,17007211,29,2017-01-12T18:44:00,2017-01-12,18:44:00,"1200 Block Woodland Ave Pittsburgh, PA 15212",15212,N,Marshall-Shadeland,1,RUNAWAYS - JUVENILE,029 Missing Juvenile,2715,1,1,-80.02750701,40.46973165
2290,148233978,17011439,29,2017-01-19T12:13:00,2017-01-19,12:13:00,"Grant St & Forbes Ave Pittsburgh, PA 15219",15219,N,Central Business District,2,RUNAWAYS - JUVENILE,029 Missing Juvenile,201,6,6,-79.99726704,40.43869007
2396,147856268,17008295,29,2017-01-14T10:23:00,2017-01-14,10:23:00,"2000 Block Termon Ave Pittsburgh, PA 15212",15212,N,Brighton Heights,1,RUNAWAYS - JUVENILE,029 Missing Juvenile,2701,1,1,-80.04453301,40.48287902
2455,148272226,17011650,29,2017-01-19T18:25:00,2017-01-19,18:25:00,"2200 Block Wilner Dr Pittsburgh, PA 15221",15221,N,East Hills,5,RUNAWAYS - JUVENILE,029 Missing Juvenile,1306,9,2,-79.86682966,40.45338758
2593,148261083,17011548,29,2017-01-19T15:00:00,2017-01-19,15:00:00,"1600 Block Concordia St Pittsburgh, PA 15210",15210,N,Carrick,3,RUNAWAYS - JUVENILE,029 Missing Juvenile,2902,4,4,-79.98749358,40.39962998
2600,148389188,17013474,29,2017-01-22T14:30:00,2017-01-22,14:30:00,"1000 Block Stoneville St Pittsburgh, PA 15221",15221,N,Homewood North,5,RUNAWAYS - JUVENILE,029 Missing Juvenile,1301,9,2,-79.87969002,40.45673063
2615,148269729,17011626,29,2017-01-17T15:05:00,2017-01-17,15:05:00,"100 Block Watson Blvd Pittsburgh, PA 15214",15214,N,Perry North,1,RUNAWAYS - JUVENILE,029 Missing Juvenile,2607,1,1,-80.0100996,40.4803515
2697,148383651,17013443,29,2017-01-22T14:00:00,2017-01-22,14:00:00,"6500 Block Rowan St Pittsburgh, PA 15206",15206,N,Lincoln-Lemington-Belmar,5,RUNAWAYS - JUVENILE,029 Missing Juvenile,1203,9,2,-79.9068427,40.46665034
2708,148065032,17010424,29,2017-01-17T20:45:00,2017-01-17,20:45:00,"300 Block Fram St Pittsburgh, PA 15221",15221,N,Homewood South,5,RUNAWAYS - JUVENILE,029 Missing Juvenile,1304,9,2,-79.88873889,40.45123698
2715,-2863021701,17013530,29,2017-01-22T16:43:00,2017-01-22,16:43:00,"1500 Block Summerdale St Pittsburgh, PA 15204",15204,N,Windgap,6,RUNAWAYS - JUVENILE,029 Missing Juvenile,2807,2,5,-80.07320202,40.45642727
2780,147805478,17007575,29,2017-01-13T09:50:00,2017-01-13,09:50:00,"1100 Block Morrison St Pittsburgh, PA 15212",15212,N,California-Kirkbride,1,RUNAWAYS - JUVENILE,029 Missing Juvenile,2507,6,1,-80.02322327,40.46027837
2867,147775374,17007269,29,2017-01-12T20:21:00,2017-01-12,20:21:00,"100 Block Watson Blvd Pittsburgh, PA 15214",15214,N,Perry North,1,RUNAWAYS - JUVENILE,029 Missing Juvenile,2607,1,1,-80.0100996,40.4803515
2952,147963501,17009835,29,2017-01-16T21:05:00,2017-01-16,21:05:00,"400 Block Winton St Pittsburgh, PA 15211",15211,N,Mount Washington,3,RUNAWAYS - JUVENILE,029 Missing Juvenile,1807,3,4,-80.00066557,40.42294434
3047,148326052,17012353,29,2017-01-20T21:13:00,2017-01-20,21:13:00,"Sharon St Pittsburgh, PA 15210",15210,N,South Side Slopes,3,RUNAWAYS - JUVENILE,029 Missing Juvenile,1706,3,4,-79.98775744,40.42169325
3308,147860353,17008402,29,2017-01-14T13:15:00,2017-01-14,13:15:00,"5900 Block Walnut St Pittsburgh, PA 15232",15232,N,Shadyside,4,RUNAWAYS - JUVENILE,029 Missing Juvenile,705,8,2,-79.92703674,40.45339697
3312,147859616,17008373,29,2017-01-14T13:00:00,2017-01-14,13:00:00,"1000 Block Stoneville St Pittsburgh, PA 15221",15221,N,Homewood North,5,RUNAWAYS - JUVENILE,029 Missing Juvenile,1301,9,2,-79.87969002,40.45673063
3327,148307707,17012202,29,2017-01-20T11:00:00,2017-01-20,11:00:00,"6200 Block Carver St Pittsburgh, PA 15206",15206,N,Larimer,5,RUNAWAYS - JUVENILE,029 Missing Juvenile,1208,9,2,-79.91297029,40.46283832
3342,147831716,17007748,29,2017-01-13T17:30:00,2017-01-13,17:30:00,"200 Block Rochelle St Pittsburgh, PA 15210",15210,N,Knoxville,3,RUNAWAYS - JUVENILE,029 Missing Juvenile,3001,3,4,-79.99062279,40.41505082
3364,147893919,17009074,29,2017-01-15T16:18:00,2017-01-15,16:18:00,"1900 Block Remington Dr Pittsburgh, PA 15221",15221,N,East Hills,5,RUNAWAYS - JUVENILE,029 Missing Juvenile,1306,9,2,-79.86898641,40.44950773
3437,148332547,17012422,29,2017-01-20T22:45:00,2017-01-20,22:45:00,"200 Block Ridge Ave Pittsburgh, PA 15212",15212,N,Allegheny Center,1,RUNAWAYS - JUVENILE,029 Missing Juvenile,2204,1,1,-80.0087389,40.45204221
3503,148370585,17013284,29,2017-01-22T06:16:00,2017-01-22,06:16:00,"1100 Block Allegheny Ave Pittsburgh, PA 15233",15233,N,Manchester,1,RUNAWAYS - JUVENILE,029 Missing Juvenile,2107,1,1,-80.01933837,40.45325272
3506,148390345,17013475,29,2017-01-21T14:00:00,2017-01-21,14:00:00,"700 Block N Lang Ave Pittsburgh, PA 15208",15208,N,Homewood South,5,RUNAWAYS - JUVENILE,029 Missing Juvenile,1303,9,2,-79.89918166,40.45603415
3527,148045385,17010236,29,2017-01-17T15:45:00,2017-01-17,15:45:00,"2000 Block Termon Ave Pittsburgh, PA 15212",15212,N,Brighton Heights,1,RUNAWAYS - JUVENILE,029 Missing Juvenile,2701,1,1,-80.04453301,40.48287902
3563,148470933,17014141,29,2017-01-23T17:10:00,2017-01-23,17:10:00,"900 Block Mina St Pittsburgh, PA 15212",15212,N,Spring Hill-City View,1,RUNAWAYS - JUVENILE,029 Missing Juvenile,2620,1,1,-79.99918422,40.46894945
3570,148102064,17010673,29,2017-01-18T07:39:00,2017-01-18,07:39:00,"1800 Block Cliff St Pittsburgh, PA 15219",15219,N,Crawford-Roberts,2,RUNAWAYS - JUVENILE,029 Missing Juvenile,305,6,3,-79.98515106,40.4461901
2299,-2652013262,17014732,17,2017-01-24T18:10:00,2017-01-24,18:10:00,Zone 4,one 4,N,,4,SEXUAL ABUSE OF CHILDREN,6312 Sexual Abuse of Children.,,,,,
714,147589937,17005895,2,2017-01-10T19:29:00,2017-01-10,19:29:00,Zone 5,one 5,N,,5,SEXUAL ASSAULT,3124.1 Sexual Assault,,,,,
756,147601402,17006055,2,2017-01-10T21:00:00,2017-01-10,21:00:00,Zone 2,one 2,N,,2,SEXUAL ASSAULT,3124.1 Sexual Assault,,,,,
933,147682152,17006595,2,2017-01-04T15:00:00,2017-01-04,15:00:00,Zone 1,one 1,N,,1,SEXUAL ASSAULT,3124.1 Sexual Assault,,,,,
1161,147024324,17000827,2,2017-01-02T11:40:00,2017-01-02,11:40:00,Zone 1,one 1,Y,,1,SEXUAL ASSAULT,3124.1 Sexual Assault,,,,,
1279,147189243,17002048,2,2017-01-01T12:00:00,2017-01-01,12:00:00,Zone 1,one 1,N,,1,SEXUAL ASSAULT,3124.1 Sexual Assault,,,,,
1726,146666851,16240058,2,2016-12-27T12:00:00,2016-12-27,12:00:00,Zone 6,one 6,N,,6,SEXUAL ASSAULT,3124.1 Sexual Assault,,,,,
2354,147843259,17008083,2,2017-01-13T21:30:00,2017-01-13,21:30:00,Zone 4,one 4,N,,4,SEXUAL ASSAULT,3124.1 Sexual Assault,,,,,
3236,147863688,17008521,2,2017-01-12T15:00:00,2017-01-12,15:00:00,Zone 5,one 5,N,,5,SEXUAL ASSAULT,3124.1 Sexual Assault,,,,,
3542,148467130,17014081,2,2016-12-31T23:59:00,2016-12-31,23:59:00,Zone 3,one 3,N,,3,SEXUAL ASSAULT,3124.1 Sexual Assault,,,,,
31,147344400,17003138,10,2017-01-06T01:41:00,2017-01-06,01:41:00,"100 Block Poplargrove St Pittsburgh, PA 15210",15210,Y,Central Business District,2,SIMPLE ASSAULT,2701 Simple Assault. / 3304 Criminal Mischief.,201,4,4,-79.98642069,40.39612055
36,147400503,17003650,10,2017-01-06T22:55:00,2017-01-06,22:55:00,"400 Block Charles St Pittsburgh, PA 15210",15210,Y,Knoxville,3,SIMPLE ASSAULT,2701(a)(3) Simple Assault - Attempts by Physical Menace ,3001,3,4,-79.99530309,40.41629159
56,146808441,16241014,10,2016-12-29T01:00:00,2016-12-29,01:00:00,"3000 Block Glen Mawr St Pittsburgh, PA 15204",15204,Y,Sheraden,6,SIMPLE ASSAULT,2701 Simple Assault.,2018,2,5,-80.05268816,40.45677446
71,146595982,16239418,10,2016-12-26T03:09:00,2016-12-26,03:09:00,"6500 Block Rowan St Pittsburgh, PA 15206",15206,Y,Lincoln-Lemington-Belmar,5,SIMPLE ASSAULT,2701 Simple Assault.,1203,9,2,-79.9068427,40.46665034
72,146844323,16241308,10,2016-12-29T15:47:00,2016-12-29,15:47:00,"200 Block Dinwiddie St Pittsburgh, PA 15219",15219,Y,Crawford-Roberts,2,SIMPLE ASSAULT,2705 Recklessly Endangering Another Person. / 2701 Simple Assault.,305,6,3,-79.98046032,40.43913488
87,146747504,16240550,10,2016-12-28T09:43:00,2016-12-28,09:43:00,"900 Block E Carson St Pittsburgh, PA 15203",15203,Y,South Side Flats,3,SIMPLE ASSAULT,"2701(a)(1) Simple Assault - Intent., Know., Reckless.Cause Bod. Injury",1702,3,4,-79.98976989,40.42861965
90,146781135,16240815,10,2016-12-28T17:46:00,2016-12-28,17:46:00,"2300 Block Pioneer Ave Pittsburgh, PA 15226",15226,Y,Brookline,6,SIMPLE ASSAULT,2701 Simple Assault.,1919,4,4,-80.02035721,40.40003652
94,146636956,16239721,10,2016-12-26T19:04:00,2016-12-26,19:04:00,"4200 Block Bruce St Pittsburgh, PA 15201",15201,Y,Central Lawrenceville,2,SIMPLE ASSAULT,2701 Simple Assault.,902,7,2,-79.95716513,40.46809787
100,146926911,16242262,10,2016-12-31T06:12:00,2016-12-31,06:12:00,"500 Block Arlington Ave Pittsburgh, PA 15203",15203,Y,Bluff,3,SIMPLE ASSAULT,2701 Simple Assault. / 4106 Access Device Fraud,1803,3,4,-79.99516976,40.42747837
123,146807576,16240993,10,2016-12-29T01:09:00,2016-12-29,01:09:00,"700 Block Bellaire Ave Pittsburgh, PA 15226",15226,Y,Brookline,6,SIMPLE ASSAULT,2701 Simple Assault.,1919,4,4,-80.02082595,40.39529548
142,146955090,17000162,10,2017-01-01T04:15:00,2017-01-01,04:15:00,"200 Block Stanwix St Pittsburgh, PA 15222",15222,Y,Central Business District,2,SIMPLE ASSAULT,2701 Simple Assault.,201,6,6,-80.00480682,40.43979444
146,146968353,17000035,10,2017-01-01T00:52:00,2017-01-01,00:52:00,"Art Rooney Ave & North Shore Dr Pittsburgh, PA 15212",15212,Y,North Shore,1,SIMPLE ASSAULT,2701 Simple Assault.,2205,1,6,-80.01355472,40.44529938
153,146870883,16241612,10,2016-12-30T02:30:00,2016-12-30,02:30:00,"Friendship Ave & Carroll St Pittsburgh, PA 15224",15224,Y,Bloomfield,5,SIMPLE ASSAULT,2701 Simple Assault.,903,7,2,-79.95134502,40.46524628
176,146637118,16239778,10,2016-12-26T20:55:00,2016-12-26,20:55:00,"10 Block Augustine St Pittsburgh, PA 15207",15207,N,Greenfield,4,SIMPLE ASSAULT,2706 Terroristic Threats. / 2701 Simple Assault.,1516,5,3,-79.94683263,40.42242803
184,146952892,17000091,10,2017-01-01T02:05:00,2017-01-01,02:05:00,"1400 Block E Carson St Pittsburgh, PA 15203",15203,Y,South Side Flats,3,SIMPLE ASSAULT,5104 Resisting Arrest or Other Law Enforcement. / 2701 Simple Assault. / 5505 Public Drunkenness / 3503.B1I DEF. TRESPASS ACTUAL COMMUNICATION,1702,3,4,-79.98403098,40.42864859
195,146951624,17000060,10,2017-01-01T01:27:00,2017-01-01,01:27:00,"Ohio River Blvd & Ohio River Blvd Ramp Pittsburgh, PA 15233",15233,Y,Chateau,1,SIMPLE ASSAULT,2701 Simple Assault. / 2705 Recklessly Endangering Another Person. / 1311 Registration Card to be Signed and Exhibited on Demand. / 3736 Reckless Driving / 1785 Proof of Financial Responsibility Following Accident.,2108,6,1,-80.03136857,40.46159821
201,147056825,17001121,10,2017-01-02T20:40:00,2017-01-02,20:40:00,"300 Block Zara St Pittsburgh, PA 15210",15210,N,Knoxville,3,SIMPLE ASSAULT,"2701(a)(1) Simple Assault - Intent., Know., Reckless.Cause Bod. Injury",3001,3,4,-79.9931133,40.41572406
221,146957148,17000196,10,2017-01-01T06:15:00,2017-01-01,06:15:00,"1200 Block Benton Ave Pittsburgh, PA 15212",15212,Y,Brighton Heights,1,SIMPLE ASSAULT,2701 Simple Assault.,2708,1,1,-80.03342486,40.48611747
261,147055005,17001119,10,2017-01-02T20:30:00,2017-01-02,20:30:00,"300 Block Zara St Pittsburgh, PA 15210",15210,N,Knoxville,3,SIMPLE ASSAULT,2701 Simple Assault. / 3304 Criminal Mischief.,3001,3,4,-79.9931133,40.41572406
263,147294244,16241182,10,2016-12-29T11:00:00,2016-12-29,11:00:00,"600 Block 1st Ave Pittsburgh, PA 15219",15219,Y,Bloomfield,2,SIMPLE ASSAULT,2701 Simple Assault.,201,6,6,-79.99630099,40.43469659
268,147345908,17003145,10,2017-01-06T01:10:00,2017-01-06,01:10:00,"1100 Block Province St Pittsburgh, PA 15212",15212,Y,Troy Hill,1,SIMPLE ASSAULT,2709(a) Harassment. / 2701(a)(3) Simple Assault - Attempts by Physical Menace ,2406,1,1,-79.9903291,40.45759593
278,146920487,16242014,10,2016-12-30T19:00:00,2016-12-30,19:00:00,"2900 Block Glen Mawr St Pittsburgh, PA 15204",15204,Y,Sheraden,6,SIMPLE ASSAULT,2701 Simple Assault.,2018,2,5,-80.05123152,40.45523243
311,147387237,17003562,10,2017-01-06T18:55:00,2017-01-06,18:55:00,"30 Block Overlook St Pittsburgh, PA 15214",15214,Y,Perry South,1,SIMPLE ASSAULT,"2701(a)(1) Simple Assault - Intent., Know., Reckless.Cause Bod. Injury",2614,6,1,-80.01594622,40.4619735
337,147422527,17004019,10,2017-01-07T16:09:00,2017-01-07,16:09:00,"400 Block Moore Ave Pittsburgh, PA 15210",15210,N,Knoxville,3,SIMPLE ASSAULT,2701(a)(3) Simple Assault - Attempts by Physical Menace ,3001,3,4,-79.99514948,40.41199808
386,147125053,17001680,10,2017-01-03T18:24:00,2017-01-03,18:24:00,"2200 Block Lutz Ave Pittsburgh, PA 15210",15210,Y,Carrick,3,SIMPLE ASSAULT,2701 Simple Assault.,2902,4,4,-79.98542216,40.3913222
393,-2839000445,17002038,4,2017-01-04T10:43:00,2017-01-04,10:43:00,"6400 Block Clifford St Pittsburgh, PA 15206",15206,N,Lincoln-Lemington-Belmar,5,SIMPLE ASSAULT,2707.1 Discharge of a Firearm into Occupied Structure / 3304 Criminal Mischief.,1203,9,2,-79.90678177,40.47028665
421,147431206,17004112,10,2017-01-07T19:07:00,2017-01-07,19:07:00,"2600 Block Salisbury St Pittsburgh, PA 15210",15210,Y,South Side Slopes,3,SIMPLE ASSAULT,2701 Simple Assault.,1608,3,4,-79.97104147,40.4183524
432,-2761031732,16241182,10,2016-12-29T11:00:00,2016-12-29,11:00:00,"5100 Block Baum Blvd Pittsburgh, PA 15224",15224,Y,Bloomfield,2,SIMPLE ASSAULT,2701 Simple Assault.,201,7,2,-79.94294344,40.45570974
479,146941635,16242472,10,2016-12-31T16:01:00,2016-12-31,16:01:00,"50 Block Haberman Ave Pittsburgh, PA 15211",15211,Y,Mount Washington,3,SIMPLE ASSAULT,2701 Simple Assault.,1807,3,5,-80.00295794,40.42532602
486,146959015,17000217,10,2017-01-01T07:45:00,2017-01-01,07:45:00,"3500 Block Fleming Ave Pittsburgh, PA 15212",15212,Y,Brighton Heights,1,SIMPLE ASSAULT,2701 Simple Assault.,2703,1,1,-80.03847454,40.47858752
495,147016186,17000790,4,2017-01-02T10:34:00,2017-01-02,10:34:00,"500 Block N Aiken Ave Pittsburgh, PA 15224",15224,N,Garfield,5,SIMPLE ASSAULT,2707.1 Discharge of a Firearm into Occupied Structure,1016,8,2,-79.93860414,40.4556433
501,147061290,17001176,10,2017-01-02T22:51:00,2017-01-02,22:51:00,"600 Block Georgia Ave Pittsburgh, PA 15210",15210,N,Knoxville,3,SIMPLE ASSAULT,2701(a)(3) Simple Assault - Attempts by Physical Menace ,3001,3,4,-79.99470833,40.41103264
508,146988460,17000625,10,2017-01-01T23:53:00,2017-01-01,23:53:00,"2500 Block Wedgemere Ave Pittsburgh, PA 15226",15226,Y,Brookline,6,SIMPLE ASSAULT,2701 Simple Assault.,1919,4,4,-80.02113483,40.39671564
532,147252412,17002465,10,2017-01-04T23:11:00,2017-01-04,23:11:00,"500 Block N Euclid Ave Pittsburgh, PA 15206",15206,Y,East Liberty,5,SIMPLE ASSAULT,2701 Simple Assault.,1113,9,2,-79.92520513,40.46676
534,147287936,17000196,10,2017-01-01T06:15:00,2017-01-01,06:15:00,"1500 Block Brighton Rd Pittsburgh, PA 15212",15212,Y,Brighton Heights,1,SIMPLE ASSAULT,"2701(a)(1) Simple Assault - Intent., Know., Reckless.Cause Bod. Injury",2708,6,1,-80.01651556,40.45651505
544,147235139,17002342,10,2017-01-04T15:25:00,2017-01-04,15:25:00,"Liberty Ave & Strawberry Way Pittsburgh, PA 15222",15222,N,Central Business District,2,SIMPLE ASSAULT,"2701(a)(1) Simple Assault - Intent., Know., Reckless.Cause Bod. Injury / 3304 Criminal Mischief.",201,6,6,-79.99879651,40.442716
569,147434264,17004339,10,2017-01-08T02:50:00,2017-01-08,02:50:00,"1100 Block Arlington Ave Pittsburgh, PA 15203",15203,N,Allentown,3,SIMPLE ASSAULT,2701 Simple Assault.,1803,3,4,-79.99023021,40.42305997
591,147481084,17004948,10,2017-01-09T10:55:00,2017-01-09,10:55:00,"200 Block Dinwiddie St Pittsburgh, PA 15219",15219,N,Crawford-Roberts,2,SIMPLE ASSAULT,2701 Simple Assault.,305,6,3,-79.98046032,40.43913488
604,146620513,16239575,10,2016-12-26T13:15:00,2016-12-26,13:15:00,"2300 Block Park Hill Dr Pittsburgh, PA 15221",15221,Y,East Hills,5,SIMPLE ASSAULT,"2709(a)(1) Harassment by Physical Contact, or Attempts or Threats / 2701 Simple Assault.",1306,9,2,-79.87407838,40.45475038
615,147498818,16240075,10,2016-12-27T12:56:00,2016-12-27,12:56:00,"1000 Block Vinial St Pittsburgh, PA 15212",15212,Y,East Allegheny,1,SIMPLE ASSAULT,"2709(a)(1) Harassment by Physical Contact, or Attempts or Threats / 2701 Simple Assault.",2304,1,1,-79.99266324,40.45747785
616,146867259,16241516,4,2016-12-29T22:44:00,2016-12-29,22:44:00,"300 Block Paulson Ave Pittsburgh, PA 15206",15206,N,Larimer,5,SIMPLE ASSAULT,2707.1 Discharge of a Firearm into Occupied Structure,1208,9,2,-79.91355606,40.46230118
629,146743591,16239575,10,2016-12-26T13:15:00,2016-12-26,13:15:00,"600 Block 1st Ave Pittsburgh, PA 15219",15219,Y,East Hills,5,SIMPLE ASSAULT,"2709(a)(1) Harassment by Physical Contact, or Attempts or Threats / 2701 Simple Assault.",1306,6,6,-79.99630099,40.43469659
635,147500134,17005153,10,2017-01-09T14:00:00,2017-01-09,14:00:00,"1900 Block Clayton Ave Pittsburgh, PA 15214",15214,N,Perry South,1,SIMPLE ASSAULT,"2701(a)(1) Simple Assault - Intent., Know., Reckless.Cause Bod. Injury",2614,6,1,-80.01041272,40.46176709
644,146959753,17000249,10,2017-01-01T09:31:00,2017-01-01,09:31:00,"500 Block Bellaire Ave Pittsburgh, PA 15226",15226,Y,Brookline,6,SIMPLE ASSAULT,2701 Simple Assault.,1919,4,4,-80.02320505,40.39720611
647,146969321,17000448,10,2017-01-01T17:09:00,2017-01-01,17:09:00,"90 Block Pasadena St Pittsburgh, PA 15211",15211,Y,Mount Washington,3,SIMPLE ASSAULT,2701 Simple Assault.,1807,3,4,-80.0018388,40.42258236
673,147571988,17005699,10,2017-01-10T10:30:00,2017-01-10,10:30:00,"20 Block Bedford Sq Pittsburgh, PA 15203",15203,Y,Bluff,3,SIMPLE ASSAULT,2701 Simple Assault. / 3503 Criminal Trespass / 9093 Indirect Criminal Contempt,1702,3,4,-79.98645781,40.42920482
682,147052156,17001035,10,2017-01-02T17:48:00,2017-01-02,17:48:00,"700 Block Moravian St Pittsburgh, PA 15212",15212,Y,East Allegheny,1,SIMPLE ASSAULT,2701 Simple Assault.,2304,1,1,-80.00106618,40.45341492
687,147603890,17006093,4,2017-01-11T03:34:00,2017-01-11,03:34:00,"5400 Block Hillcrest St Pittsburgh, PA 15206",15206,N,Garfield,5,SIMPLE ASSAULT,"2707.1 Discharge of a Firearm into Occupied Structure / 2705 Recklessly Endangering Another Person. / 3304(a)(1) CRIMINAL MISCHIEF-Prop Damage By Fire, Explosives, or Other Dangerous Means",1114,9,2,-79.93460015,40.46762866
707,147580717,17005820,10,2017-01-10T17:00:00,2017-01-10,17:00:00,"Brownsville Rd & Suncrest St Pittsburgh, PA 15210",15210,N,Knoxville,3,SIMPLE ASSAULT,2701 Simple Assault. / 3304(a)(5) CRIMINAL MISCHIEF - Intentionally Damages Real Or Personal Property Of Another / 2707 Propulsion of Missiles ,3001,,,-79.99034965,40.41040927
728,147653319,17006297,10,2017-01-11T13:15:00,2017-01-11,13:15:00,"900 Block Loyal Way Pittsburgh, PA 15210",15210,Y,Allentown,3,SIMPLE ASSAULT,2701 Simple Assault.,1803,3,4,-79.99082812,40.41955511
738,146922052,16241654,10,2016-12-30T05:18:00,2016-12-30,05:18:00,"500 Block Brookline Blvd Pittsburgh, PA 15226",15226,N,Brookline,6,SIMPLE ASSAULT,2701 Simple Assault.,1918,4,4,-80.02356666,40.39562764
747,146595435,16239420,10,2016-12-26T03:14:00,2016-12-26,03:14:00,"7300 Block Kelly St Pittsburgh, PA 15208",15208,Y,Homewood South,5,SIMPLE ASSAULT,2701 Simple Assault. / 5505 Public Drunkenness,1303,9,2,-79.89482616,40.45480657
770,147675523,17006491,10,2017-01-11T17:48:00,2017-01-11,17:48:00,"1200 Block Paulson Ave Pittsburgh, PA 15206",15206,N,Lincoln-Lemington-Belmar,5,SIMPLE ASSAULT,2701 Simple Assault. / 2709.A1 HARASSMENT SUBJECT OTHER TO PHYSICAL CONTACT,1203,9,2,-79.90323672,40.46792725
780,147045522,17000964,10,2017-01-02T15:55:00,2017-01-02,15:55:00,"1500 Block Crucible St Pittsburgh, PA 15220",15220,Y,Crafton Heights,6,SIMPLE ASSAULT,2701 Simple Assault.,2814,2,5,-80.05111326,40.44716839
790,147629524,17000782,10,2017-01-02T03:00:00,2017-01-02,03:00:00,Zone 2,one 2,Y,,2,SIMPLE ASSAULT,2701 Simple Assault. / 2706 Terroristic Threats. / 3304 Criminal Mischief. / 3126 Indecent Assault.,,,,,
818,146669555,16240034,10,2016-12-27T11:10:00,2016-12-27,11:10:00,"7200 Block Race St Pittsburgh, PA 15208",15208,Y,Homewood North,5,SIMPLE ASSAULT,2701 Simple Assault. / 3304(a)(5) CRIMINAL MISCHIEF - Intentionally Damages Real Or Personal Property Of Another,1302,9,2,-79.8956906,40.45877713
871,146763620,16240622,10,2016-12-28T11:40:00,2016-12-28,11:40:00,"7200 Block Kelly St Pittsburgh, PA 15208",15208,Y,Homewood South,5,SIMPLE ASSAULT,"2701(a)(1) Simple Assault - Intent., Know., Reckless.Cause Bod. Injury",1303,9,2,-79.8970281,40.45547009
879,147663930,17006403,10,2017-01-11T15:44:00,2017-01-11,15:44:00,"900 Block Liberty Ave Pittsburgh, PA 15222",15222,Y,Central Business District,2,SIMPLE ASSAULT,2701 Simple Assault.,201,6,6,-79.99793652,40.44288811
885,147434745,17004345,10,2017-01-08T02:53:00,2017-01-08,02:53:00,"200 Block Southern Ave Pittsburgh, PA 15211",15211,Y,Mount Washington,3,SIMPLE ASSAULT,"2701(a)(1) Simple Assault - Intent., Know., Reckless.Cause Bod. Injury",1915,2,5,-80.01086059,40.42436261
921,147450266,17004626,10,2017-01-08T17:40:00,2017-01-08,17:40:00,"3400 Block Ligonier St Pittsburgh, PA 15201",15201,Y,Lower Lawrenceville,2,SIMPLE ASSAULT,2701 Simple Assault.,603,7,2,-79.96643069,40.46210743
940,147458394,17004811,10,2017-01-09T00:35:00,2017-01-09,00:35:00,"5100 Block Dresden Way Pittsburgh, PA 15201",15201,Y,Upper Lawrenceville,2,SIMPLE ASSAULT,2701 Simple Assault. / 2903 False Imprisonment.,1011,7,2,-79.95515855,40.47810878
941,147460527,17004833,10,2017-01-09T02:00:00,2017-01-09,02:00:00,"1200 Block Itin St Pittsburgh, PA 15212",15212,Y,Spring Hill-City View,1,SIMPLE ASSAULT,2706 Terroristic Threats. / 2701 Simple Assault.,2620,1,1,-79.99218232,40.4620423
942,147460574,17004863,10,2017-01-09T04:03:00,2017-01-09,04:03:00,"200 Block 57th St Pittsburgh, PA 15201",15201,N,Stanton Heights,5,SIMPLE ASSAULT,2701 Simple Assault. / 3928 Unauthorized Use of Automobile and Other Vehicles.,1018,7,2,-79.94577325,40.48442862
947,147492891,17005058,10,2017-01-09T13:07:00,2017-01-09,13:07:00,"300 Block E Carson St Pittsburgh, PA 15219",15219,Y,South Side Flats,3,SIMPLE ASSAULT,2701 Simple Assault.,1702,3,4,-79.99779552,40.42961357
963,146923932,16242172,10,2016-12-31T01:45:00,2016-12-31,01:45:00,"30 Block Merritt Ave Pittsburgh, PA 15227",15227,Y,Carrick,3,SIMPLE ASSAULT,2701 Simple Assault.,2904,4,4,-79.97886,40.38376593
966,146941550,16242479,10,2016-12-30T16:45:00,2016-12-30,16:45:00,"300 Block Mt Pleasant Rd Pittsburgh, PA 15214",15214,N,Northview Heights,1,SIMPLE ASSAULT,2701 Simple Assault. / 3304(a)(5) CRIMINAL MISCHIEF - Intentionally Damages Real Or Personal Property Of Another,2609,1,1,-80.00304348,40.48235135
1024,146767388,16240641,10,2016-12-28T12:20:00,2016-12-28,12:20:00,"2900 Block Shadeland Ave Pittsburgh, PA 15212",15212,N,Marshall-Shadeland,1,SIMPLE ASSAULT,2701 Simple Assault.,2715,1,1,-80.03040156,40.47069496
1039,147144120,17001798,10,2017-01-03T22:12:00,2017-01-03,22:12:00,"4800 Block Penn Ave Pittsburgh, PA 15224",15224,Y,Bloomfield,5,SIMPLE ASSAULT,2701 Simple Assault.,809,7,2,-79.94624886,40.46520537
1052,146633652,16239717,10,2016-12-26T15:58:00,2016-12-26,15:58:00,"7300 Block Hamilton Ave Pittsburgh, PA 15208",15208,Y,Homewood South,5,SIMPLE ASSAULT,2701 Simple Assault.,1303,9,2,-79.89564429,40.45401652
1067,147248204,17001498,10,2017-01-03T13:00:00,2017-01-03,13:00:00,"600 Block Wood St Pittsburgh, PA 15222",15222,Y,East Hills,2,SIMPLE ASSAULT,2701 Simple Assault.,201,6,6,-79.99942351,40.44209205
1092,147314852,17002830,10,2017-01-05T15:15:00,2017-01-05,15:15:00,"300 Block Enright Ct Pittsburgh, PA 15206",15206,N,East Liberty,5,SIMPLE ASSAULT,2701 Simple Assault.,1115,9,2,-79.91683711,40.46087917
1095,147334346,17003036,10,2017-01-05T20:50:00,2017-01-05,20:50:00,"600 Block Danbury St Pittsburgh, PA 15214",15214,Y,Perry South,1,SIMPLE ASSAULT,2701 Simple Assault.,2615,6,1,-80.01734635,40.46941066
1106,146802043,16240984,10,2016-12-29T01:35:00,2016-12-29,01:35:00,"500 Block N Aiken Ave Pittsburgh, PA 15224",15224,N,Garfield,5,SIMPLE ASSAULT,2701 Simple Assault.,1016,8,2,-79.93860414,40.4556433
1132,146962336,17000298,10,2017-01-01T12:00:00,2017-01-01,12:00:00,"2400 Block Wylie Ave Pittsburgh, PA 15219",15219,Y,Middle Hill,2,SIMPLE ASSAULT,2701 Simple Assault.,501,6,3,-79.97308743,40.44730504
1159,146993400,17000664,10,2017-01-02T01:25:00,2017-01-02,01:25:00,"300 Block N Craig St Pittsburgh, PA 15213",15213,Y,North Oakland,4,SIMPLE ASSAULT,2701(a)(3) Simple Assault - Attempts by Physical Menace  / 5505 Public Drunkenness / 5503(a)(1) DISORDERLY CONDUCT - ENGAGE IN FIGHTING,507,8,3,-79.94938724,40.44559065
1188,147490726,16240894,10,2016-12-28T20:20:00,2016-12-28,20:20:00,"900 Block 2nd Ave Pittsburgh, PA 15219",15219,Y,Bluff,2,SIMPLE ASSAULT,2701 Simple Assault. / 3304 Criminal Mischief.,103,6,3,-79.99307769,40.4350955
1195,147027196,17000782,10,2017-01-02T03:00:00,2017-01-02,03:00:00,Zone 2,one 2,Y,,2,SIMPLE ASSAULT,2701 Simple Assault. / 2706 Terroristic Threats. / 3304 Criminal Mischief. / 3126 Indecent Assault.,,,,,
1218,147510810,17005278,10,2017-01-09T20:34:00,2017-01-09,20:34:00,"200 Block Lombard St Pittsburgh, PA 15219",15219,Y,Crawford-Roberts,2,SIMPLE ASSAULT,2701 Simple Assault.,305,6,3,-79.97875377,40.43946026
1226,146629870,16239616,10,2016-12-26T15:10:00,2016-12-26,15:10:00,"7100 Block Upland St Pittsburgh, PA 15208",15208,Y,Homewood North,5,SIMPLE ASSAULT,2701 Simple Assault.,1301,9,2,-79.89737734,40.46255645
1256,147254649,17002535,10,2017-01-05T01:49:00,2017-01-05,01:49:00,"200 Block Smithfield St Pittsburgh, PA 15222",15222,Y,Central Business District,2,SIMPLE ASSAULT,"2701(a)(1) Simple Assault - Intent., Know., Reckless.Cause Bod. Injury",201,6,6,-80.00010723,40.437766
1258,147572401,16152693,10,2017-01-10T14:00:00,2017-01-10,14:00:00,"200 Block Lothrop St Pittsburgh, PA 15213",15213,Y,Homewood South,5,SIMPLE ASSAULT,2701 Simple Assault.,1303,8,3,-79.96109344,40.44173012
1276,146919783,16242030,10,2016-12-30T19:30:00,2016-12-30,19:30:00,"2300 Block Atmore St Pittsburgh, PA 15212",15212,Y,Marshall-Shadeland,1,SIMPLE ASSAULT,2706 Terroristic Threats. / 2701 Simple Assault.,2704,1,1,-80.03022484,40.46246775
1313,147587951,17005903,10,2017-01-10T19:45:00,2017-01-10,19:45:00,"2000 Block Ley St Pittsburgh, PA 15212",15212,N,Troy Hill,1,SIMPLE ASSAULT,2701(a)(3) Simple Assault - Attempts by Physical Menace ,2406,1,1,-79.9803732,40.4678888
1332,147307653,17002781,10,2017-01-05T13:09:00,2017-01-05,13:09:00,"700 Block Harker St Pittsburgh, PA 15220",15220,Y,Elliott,6,SIMPLE ASSAULT,2701 Simple Assault. / 2705 Recklessly Endangering Another Person. / 2701(a)(3) Simple Assault - Attempts by Physical Menace ,2020,2,5,-80.0405668,40.44011786
1396,147627964,16218146,10,2017-01-11T09:44:00,2017-01-11,09:44:00,"2000 Block Lowrie St Pittsburgh, PA 15212",15212,Y,Troy Hill,1,SIMPLE ASSAULT,2701 Simple Assault.,2406,1,1,-79.97998089,40.4676912
1458,147423625,17004021,10,2017-01-07T16:38:00,2017-01-07,16:38:00,"3700 Block Haven St Pittsburgh, PA 15204",15204,Y,Windgap,6,SIMPLE ASSAULT,2701 Simple Assault.,2807,2,5,-80.08123243,40.45664928
1459,147426036,17003972,10,2017-01-07T13:20:00,2017-01-07,13:20:00,"Allegheny Ave & Ridge Ave Pittsburgh, PA 15233",15233,N,Chateau,1,SIMPLE ASSAULT,2701 Simple Assault.,2108,1,1,-80.01831234,40.44967848
1465,147429476,17004146,10,2017-01-07T20:29:00,2017-01-07,20:29:00,"2200 Block Boustead St Pittsburgh, PA 15216",15216,Y,Beechview,6,SIMPLE ASSAULT,2701(a)(3) Simple Assault - Attempts by Physical Menace ,1920,2,5,-80.03179996,40.40504548
1476,147508239,17005231,10,2017-01-09T18:32:00,2017-01-09,18:32:00,"600 Block Penn Ave Pittsburgh, PA 15222",15222,Y,Central Business District,2,SIMPLE ASSAULT,2706 Terroristic Threats. / 2701 Simple Assault.,201,6,6,-80.00178951,40.44258495
1496,147429828,17004186,10,2017-01-07T22:08:00,2017-01-07,22:08:00,"800 Block Crucible St Pittsburgh, PA 15220",15220,Y,Elliott,6,SIMPLE ASSAULT,2701 Simple Assault.,2020,2,5,-80.03978718,40.4419871
1519,147517832,17005385,4,2017-01-09T19:50:00,2017-01-09,19:50:00,"2500 Block Perrysville Ave Pittsburgh, PA 15214",15214,N,Perry South,1,SIMPLE ASSAULT,2707.1 Discharge of a Firearm into Occupied Structure,2614,6,1,-80.00794082,40.469714
1572,147577868,17005808,10,2017-01-05T13:57:00,2017-01-05,13:57:00,"700 Block N Murtland St Pittsburgh, PA 15208",15208,N,Homewood West,5,SIMPLE ASSAULT,2701 Simple Assault.,1207,9,2,-79.90177983,40.45658953
1598,147593958,17005950,10,2017-01-10T21:05:00,2017-01-10,21:05:00,"3500 Block Webster Ave Pittsburgh, PA 15219",15219,Y,Upper Hill,2,SIMPLE ASSAULT,"2701(a)(1) Simple Assault - Intent., Know., Reckless.Cause Bod. Injury",506,6,3,-79.9584163,40.45680196
1623,146631032,16239721,10,2016-12-26T19:04:00,2016-12-26,19:04:00,"4200 Block Bruce St Pittsburgh, PA 15201",15201,Y,Central Lawrenceville,2,SIMPLE ASSAULT,2701 Simple Assault.,902,7,2,-79.95716513,40.46809787
1629,146859285,16241462,10,2016-12-29T20:30:00,2016-12-29,20:30:00,"2200 Block Arlington Ave Pittsburgh, PA 15210",15210,Y,Arlington,3,SIMPLE ASSAULT,2701 Simple Assault.,1603,3,4,-79.97587461,40.41683701
1634,146767264,16176411,10,2016-12-28T14:00:00,2016-12-28,14:00:00,"600 Block 1st Ave Pittsburgh, PA 15219",15219,Y,Central Business District,6,SIMPLE ASSAULT,2701 Simple Assault.,1916,6,6,-79.99630099,40.43469659
1637,146714965,16240319,10,2016-12-27T20:52:00,2016-12-27,20:52:00,"200 Block Suncrest St Pittsburgh, PA 15210",15210,Y,Knoxville,3,SIMPLE ASSAULT,2701 Simple Assault.,3001,3,4,-79.99037609,40.41035674
1641,146723422,16240442,10,2016-12-28T02:36:00,2016-12-28,02:36:00,"Frankstown Ave & Blackadore St Pittsburgh, PA 15221",15221,N,Homewood North,5,SIMPLE ASSAULT,2701 Simple Assault.,1301,9,2,-79.8833639,40.45545116
1643,146772396,16240618,10,2016-12-28T11:46:00,2016-12-28,11:46:00,"200 Block Joyce Ter Pittsburgh, PA 15207",15207,Y,Hazelwood,4,SIMPLE ASSAULT,2706 Terroristic Threats. / 2701 Simple Assault.,1515,5,3,-79.94152716,40.40820393
1648,146858700,16241445,10,2016-12-29T20:15:00,2016-12-29,20:15:00,"2000 Block Centre Ave Pittsburgh, PA 15219",15219,Y,Middle Hill,2,SIMPLE ASSAULT,2701 Simple Assault. / 5505 Public Drunkenness / 5503 Disorderly Conduct. / 9501 Bench Warrant,501,6,3,-79.9799791,40.44358094
1669,146789728,16240894,10,2016-12-28T20:20:00,2016-12-28,20:20:00,"1000 Block Chelton Ave Pittsburgh, PA 15226",15226,Y,Bluff,2,SIMPLE ASSAULT,2701 Simple Assault. / 3304 Criminal Mischief.,103,4,4,-80.01714366,40.39135055
1682,146805314,16240986,10,2016-12-29T00:58:00,2016-12-29,00:58:00,"2300 Block Brownsville Rd Pittsburgh, PA 15210",15210,Y,Carrick,3,SIMPLE ASSAULT,2709(a) Harassment. / 2701 Simple Assault. / 2705 Recklessly Endangering Another Person.,2904,4,4,-79.98551986,40.38904931
1684,146840005,16240319,10,2016-12-27T20:52:00,2016-12-27,20:52:00,"200 Block Suncrest St Pittsburgh, PA 15210",15210,Y,Knoxville,3,SIMPLE ASSAULT,2701 Simple Assault.,3001,3,4,-79.99037609,40.41035674
1709,146951999,17000053,10,2017-01-01T01:20:00,2017-01-01,01:20:00,"1100 Block Grandview Ave Pittsburgh, PA 15219",15219,Y,Mount Washington,3,SIMPLE ASSAULT,2701 Simple Assault. / 5104 Resisting Arrest or Other Law Enforcement. / 3304 Criminal Mischief. / 5505 Public Drunkenness / 3503(b)(1)(i) Actual Communication,1903,2,5,-80.01759104,40.43750684
1735,146923809,16242194,10,2016-12-31T02:12:00,2016-12-31,02:12:00,"1300 Block E Carson St Pittsburgh, PA 15203",15203,N,South Side Flats,3,SIMPLE ASSAULT,"2701(a)(1) Simple Assault - Intent., Know., Reckless.Cause Bod. Injury / 2709(a)(1) Harassment by Physical Contact, or Attempts or Threats / 3304(a)(5) CRIMINAL MISCHIEF - Intentionally Damages Real Or Personal Property Of Another / 5503(a)(1) DISORDERLY CONDUCT - ENGAGE IN FIGHTING",1702,3,4,-79.98517511,40.42860697
1736,146941713,16242413,10,2016-12-31T13:45:00,2016-12-31,13:45:00,"200 Block E Meyers St Pittsburgh, PA 15210",15210,Y,Carrick,3,SIMPLE ASSAULT,2701 Simple Assault.,2902,4,4,-79.98579671,40.40027192
1768,146962264,17000315,10,2017-01-01T12:30:00,2017-01-01,12:30:00,"Collier St & Hamilton Ave Pittsburgh, PA 15208",15208,N,Homewood South,5,SIMPLE ASSAULT,"2701(a)(1) Simple Assault - Intent., Know., Reckless.Cause Bod. Injury",1303,9,2,-79.89299235,40.45359948
1769,146963506,17000303,10,2017-01-01T12:10:00,2017-01-01,12:10:00,"5100 Block Natrona Way Pittsburgh, PA 15201",15201,N,Upper Lawrenceville,2,SIMPLE ASSAULT,"2701(a)(1) Simple Assault - Intent., Know., Reckless.Cause Bod. Injury",1011,7,2,-79.95437856,40.47757275
1823,146969395,17000441,10,2017-01-01T16:50:00,2017-01-01,16:50:00,"400 Block Cinema Dr Pittsburgh, PA 15203",15203,N,South Side Flats,3,SIMPLE ASSAULT,"2701(a)(1) Simple Assault - Intent., Know., Reckless.Cause Bod. Injury / 2709(a)(1) Harassment by Physical Contact, or Attempts or Threats / 5503(a)(1) DISORDERLY CONDUCT - ENGAGE IN FIGHTING",1609,3,4,-79.96485641,40.42819933
1845,146921893,16242061,10,2016-12-30T20:53:00,2016-12-30,20:53:00,"3200 Block Bainton St Pittsburgh, PA 15212",15212,Y,Brighton Heights,1,SIMPLE ASSAULT,2701 Simple Assault.,2703,1,1,-80.03757957,40.47315965
1852,147157917,17001882,10,2017-01-04T02:17:00,2017-01-04,02:17:00,"300 Block Farley Way Pittsburgh, PA 15201",15201,N,Lower Lawrenceville,2,SIMPLE ASSAULT,"2701(a)(1) Simple Assault - Intent., Know., Reckless.Cause Bod. Injury",603,7,2,-79.96077618,40.46337137
1873,147114326,17001498,10,2017-01-03T13:00:00,2017-01-03,13:00:00,"7900 Block Batavia St Pittsburgh, PA 15221",15221,Y,East Hills,2,SIMPLE ASSAULT,2701 Simple Assault.,201,9,2,-79.88540472,40.45340658
1882,146696084,16240075,10,2016-12-27T12:56:00,2016-12-27,12:56:00,"1000 Block Vinial St Pittsburgh, PA 15212",15212,Y,East Allegheny,1,SIMPLE ASSAULT,"2709(a)(1) Harassment by Physical Contact, or Attempts or Threats / 2701 Simple Assault.",2304,1,1,-79.99266324,40.45747785
1895,147135324,17001696,4,2017-01-03T18:42:00,2017-01-03,18:42:00,"2300 Block Mannheim St Pittsburgh, PA 15212",15212,N,Marshall-Shadeland,1,SIMPLE ASSAULT,2707.1 Discharge of a Firearm into Occupied Structure,2704,1,1,-80.02984362,40.46278172
1934,147293390,16242262,10,2016-12-31T06:12:00,2016-12-31,06:12:00,"900 Block 2ND Ave Pittsburgh, PA 15219",15219,Y,Bluff,3,SIMPLE ASSAULT,2701 Simple Assault. / 4106 Access Device Fraud,1803,6,3,-79.99307769,40.4350955
1960,147620689,17003256,10,2017-01-11T09:00:00,2017-01-11,09:00:00,"900 Block Agnew Rd Pittsburgh, PA 15227",15227,N,Hays,5,SIMPLE ASSAULT,2701 Simple Assault.,3101,5,3,-79.96618933,40.40023906
1977,147345989,16241462,10,2016-12-29T20:30:00,2016-12-29,20:30:00,"2200 Block Arlington Ave Pittsburgh, PA 15210",15210,Y,Arlington,3,SIMPLE ASSAULT,2701 Simple Assault.,1603,3,4,-79.97587461,40.41683701
2005,148144925,17010850,10,2017-01-18T13:45:00,2017-01-18,13:45:00,"2600 Block Stella St Pittsburgh, PA 15203",15203,N,South Side Slopes,3,SIMPLE ASSAULT,2701 Simple Assault.,1608,3,4,-79.97019798,40.4230434
2060,148305998,17012177,10,2017-01-20T15:10:00,2017-01-20,15:10:00,"Bennett St & Tokay St Pittsburgh, PA 15221",15221,N,East Hills,5,SIMPLE ASSAULT,2701(a)(3) Simple Assault - Attempts by Physical Menace  / 3743 Accidents Involving Damage to Attended Veh. or Property / 3736 Reckless Driving,1306,9,2,-79.88070257,40.45469642
2065,147839250,17007947,4,2017-01-13T20:30:00,2017-01-13,20:30:00,"3400 Block Ridgeway St Pittsburgh, PA 15213",15213,N,Polish Hill,2,SIMPLE ASSAULT,2707.1 Discharge of a Firearm into Occupied Structure / 2705 Recklessly Endangering Another Person. / 8106 Shots Fired,605,6,3,-79.96179715,40.45641767
2097,148531029,17014605,10,2017-01-24T14:03:00,2017-01-24,14:03:00,"2900 Block Harcum Way Pittsburgh, PA 15203",15203,N,South Side Slopes,3,SIMPLE ASSAULT,2701(a)(3) Simple Assault - Attempts by Physical Menace  / 901 Criminal Attempt,1608,3,4,-79.96621425,40.42368731
2114,148069367,17010422,10,2017-01-17T21:02:00,2017-01-17,21:02:00,"Brighton Rd & Woods Run Ave Pittsburgh, PA 15212",15212,N,Brighton Heights,1,SIMPLE ASSAULT,2701 Simple Assault.,2703,1,1,-80.03171871,40.47648918
2116,148093727,17010117,10,2016-12-26T10:00:00,2016-12-26,10:00:00,"300 Block Burrows St Pittsburgh, PA 15213",15213,N,Terrace Village,2,SIMPLE ASSAULT,2701 Simple Assault.,510,6,3,-79.97060672,40.44037247
2121,147956776,17009778,10,2017-01-16T20:39:00,2017-01-16,20:39:00,"1400 Block Adams St Pittsburgh, PA 15233",15233,Y,Manchester,1,SIMPLE ASSAULT,2701 Simple Assault.,2107,6,1,-80.02799594,40.45871481
2125,148351771,17012803,10,2017-01-21T14:39:00,2017-01-21,14:39:00,"2100 Block Rhine St Pittsburgh, PA 15212",15212,N,Spring Hill-City View,1,SIMPLE ASSAULT,2701 Simple Assault.,2620,1,1,-79.99367687,40.46661676
2129,148355342,17012855,10,2017-01-21T15:15:00,2017-01-21,15:15:00,"Parkfield St & Spokane Ave Pittsburgh, PA 15210",15210,N,Carrick,3,SIMPLE ASSAULT,2701(a)(3) Simple Assault - Attempts by Physical Menace ,2901,4,4,-79.99019174,40.39139356
2193,147997451,16240622,10,2016-12-28T11:40:00,2016-12-28,11:40:00,"600 Block 1st Ave Pittsburgh, PA 15219",15219,Y,Homewood South,5,SIMPLE ASSAULT,"2701(a)(1) Simple Assault - Intent., Know., Reckless.Cause Bod. Injury",1303,6,6,-79.99630099,40.43469659
2201,148356812,17012892,10,2017-01-21T16:52:00,2017-01-21,16:52:00,"2600 Block Centre Ave Pittsburgh, PA 15219",15219,Y,Terrace Village,2,SIMPLE ASSAULT,"2701(a)(1) Simple Assault - Intent., Know., Reckless.Cause Bod. Injury",510,6,3,-79.96841687,40.446533
2205,148361727,17006578,10,2017-01-11T19:42:00,2017-01-11,19:42:00,"900 Block Agnew Rd Pittsburgh, PA 15227",15227,Y,Hazelwood,4,SIMPLE ASSAULT,"2701(a)(1) Simple Assault - Intent., Know., Reckless.Cause Bod. Injury / 5501 Riot.",1515,5,3,-79.96618933,40.40023906
2221,147770918,17004146,10,2017-01-07T20:29:00,2017-01-07,20:29:00,"2200 Block Boustead St Pittsburgh, PA 15216",15216,Y,Beechview,6,SIMPLE ASSAULT,2701(a)(3) Simple Assault - Attempts by Physical Menace ,1920,2,5,-80.03179996,40.40504548
2225,148352394,17012800,10,2017-01-21T14:36:00,2017-01-21,14:36:00,"Memory Ln & Bedford Ave Pittsburgh, PA 15219",15219,Y,Bedford Dwellings,2,SIMPLE ASSAULT,2701(a)(3) Simple Assault - Attempts by Physical Menace ,509,6,3,-79.97835345,40.44821863
2235,148281860,17003138,10,2017-01-06T01:41:00,2017-01-06,01:41:00,"100 Block Poplargrove St Pittsburgh, PA 15210",15210,Y,Central Business District,2,SIMPLE ASSAULT,2701 Simple Assault. / 3304 Criminal Mischief.,201,4,4,-79.98642069,40.39612055
2249,148400812,17013671,4,2017-01-22T22:36:00,2017-01-22,22:36:00,"100 Block Beltzhoover Ave Pittsburgh, PA 15211",15211,N,Mount Washington,3,SIMPLE ASSAULT,2707.1 Discharge of a Firearm into Occupied Structure / 3304(a)(5) CRIMINAL MISCHIEF - Intentionally Damages Real Or Personal Property Of Another,1807,3,4,-79.99767513,40.42216616
2271,148370287,17013264,10,2017-01-22T04:28:00,2017-01-22,04:28:00,"1100 Block Brabec St Pittsburgh, PA 15212",15212,N,Troy Hill,1,SIMPLE ASSAULT,2709 Harassment (Non-Specific) / 2701 Simple Assault. / 3503(b.1)(i) Simple Trespasser -- threatening or terrorizing the owner or occupant of the premises,2406,1,1,-79.99201674,40.45858179
2275,148401833,17013673,10,2017-01-22T22:40:00,2017-01-22,22:40:00,"200 Block Federal St S Pittsburgh, PA 15212",15212,N,North Shore,1,SIMPLE ASSAULT,"2701(a)(1) Simple Assault - Intent., Know., Reckless.Cause Bod. Injury",2205,1,6,-80.00396022,40.44841334
2335,147735523,17006969,10,2017-01-12T12:15:00,2017-01-12,12:15:00,"800 Block Memory Ln Pittsburgh, PA 15219",15219,N,Bedford Dwellings,2,SIMPLE ASSAULT,2701 Simple Assault.,509,6,3,-79.98045081,40.44831732
2343,147982566,17009970,10,2017-01-17T06:53:00,2017-01-17,06:53:00,"1700 Block E Carson St Pittsburgh, PA 15203",15203,Y,South Side Flats,3,SIMPLE ASSAULT,2701 Simple Assault.,1702,3,4,-79.98186901,40.4285852
2353,147842461,17008069,10,2017-01-14T00:45:00,2017-01-14,00:45:00,"8600 Block Bricelyn St Pittsburgh, PA 15221",15221,Y,East Hills,5,SIMPLE ASSAULT,2701 Simple Assault. / 3304 Criminal Mischief.,1306,9,2,-79.87435595,40.4578568
2369,147832493,17007809,10,2017-01-13T16:48:00,2017-01-13,16:48:00,"600 Block Pressley St Pittsburgh, PA 15212",15212,Y,East Allegheny,1,SIMPLE ASSAULT,2701 Simple Assault.,2304,1,1,-79.99867635,40.45221085
2410,147875321,17008825,10,2017-01-15T03:34:00,2017-01-15,03:34:00,"10 Block E Sycamore St Pittsburgh, PA 15211",15211,N,Mount Washington,3,SIMPLE ASSAULT,2701 Simple Assault. / 3745 Accidents Involving Damage to Unattended Veh.or Prop. / 1543 Driving While Operating Privilege is Suspended or Revoked.,1914,2,5,-80.00691997,40.43065048
2414,147826983,17007763,10,2017-01-13T15:40:00,2017-01-13,15:40:00,"100 Block Almond Way Pittsburgh, PA 15201",15201,Y,Central Lawrenceville,2,SIMPLE ASSAULT,2701 Simple Assault.,901,7,2,-79.96382362,40.47052854
2446,147838136,17007943,10,2017-01-13T20:30:00,2017-01-13,20:30:00,"Federal St N & Henderson St Pittsburgh, PA 15212",15212,N,Central North Side,1,SIMPLE ASSAULT,"2701(a)(1) Simple Assault - Intent., Know., Reckless.Cause Bod. Injury",2206,6,1,-80.00776455,40.45885515
2459,147820943,17005699,10,2017-01-10T10:30:00,2017-01-10,10:30:00,"900 Block 2nd Ave Pittsburgh, PA 15219",15219,Y,Bluff,3,SIMPLE ASSAULT,2701 Simple Assault. / 3503 Criminal Trespass,1702,6,3,-79.99307769,40.4350955
2501,147867435,17008577,10,2017-01-14T18:50:00,2017-01-14,18:50:00,"900 Block Woodlow St Pittsburgh, PA 15205",15205,Y,Crafton Heights,6,SIMPLE ASSAULT,2701 Simple Assault.,2814,2,5,-80.05220414,40.44589982
2536,148069230,17010421,4,2017-01-17T20:52:00,2017-01-17,20:52:00,"Milroy St Pittsburgh, PA 15214",15214,N,Perry South,1,SIMPLE ASSAULT,2707.1 Discharge of a Firearm into Occupied Structure,2615,1,1,-80.01209752,40.47610409
2565,148358285,17012919,10,2017-01-21T15:16:00,2017-01-21,15:16:00,"Albertice St & Mohler St Pittsburgh, PA 15221",15221,Y,Homewood North,2,SIMPLE ASSAULT,"2701(a)(1) Simple Assault - Intent., Know., Reckless.Cause Bod. Injury",201,9,2,-79.88626485,40.45894582
2566,-2782003580,17013003,10,2017-01-21T19:56:00,2017-01-21,19:56:00,"1400 Block Arch St Pittsburgh, PA 15212",15212,N,Central North Side,1,SIMPLE ASSAULT,2701 Simple Assault. / 3304 Criminal Mischief.,2503,6,1,-80.0091428,40.4574274
2572,148146597,16203628,10,2017-01-18T14:45:00,2017-01-18,14:45:00,"5th Ave & Kelly St Pittsburgh, PA 15208",15208,Y,East Liberty,5,SIMPLE ASSAULT,2701 Simple Assault. / 9501 Bench Warrant,1115,9,2,-79.90843298,40.45814136
2581,147945375,17009611,10,2017-01-16T15:30:00,2017-01-16,15:30:00,"600 Block Mifflin Rd Pittsburgh, PA 15207",15207,Y,New Homestead,4,SIMPLE ASSAULT,2706 Terroristic Threats. / 2701 Simple Assault.,3103,5,3,-79.93008688,40.38281812
2598,148382498,17013403,10,2017-01-22T12:30:00,2017-01-22,12:30:00,"700 Block N Homewood Ave Pittsburgh, PA 15208",15208,N,Homewood South,5,SIMPLE ASSAULT,2701 Simple Assault.,1303,9,2,-79.89667126,40.45562104
2627,148334319,17012484,10,2017-01-21T00:54:00,2017-01-21,00:54:00,"5700 Block Halchess St Pittsburgh, PA 15207",15207,Y,Lincoln Place,4,SIMPLE ASSAULT,2701 Simple Assault.,3102,5,3,-79.90876209,40.36688248
2657,148364671,17013068,10,2017-01-21T22:11:00,2017-01-21,22:11:00,"7200 Block Mingo St Pittsburgh, PA 15206",15206,Y,Lincoln-Lemington-Belmar,5,SIMPLE ASSAULT,2701 Simple Assault.,1202,9,2,-79.89270722,40.46500471
2663,148159889,17007809,10,2017-01-13T16:48:00,2017-01-13,16:48:00,"600 Block Pressley St Pittsburgh, PA 15212",15212,Y,East Allegheny,1,SIMPLE ASSAULT,2701 Simple Assault.,2304,1,1,-79.99867635,40.45221085
2668,148369402,17011587,10,2017-01-19T17:05:00,2017-01-19,17:05:00,"2400 Block Fairland St Pittsburgh, PA 15210",15210,Y,Overbrook,3,SIMPLE ASSAULT,2701 Simple Assault.,3204,4,4,-79.99363529,40.38498158
2676,148155988,17010883,10,2017-01-18T15:30:00,2017-01-18,15:30:00,"800 Block Memory Ln Pittsburgh, PA 15219",15219,Y,Bedford Dwellings,2,SIMPLE ASSAULT,2701 Simple Assault.,509,6,3,-79.98045081,40.44831732
2690,148269663,17011587,10,2017-01-19T17:05:00,2017-01-19,17:05:00,"2400 Block Fairland St Pittsburgh, PA 15210",15210,Y,Overbrook,3,SIMPLE ASSAULT,2701 Simple Assault.,3204,4,4,-79.99363529,40.38498158
2719,148404194,17013743,10,2017-01-23T01:57:00,2017-01-23,01:57:00,"1500 Block Crucible St Pittsburgh, PA 15220",15220,Y,Crafton Heights,6,SIMPLE ASSAULT,"2701(a)(1) Simple Assault - Intent., Know., Reckless.Cause Bod. Injury",2814,2,5,-80.05111326,40.44716839
2776,-2962001974,17009450,10,2017-01-16T08:59:00,2017-01-16,08:59:00,"500 Block Pressley St Pittsburgh, PA 15212",15212,N,East Allegheny,1,SIMPLE ASSAULT,2701 Simple Assault.,2304,1,1,-79.99981282,40.45181225
2803,148289695,17011967,10,2017-01-06T00:00:00,2017-01-06,00:00:00,"300 Block Burrows St Pittsburgh, PA 15213",15213,N,Terrace Village,2,SIMPLE ASSAULT,2701 Simple Assault. / 4304(a)(1) Endangering Welfare of Children.,510,6,3,-79.97060672,40.44037247
2807,148553476,17000035,10,2017-01-01T00:52:00,2017-01-01,00:52:00,"Art Rooney Ave & North Shore Dr Pittsburgh, PA 15212",15212,Y,North Shore,1,SIMPLE ASSAULT,2701 Simple Assault.,2205,1,6,-80.01355472,40.44529938
2808,148558940,17014768,10,2017-01-24T19:20:00,2017-01-24,19:20:00,"7700 Block Penn Ave Pittsburgh, PA 15221",15221,Y,Point Breeze North,4,SIMPLE ASSAULT,2701 Simple Assault.,1405,9,3,-79.89361993,40.44608961
2812,147868178,17008627,10,2017-01-06T14:47:00,2017-01-06,14:47:00,"10 Block Yoder St Pittsburgh, PA 15207",15207,N,Greenfield,4,SIMPLE ASSAULT,2701 Simple Assault.,1516,5,3,-79.94761153,40.42515626
2813,147868662,17008628,10,2017-01-06T12:29:00,2017-01-06,12:29:00,"6900 Block Frankstown  Ave Pittsburgh, PA 15208",15208,N,East Hills,5,SIMPLE ASSAULT,2701 Simple Assault.,1306,9,2,-79.90425142,40.45803936
2858,147833035,17007803,10,2017-01-06T15:55:00,2017-01-06,15:55:00,"Mullooly St & Ivyglen St Pittsburgh, PA 15227",15227,N,Overbrook,3,SIMPLE ASSAULT,"2701(a)(1) Simple Assault - Intent., Know., Reckless.Cause Bod. Injury / 2709(a)(3) Harassment No Legitimate Purpose",3204,4,4,-79.9914138,40.38020293
2860,147870684,17008669,10,2017-01-14T21:57:00,2017-01-14,21:57:00,"2900 Block Sheraden Blvd Pittsburgh, PA 15204",15204,Y,Sheraden,6,SIMPLE ASSAULT,2701 Simple Assault.,2018,2,5,-80.05405784,40.4533676
2873,147898811,17009196,10,2017-01-15T19:35:00,2017-01-15,19:35:00,"7700 Block Alsace St Pittsburgh, PA 15221",15221,Y,Homewood South,5,SIMPLE ASSAULT,2701 Simple Assault.,1304,9,2,-79.88977675,40.45154294
2880,147876712,16238965,10,2017-01-15T08:05:00,2017-01-15,08:05:00,"200 Block Aidyl Ave Pittsburgh, PA 15226",15226,Y,Brookline,6,SIMPLE ASSAULT,2701 Simple Assault.,1919,4,4,-80.02813269,40.39628451
2898,147885785,17008933,10,2017-01-15T10:37:00,2017-01-15,10:37:00,"400 Block Edgemont St Pittsburgh, PA 15211",15211,Y,Mount Washington,3,SIMPLE ASSAULT,2701 Simple Assault.,1807,3,4,-80.00059026,40.42224863
2909,147784695,17002781,10,2017-01-05T13:09:00,2017-01-05,13:09:00,"700 Block Harker St Pittsburgh, PA 15220",15220,Y,Elliott,6,SIMPLE ASSAULT,2701 Simple Assault. / 2705 Recklessly Endangering Another Person. / 2701(a)(3) Simple Assault - Attempts by Physical Menace ,2020,2,5,-80.0405668,40.44011786
2971,147995111,17009063,10,2017-01-17T10:00:00,2017-01-17,10:00:00,"400 Block Suncrest St Pittsburgh, PA 15210",15210,N,Knoxville,3,SIMPLE ASSAULT,2701 Simple Assault. / 4304(a)(1) Endangering Welfare of Children.,3001,3,4,-79.99498903,40.41118154
2995,148167349,17011007,10,2017-01-18T18:36:00,2017-01-18,18:36:00,"N Highland Ave & East Liberty Blvd Pittsburgh, PA 15206",15206,Y,East Liberty,5,SIMPLE ASSAULT,"2701(a)(1) Simple Assault - Intent., Know., Reckless.Cause Bod. Injury",1113,9,2,-79.92273104,40.4660114
3015,148333208,17012534,10,2017-01-21T02:00:00,2017-01-21,02:00:00,"1500 Block E Carson St Pittsburgh, PA 15203",15203,Y,South Side Flats,3,SIMPLE ASSAULT,2701 Simple Assault.,1702,3,4,-79.98330671,40.42868483
3021,148253156,17011497,4,2017-01-19T14:05:00,2017-01-19,14:05:00,"Blackadore St & Frankstown Ave Pittsburgh, PA 15221",15221,N,Homewood North,5,SIMPLE ASSAULT,2707.1 Discharge of a Firearm into Occupied Structure,1301,9,2,-79.8833639,40.45545116
3024,148311274,17012190,4,2017-01-20T16:07:00,2017-01-20,16:07:00,"200 Block Rochelle St Pittsburgh, PA 15210",15210,Y,Knoxville,3,SIMPLE ASSAULT,"2707.1 Discharge of a Firearm into Occupied Structure / 4910 Tampering with or Fabricating Physical Evidence. / 2705 Recklessly Endangering Another Person. / 3925 Receiving Stolen Property. / 3304 Criminal Mischief. / 6106 Firearms not to be Carried without a License. / 13(a)(16) Possession of Controlled Substance / 13(a)(30) Possession w/ Intent to Del. Controlled Substance / 5121 Escape. / 5511 Cruelty to Animals. / 6105(a)(1) Persons not to possess, use, manufacture, control, sell or transfer firearms: Former Convict enumerated in subsection (b)",3001,3,4,-79.99062279,40.41505082
3034,148184175,17011183,10,2017-01-18T23:40:00,2017-01-18,23:40:00,"2nd Ave & 10th St Brg Pittsburgh, PA 15219",15219,N,Bluff,2,SIMPLE ASSAULT,2701 Simple Assault.,103,6,3,-79.98981938,40.4344804
3038,148338299,17012547,10,2017-01-21T02:10:00,2017-01-21,02:10:00,"S 17th St & E Carson St Pittsburgh, PA 15203",15203,Y,South Side Flats,3,SIMPLE ASSAULT,"2701(a)(1) Simple Assault - Intent., Know., Reckless.Cause Bod. Injury / 5505 Public Drunkenness / 5503(a)(1) DISORDERLY CONDUCT - ENGAGE IN FIGHTING",1702,3,4,-79.98204758,40.42883493
3041,148368970,17013247,10,2017-01-22T03:28:00,2017-01-22,03:28:00,"1700 Block Wabash St Pittsburgh, PA 15220",15220,Y,West End,6,SIMPLE ASSAULT,2701 Simple Assault.,2019,2,5,-80.02794033,40.43175214
3045,148303479,17010883,10,2017-01-20T13:38:00,2017-01-20,13:38:00,"200 Block 4th Ave Pittsburgh, PA 15222",15222,Y,Bedford Dwellings,2,SIMPLE ASSAULT,2701 Simple Assault.,509,,,-79.88580981,40.38838006
3069,148417377,17013827,10,2017-01-14T00:00:00,2017-01-14,00:00:00,"3200 Block Glen Mawr St Pittsburgh, PA 15204",15204,N,Sheraden,6,SIMPLE ASSAULT,2701 Simple Assault. / 4304(a)(1) Endangering Welfare of Children.,2018,2,5,-80.0541744,40.45855481
3088,148477604,17014232,10,2017-01-23T21:26:00,2017-01-23,21:26:00,"300 Block N Beatty St Pittsburgh, PA 15206",15206,Y,East Liberty,5,SIMPLE ASSAULT,2701 Simple Assault. / 5104 Resisting Arrest or Other Law Enforcement. / 2706 Terroristic Threats.,1115,9,2,-79.92542227,40.4642573
3111,148482565,17014356,10,2017-01-24T03:15:00,2017-01-24,03:15:00,"300 Block Winston St Pittsburgh, PA 15207",15207,Y,Hazelwood,4,SIMPLE ASSAULT,"2701(a)(1) Simple Assault - Intent., Know., Reckless.Cause Bod. Injury",1515,5,3,-79.93916174,40.40493511
3121,148338454,17012553,10,2017-01-21T02:50:00,2017-01-21,02:50:00,"1500 Block E Carson St Pittsburgh, PA 15203",15203,Y,South Side Flats,3,SIMPLE ASSAULT,5104 Resisting Arrest or Other Law Enforcement. / 2701 Simple Assault. / 5505 Public Drunkenness / 5503(a)(4) DISORDERLY CONDUCT - HAZARDOUS/PHYS. OFF / 5101 Obstructing Admin. of Law  / 3503 Criminal Trespass,1702,3,4,-79.98330671,40.42868483
3131,-2863021608,17006559,10,2017-01-11T18:40:00,2017-01-11,18:40:00,"3000 Block Bergman St Pittsburgh, PA 15204",15204,N,Sheraden,6,SIMPLE ASSAULT,2701 Simple Assault.,2018,2,5,-80.05365627,40.45542794
3158,148138762,17010527,10,2017-01-18T00:15:00,2017-01-18,00:15:00,"400 Block Atwood St Pittsburgh, PA 15213",15213,Y,Central Oakland,4,SIMPLE ASSAULT,2701 Simple Assault.,406,3,3,-79.95395185,40.43805592
3166,148475812,17014230,10,2017-01-22T23:05:00,2017-01-22,23:05:00,"4400 Block Penn Ave Pittsburgh, PA 15224",15224,N,Central Lawrenceville,2,SIMPLE ASSAULT,"2701(a)(1) Simple Assault - Intent., Know., Reckless.Cause Bod. Injury",902,7,2,-79.9532507,40.46591305
3170,148536916,17014606,10,2017-01-24T14:06:00,2017-01-24,14:06:00,"6400 Block Frankstown Ave Pittsburgh, PA 15206",15206,Y,Larimer,5,SIMPLE ASSAULT,"2701(a)(1) Simple Assault - Intent., Know., Reckless.Cause Bod. Injury",1208,9,2,-79.915653,40.46077054
3214,147841032,17007980,10,2017-01-13T21:38:00,2017-01-13,21:38:00,"800 Block Lilac St Pittsburgh, PA 15217",15217,Y,Greenfield,4,SIMPLE ASSAULT,2701 Simple Assault.,1517,5,3,-79.93535277,40.42492261
3244,-2862001284,17012189,10,2017-01-20T16:05:00,2017-01-20,16:05:00,"4100 Block Gladstone St Pittsburgh, PA 15207",15207,N,Greenfield,4,SIMPLE ASSAULT,2701(a)(3) Simple Assault - Attempts by Physical Menace ,1516,5,3,-79.9457408,40.42365645
3263,147783233,17007383,10,2017-01-13T01:22:00,2017-01-13,01:22:00,"2600 Block Penn Ave Pittsburgh, PA 15222",15222,Y,Strip District,2,SIMPLE ASSAULT,2701 Simple Assault. / 3304(a)(5) CRIMINAL MISCHIEF - Intentionally Damages Real Or Personal Property Of Another,203,7,6,-79.97835426,40.45489317
3271,148356655,17012917,10,2017-01-21T17:35:00,2017-01-21,17:35:00,"wood St & 3rd Ave Pittsburgh, PA 15222",15222,N,Central Business District,2,SIMPLE ASSAULT,"2701 Simple Assault. / 2709(a)(1) Harassment by Physical Contact, or Attempts or Threats / 5503 Disorderly Conduct.",201,6,6,-80.00163703,40.43887822
3278,-2818001516,17008685,10,2017-01-14T23:00:00,2017-01-14,23:00:00,"1200 Block Pocono St Pittsburgh, PA 15218",15218,N,Swisshelm Park,4,SIMPLE ASSAULT,2701 Simple Assault.,1411,5,3,-79.90409809,40.41936168
3280,147894644,17009086,10,2017-01-15T16:26:00,2017-01-15,16:26:00,"2300 Block East Hills Dr Pittsburgh, PA 15221",15221,N,East Hills,5,SIMPLE ASSAULT,"2701 Simple Assault. / 2705 Recklessly Endangering Another Person. / 2709(a)(1) Harassment by Physical Contact, or Attempts or Threats",1306,9,2,-79.87136146,40.45656464
3287,147965137,16238648,10,2017-01-17T03:15:00,2017-01-17,03:15:00,"100 Block N Negley Ave Pittsburgh, PA 15206",15206,Y,East Liberty,5,SIMPLE ASSAULT,2701 Simple Assault.,807,9,2,-79.93057707,40.46350886
3322,148184766,17011168,10,2017-01-18T23:00:00,2017-01-18,23:00:00,"Woodlow  St Pittsburgh, PA 15220",15220,N,Crafton Heights,6,SIMPLE ASSAULT,2701 Simple Assault.,2814,,,0,0
3407,148281601,17011797,10,2017-01-19T22:00:00,2017-01-19,22:00:00,"300 Block Meritt Ave Pittsburgh, PA 15227",15227,Y,Carrick,3,SIMPLE ASSAULT,2701 Simple Assault.,2904,4,4,-79.98485706,40.38370861
3442,148347697,17012637,10,2017-01-12T16:43:00,2017-01-12,16:43:00,"300 Block Natchez St Pittsburgh, PA 15211",15211,N,Mount Washington,3,SIMPLE ASSAULT,2701 Simple Assault. / 4304(a)(1) Endangering Welfare of Children.,1914,2,5,-80.01083772,40.42917059
3452,148368904,17013238,10,2017-01-22T02:45:00,2017-01-22,02:45:00,"100 Block Marlow St Pittsburgh, PA 15220",15220,N,Elliott,6,SIMPLE ASSAULT,2701 Simple Assault.,2020,2,5,-80.03966677,40.44308967
3453,148369816,17013245,10,2017-01-22T05:19:00,2017-01-22,05:19:00,"800 Block Memory Ln Pittsburgh, PA 15219",15219,Y,Bedford Dwellings,2,SIMPLE ASSAULT,"2701(a)(1) Simple Assault - Intent., Know., Reckless.Cause Bod. Injury",509,6,3,-79.98045081,40.44831732
3457,148399774,17013635,10,2017-01-22T20:50:00,2017-01-22,20:50:00,Zone 5,one 5,N,,5,SIMPLE ASSAULT,2701 Simple Assault. / 3126(a)(1) Indecent assault without consent,,,,,
3470,148353247,17012834,10,2017-01-18T04:30:00,2017-01-18,04:30:00,"70 Block Edenvale St Pittsburgh, PA 15212",15212,Y,Fineview,1,SIMPLE ASSAULT,2701(a)(3) Simple Assault - Attempts by Physical Menace  / 2902 Unlawful Restraint.,2509,1,1,-80.00325144,40.46247702
3491,148356985,17012907,10,2017-01-21T17:12:00,2017-01-21,17:12:00,"2000 Block Centre Ave Pittsburgh, PA 15219",15219,Y,Crawford-Roberts,2,SIMPLE ASSAULT,2701 Simple Assault.,305,6,3,-79.9799791,40.44358094
3529,148403056,17013717,10,2017-01-23T00:45:00,2017-01-23,00:45:00,"1900 Block 5th Ave Pittsburgh, PA 15219",15219,N,Bluff,2,SIMPLE ASSAULT,2701 Simple Assault.,103,6,3,-79.9793932,40.43824562
3538,148404479,17013730,10,2017-01-23T01:35:00,2017-01-23,01:35:00,"1200 Block Album St Pittsburgh, PA 15206",15206,Y,Lincoln-Lemington-Belmar,5,SIMPLE ASSAULT,2706 Terroristic Threats. / 2701 Simple Assault.,1203,9,2,-79.90386889,40.46863771
3543,148473487,17014082,10,2017-01-12T17:00:00,2017-01-12,17:00:00,"300 Block Natchez St Pittsburgh, PA 15211",15211,N,Mount Washington,3,SIMPLE ASSAULT,2701 Simple Assault.,1914,2,5,-80.01083772,40.42917059
3545,148478840,17014287,10,2017-01-23T23:55:00,2017-01-23,23:55:00,"7100 Block Mt Vernon St Pittsburgh, PA 15208",15208,Y,Homewood North,5,SIMPLE ASSAULT,2701 Simple Assault.,1301,9,2,-79.89741607,40.46185362
3557,148257171,17011488,10,2017-01-16T15:15:00,2017-01-16,15:15:00,"2600 Block Norwood Ave Pittsburgh, PA 15214",15214,Y,Perry South,1,SIMPLE ASSAULT,2701 Simple Assault.,2615,6,1,-80.01263459,40.47023932
3562,148269406,17011540,10,2017-01-19T15:35:00,2017-01-19,15:35:00,"60 Block Almeda St Pittsburgh, PA 15207",15207,N,Hazelwood,4,SIMPLE ASSAULT,2701 Simple Assault.,1515,5,3,-79.9392562,40.40314138
3565,148476686,17014244,10,2017-01-23T21:46:00,2017-01-23,21:46:00,"900 Block Watson St Pittsburgh, PA 15219",15219,N,Bluff,2,SIMPLE ASSAULT,2701 Simple Assault.,103,6,6,-79.99155821,40.43824766
3572,148514652,17012834,10,2017-01-18T04:30:00,2017-01-18,04:30:00,"70 Block Edenvale St Pittsburgh, PA 15212",15212,Y,Fineview,1,SIMPLE ASSAULT,2701(a)(3) Simple Assault - Attempts by Physical Menace  / 2902 Unlawful Restraint.,2509,1,1,-80.00325144,40.46247702
3592,147916720,17009470,10,2017-01-04T13:30:00,2017-01-04,13:30:00,"7100 Block Highland Dr Pittsburgh, PA 15206",15206,N,Lincoln-Lemington-Belmar,5,SIMPLE ASSAULT,2701 Simple Assault. / 4304(a)(1) Endangering Welfare of Children.,1203,9,2,-79.9006068,40.47865585
3497,148399228,17013603,17,2017-01-22T19:30:00,2017-01-22,19:30:00,Zone 1,one 1,N,,1,STATUATORY SEXUAL ASSAULT,3122.1 Statuatory Sexual Assault,,,,,
55,146789116,16240871,18,2016-12-28T19:59:00,2016-12-28,19:59:00,"100 Block Fountain St Pittsburgh, PA 15212",15212,Y,Fineview,1,STOLEN PROPERTY,13(a)(31) Marijuana: Possession Small Amount / 4303 General Lighting Requirements. / 1543 Driving While Operating Privilege is Suspended or Revoked.,2509,1,1,-80.00200557,40.45878362
88,146779119,16240785,18,2016-12-28T17:05:00,2016-12-28,17:05:00,"600 Block Brownsville Rd Pittsburgh, PA 15210",15210,Y,Knoxville,3,STOLEN PROPERTY,13(a)(32) Paraphernalia - Use or Possession,3001,,,-79.99028853,40.41037642
95,146638623,16239853,18,2016-12-27T00:30:00,2016-12-27,00:30:00,"1600 Block Sandusky Ct Pittsburgh, PA 15212",15212,Y,Fineview,1,STOLEN PROPERTY,13(a)(32) Paraphernalia - Use or Possession / 3503.B1I DEF. TRESPASS ACTUAL COMMUNICATION,2509,6,1,-80.00544754,40.45893258
144,146964275,17000375,18,2017-01-01T14:06:00,2017-01-01,14:06:00,"1800 Block Washington Blvd Pittsburgh, PA 15206",15206,Y,Highland Park,5,STOLEN PROPERTY,13(a)(32) Paraphernalia - Use or Possession,1106,7,2,-79.90785132,40.48117966
194,146950231,16242681,18,2017-01-01T00:20:00,2017-01-01,00:20:00,"Pioneer Ave & Cadet Ave Pittsburgh, PA 15226",15226,Y,Brookline,6,STOLEN PROPERTY,13(a)(32) Paraphernalia - Use or Possession / 3802(a)(1) DUI - General Impairment / 1543 Driving While Operating Privilege is Suspended or Revoked.,1917,4,4,-80.00949872,40.41171402
229,147154253,17001848,18,2017-01-04T01:21:00,2017-01-04,01:21:00,"7000 Block Lemington Ave Pittsburgh, PA 15206",15206,Y,Lincoln-Lemington-Belmar,5,STOLEN PROPERTY,13(a)(32) Paraphernalia - Use or Possession / 4107(b)(2) Vehicle Equipment Standards / 3809(a) Restriction on Alcoholic Beverages in Vehicle,1203,9,2,-79.89824,40.47135812
236,147293450,17000375,18,2017-01-01T14:06:00,2017-01-01,14:06:00,"600 Block 1st Ave Pittsburgh, PA 15219",15219,Y,Highland Park,5,STOLEN PROPERTY,13(a)(32) Paraphernalia - Use or Possession,1106,6,6,-79.99630099,40.43469659
259,147048261,17001015,18,2017-01-02T17:16:00,2017-01-02,17:16:00,"1100 Block Sheffield St Pittsburgh, PA 15233",15233,Y,Manchester,1,STOLEN PROPERTY,13(a)(31) Marijuana: Possession Small Amount,2107,6,1,-80.02126185,40.45420401
277,146920043,16242044,18,2016-12-30T20:07:00,2016-12-30,20:07:00,"1600 Block Sandusky Ct Pittsburgh, PA 15212",15212,Y,Fineview,1,STOLEN PROPERTY,13(a)(32) Paraphernalia - Use or Possession / 3503(b)(1)(i) Actual Communication / 601.16 Public Urination And Defecation,2509,6,1,-80.00544754,40.45893258
300,147144172,17001807,18,2017-01-03T22:50:00,2017-01-03,22:50:00,"Murray Ave & Forward Ave Pittsburgh, PA 15217",15217,Y,Squirrel Hill South,4,STOLEN PROPERTY,13(a)(31) Marijuana: Possession Small Amount / 13(a)(32) Paraphernalia - Use or Possession / 4303 General Lighting Requirements. / 3112 Traffic-Control Signals.,1414,5,3,-79.92348532,40.42973793
401,147378579,17003535,18,2017-01-06T17:22:00,2017-01-06,17:22:00,"4400 Block Browns Hill Rd Pittsburgh, PA 15217",15217,Y,Greenfield,4,STOLEN PROPERTY,13(a)(32) Paraphernalia - Use or Possession / 9501 Bench Warrant / 4914 False Identification to Law Enforcement Authorities,1517,5,3,-79.92703317,40.41949053
434,146872109,16241555,18,2016-12-30T00:40:00,2016-12-30,00:40:00,"Mulford St & Fram St Pittsburgh, PA 15221",15221,Y,Homewood South,5,STOLEN PROPERTY,13(a)(31) Marijuana: Possession Small Amount / 1301 Registration and Certificate of Title Required.,1304,9,2,-79.8883209,40.45196919
453,146931579,16242356,18,2016-12-31T11:43:00,2016-12-31,11:43:00,"1600 Block Lincoln Ave Pittsburgh, PA 15206",15206,Y,Lincoln-Lemington-Belmar,5,STOLEN PROPERTY,13(a)(32) Paraphernalia - Use or Possession / 3802(c) DUI - Highest Rate of Alcohol - BAC >= .16% / 3745 Accidents Involving Damage to Unattended Veh.or Prop. / 3802(a)(1) DUI - General Impairment / 1786 Required Financial Responsibility.,1202,9,2,-79.89260763,40.47041005
460,147688637,16176301,18,2017-01-11T22:00:00,2017-01-11,22:00:00,"Cedar Ave & Avery St Pittsburgh, PA 15212",15212,Y,Allegheny Center,1,STOLEN PROPERTY,13(a)(32) Paraphernalia - Use or Possession,2204,1,1,-80.00149157,40.45269081
461,147690299,17006637,18,2017-01-11T22:20:00,2017-01-11,22:20:00,"Cedar Ave & Avery St Pittsburgh, PA 15212",15212,Y,Allegheny Center,1,STOLEN PROPERTY,13(a)(32) Paraphernalia - Use or Possession,2204,1,1,-80.00149157,40.45269081
602,147502373,17005212,18,2017-01-09T18:08:00,2017-01-09,18:08:00,"Steuben St & Sanctus St Pittsburgh, PA 15220",15220,Y,West End,6,STOLEN PROPERTY,13(a)(31) Marijuana: Possession Small Amount / 13(a)(32) Paraphernalia - Use or Possession / 4524 Windshield Obstructions and Wipers.,2019,2,5,-80.03340407,40.44240188
631,146782394,16240802,18,2016-12-28T18:02:00,2016-12-28,18:02:00,"1900 Block Watson St Pittsburgh, PA 15219",15219,Y,Bluff,2,STOLEN PROPERTY,13(a)(32) Paraphernalia - Use or Possession / 5506 Loitering and Prowling at Night / 9501 Bench Warrant / 9501 Bench Warrant / 4914 False Identification to Law Enforcement Authorities / 601.08(a) Alcohol or Liquor Consumption on Streets or Sidewalks,103,6,3,-79.97942715,40.43780895
652,147593666,17005969,18,2017-01-10T22:20:00,2017-01-10,22:20:00,"East Ohio St & James St Pittsburgh, PA 15212",15212,Y,East Allegheny,1,STOLEN PROPERTY,13(a)(32) Paraphernalia - Use or Possession / 5505 Public Drunkenness / 5506 Loitering and Prowling at Night / 4914 False Identification to Law Enforcement Authorities,2304,1,1,-80.00060123,40.45347768
694,146869951,16241575,18,2016-12-30T01:49:00,2016-12-30,01:49:00,"Brushton Ave & Frankstown Ave Pittsburgh, PA 15221",15221,Y,Homewood South,5,STOLEN PROPERTY,13(a)(32) Paraphernalia - Use or Possession / 13(a)(31) Marijuana: Possession Small Amount / 9501 Bench Warrant / 1543 Driving While Operating Privilege is Suspended or Revoked. / 1786 Required Financial Responsibility. / 1301 Registration and Certificate of Title Required. / 4914(A) False Identification to Law Enforcement,1304,9,2,-79.8880931,40.45552646
805,147685958,17006613,18,2017-01-11T20:58:00,2017-01-11,20:58:00,"Jason Way & Penrose St Pittsburgh, PA 15207",15207,Y,Hazelwood,4,STOLEN PROPERTY,13(a)(31) Marijuana: Possession Small Amount,1515,5,3,-79.93754534,40.40316048
928,147678985,17006541,18,2017-01-11T18:59:00,2017-01-11,18:59:00,"100 Block Smithfield St Pittsburgh, PA 15222",15222,Y,Central Business District,2,STOLEN PROPERTY,13(a)(32) Paraphernalia - Use or Possession / 13(a)(31) Marijuana: Possession Small Amount / 9998 Overdose Other,201,6,6,-80.00022114,40.43729589
938,147686460,17006600,18,2017-01-11T21:00:00,2017-01-11,21:00:00,"Kelly St & Hale St Pittsburgh, PA 15221",15221,Y,Homewood South,5,STOLEN PROPERTY,13(a)(31) Marijuana: Possession Small Amount / 1543 Driving While Operating Privilege is Suspended or Revoked. / 3323 Stop Signs and Yield Signs.,1304,9,2,-79.88716941,40.45328925
1015,147006513,17000387,18,2017-01-01T14:45:00,2017-01-01,14:45:00,"300 Block Mountain Ave Pittsburgh, PA 15210",15210,Y,Mount Oliver,3,STOLEN PROPERTY,13(a)(31) Marijuana: Possession Small Amount / 1504 Classes of Licenses. / 1301 Registration and Certificate of Title Required.,1607,3,4,-79.97772175,40.41407305
1126,146942180,16242443,18,2016-12-31T15:06:00,2016-12-31,15:06:00,"3200 Block Dawson St Pittsburgh, PA 15213",15213,Y,South Oakland,4,STOLEN PROPERTY,13(a)(32) Paraphernalia - Use or Possession / 9998 Overdose Other,409,3,3,-79.95398398,40.42991296
1220,147565228,17005649,18,2017-01-10T13:12:00,2017-01-10,13:12:00,"Kelly St & Brushton Ave Pittsburgh, PA 15221",15221,Y,Homewood South,5,STOLEN PROPERTY,13(a)(32) Paraphernalia - Use or Possession,1304,9,2,-79.88882121,40.45366301
1242,147124392,17001539,18,2017-01-03T15:10:00,2017-01-03,15:10:00,"4400 Block Penn Ave Pittsburgh, PA 15224",15224,Y,Central Lawrenceville,2,STOLEN PROPERTY,13(a)(31) Marijuana: Possession Small Amount,902,7,2,-79.9532507,40.46591305
1358,146976202,17000570,18,2017-01-01T21:21:00,2017-01-01,21:21:00,"Joyce Ter & Rose Way Pittsburgh, PA 15207",15207,Y,Hazelwood,4,STOLEN PROPERTY,13(a)(31) Marijuana: Possession Small Amount / 4703 Operation of Vehicle without Official Certif. of Inspection / 1543 Driving While Operating Privilege is Suspended or Revoked. / 4706 Prohib. on Expend. for Emission Insp Prog..,1515,5,3,-79.94062895,40.40877704
1368,147368257,17003379,18,2017-01-06T13:24:00,2017-01-06,13:24:00,"Market St Pittsburgh, PA 15222",15222,Y,Central Business District,2,STOLEN PROPERTY,13(a)(32) Paraphernalia - Use or Possession / 7512 Criminal Use of Communication,201,6,6,-80.00456711,40.43785026
1401,147068922,17001190,18,2017-01-02T23:56:00,2017-01-02,23:56:00,"N Lang Ave & Jonathan St Pittsburgh, PA 15208",15208,Y,Point Breeze North,4,STOLEN PROPERTY,13(a)(32) Paraphernalia - Use or Possession,1405,9,2,-79.90136227,40.45293121
1414,147385545,17003592,18,2017-01-06T19:30:00,2017-01-06,19:30:00,"400 Block North Shore Dr Pittsburgh, PA 15212",15212,Y,North Shore,1,STOLEN PROPERTY,13(a)(31) Marijuana: Possession Small Amount / 5505 Public Drunkenness / 3503.B1I DEF. TRESPASS ACTUAL COMMUNICATION / 5503(a)(2) DISORDERLY CONDUCT - UNREASONABLE NOISE,2205,1,6,-80.01233658,40.44626305
1460,147427630,17004102,18,2017-01-07T18:55:00,2017-01-07,18:55:00,"Henderson St & Sandusky Ct Pittsburgh, PA 15212",15212,Y,Fineview,1,STOLEN PROPERTY,13(a)(32) Paraphernalia - Use or Possession / 9501 Bench Warrant,2509,6,1,-80.00562369,40.45922713
1601,147602789,17006086,18,2017-01-11T02:41:00,2017-01-11,02:41:00,"Shetland St & Washington Blvd Pittsburgh, PA 15206",15206,Y,Larimer,5,STOLEN PROPERTY,13(a)(31) Marijuana: Possession Small Amount / 1301 Registration and Certificate of Title Required. / 1786 Required Financial Responsibility.,1208,9,2,-79.90718751,40.45991437
1647,146853081,16241389,18,2016-12-29T17:50:00,2016-12-29,17:50:00,"200 Block Meritt Ave Pittsburgh, PA 15227",15227,Y,Carrick,3,STOLEN PROPERTY,13(a)(32) Paraphernalia - Use or Possession / 3802(d)(1)(i) DUI - Controlled Substance - Schedule I,2904,4,4,-79.98191483,40.38351807
1758,146752431,16240522,18,2016-12-28T08:46:00,2016-12-28,08:46:00,"4600 Block Hatfield St Pittsburgh, PA 15201",15201,Y,Central Lawrenceville,2,STOLEN PROPERTY,13(a)(32) Paraphernalia - Use or Possession / 9501 Bench Warrant,901,7,2,-79.9612731,40.47459503
1833,147051987,17001037,18,2017-01-02T17:48:00,2017-01-02,17:48:00,"7200 Block Frankstown Ave Pittsburgh, PA 15208",15208,Y,Homewood South,5,STOLEN PROPERTY,13(a)(32) Paraphernalia - Use or Possession / 9501 Bench Warrant / 4914(A) False Identification to Law Enforcement / 1371 Operation Following Suspension of Registration. / 1543 Driving While Operating Privilege is Suspended or Revoked. / 1376 Surrender of Reg. Upon Susp. or Revocation.,1303,9,2,-79.89625374,40.45732934
1875,147128235,17001723,18,2017-01-03T19:30:00,2017-01-03,19:30:00,"5th Ave & Moultrie St Pittsburgh, PA 15219",15219,Y,Bluff,2,STOLEN PROPERTY,13(a)(31) Marijuana: Possession Small Amount / 1543 Driving While Operating Privilege is Suspended or Revoked. / 3111 Obedience to Traffic-Control Devices.,103,6,3,-79.9742609,40.43801214
1900,147223857,17002234,18,2017-01-04T16:26:00,2017-01-04,16:26:00,"Tripoli St & Middle St Pittsburgh, PA 15212",15212,Y,East Allegheny,1,STOLEN PROPERTY,13(a)(32) Paraphernalia - Use or Possession / 9015 Failure To Appear/Arrest on Attachment Order / 4914(A) False Identification to Law Enforcement,2304,1,1,-79.99990319,40.45617743
1920,147430577,17004192,18,2017-01-07T22:15:00,2017-01-07,22:15:00,"400 Block Atwood St Pittsburgh, PA 15213",15213,Y,Central Oakland,4,STOLEN PROPERTY,13(a)(31) Marijuana: Possession Small Amount / 13(a)(32) Paraphernalia - Use or Possession / 3308 One-Way Roadways and Rotary Traffic Islands.,406,3,3,-79.95395185,40.43805592
2033,147966996,17009927,18,2017-01-17T03:42:00,2017-01-17,03:42:00,"Banksville Rd & McMonagle  Ave Pittsburgh, PA 15220",15220,Y,Banksville,6,STOLEN PROPERTY,13(a)(31) Marijuana: Possession Small Amount / 3802(c) DUI - Highest Rate of Alcohol - BAC >= .16% / 3802(a)(1) DUI - General Impairment,2023,2,5,-80.04440488,40.39962135
2044,147836672,17007867,18,2017-01-13T18:33:00,2017-01-13,18:33:00,"Forbes Ave & Craft Ave Pittsburgh, PA 15213",15213,Y,South Oakland,4,STOLEN PROPERTY,13(a)(31) Marijuana: Possession Small Amount,409,6,3,-79.96311149,40.43710864
2117,148162738,17010901,18,2017-01-18T15:54:00,2017-01-18,15:54:00,"5500 Block Margaretta St Pittsburgh, PA 15206",15206,Y,Garfield,5,STOLEN PROPERTY,13(a)(31) Marijuana: Possession Small Amount / 9501 Bench Warrant,1114,9,2,-79.93016028,40.46837078
2162,147913361,17009418,18,2017-01-16T07:16:00,2017-01-16,07:16:00,"1100 Block Liberty Ave Pittsburgh, PA 15222",15222,Y,Central Business District,2,STOLEN PROPERTY,13(a)(32) Paraphernalia - Use or Possession / 9998 Overdose Other,201,7,6,-79.99237413,40.44415497
2232,147940228,17009598,18,2017-01-16T14:41:00,2017-01-16,14:41:00,"800 Block Calcutta Way Pittsburgh, PA 15220",15220,Y,Elliott,6,STOLEN PROPERTY,13(a)(31) Marijuana: Possession Small Amount,2020,2,5,-80.04017468,40.44161259
2274,148398966,17013622,18,2017-01-22T20:45:00,2017-01-22,20:45:00,"1400 Block Washington Blvd Pittsburgh, PA 15206",15206,Y,Highland Park,5,STOLEN PROPERTY,13(a)(31) Marijuana: Possession Small Amount / 9501 Bench Warrant,1106,9,2,-79.90854001,40.47045991
2480,147867683,17008575,18,2017-01-14T19:14:00,2017-01-14,19:14:00,"1400 Block 5th Ave Pittsburgh, PA 15219",15219,Y,Bluff,2,STOLEN PROPERTY,13(a)(32) Paraphernalia - Use or Possession / 13(a)(32) Paraphernalia - Use or Possession / 9501 Bench Warrant / 4914 False Identification to Law Enforcement Authorities,103,6,3,-79.98631004,40.43836994
2512,147905708,17009303,18,2017-01-16T00:20:00,2017-01-16,00:20:00,"North Commons & Federal St N Pittsburgh, PA 15212",15212,Y,Allegheny Center,1,STOLEN PROPERTY,13(a)(31) Marijuana: Possession Small Amount,2204,1,1,-80.00614067,40.45394151
2514,147951780,17009729,18,2017-01-16T18:42:00,2017-01-16,18:42:00,"1300 Block Steuben St Pittsburgh, PA 15220",15220,Y,Crafton Heights,6,STOLEN PROPERTY,13(a)(32) Paraphernalia - Use or Possession,2814,2,5,-80.04857905,40.4418514
2545,148063260,17010374,18,2017-01-17T19:30:00,2017-01-17,19:30:00,"Bedford Ave & Somers Dr Pittsburgh, PA 15219",15219,Y,Middle Hill,2,STOLEN PROPERTY,13(a)(31) Marijuana: Possession Small Amount,501,6,3,-79.97554969,40.44940944
2606,148401298,17013614,18,2017-01-22T20:11:00,2017-01-22,20:11:00,"Chartiers Ave & Wind Gap Ave Pittsburgh, PA 15204",15204,N,Windgap,6,STOLEN PROPERTY,13(a)(32) Paraphernalia - Use or Possession / 3802(a)(1) DUI - General Impairment,2807,2,5,-80.07767125,40.45934538
2635,147826771,17007747,18,2017-01-13T15:30:00,2017-01-13,15:30:00,"Climax St & Walter St Pittsburgh, PA 15210",15210,Y,Allentown,3,STOLEN PROPERTY,13(a)(31) Marijuana: Possession Small Amount / 4303 General Lighting Requirements. / 1543 Driving While Operating Privilege is Suspended or Revoked.,1803,3,4,-79.99472731,40.41995619
2740,148550854,17014709,18,2017-01-24T17:33:00,2017-01-24,17:33:00,"43rd St & Foster St Pittsburgh, PA 15201",15201,Y,Central Lawrenceville,2,STOLEN PROPERTY,13(a)(31) Marijuana: Possession Small Amount / 1371 Operation Following Suspension of Registration.,901,7,2,-79.9615923,40.4715302
2847,147824810,17007709,18,2017-01-13T13:50:00,2017-01-13,13:50:00,"Washington Pl & Bigelow Blvd Pittsburgh, PA 15219",15219,Y,Central Business District,2,STOLEN PROPERTY,13(a)(32) Paraphernalia - Use or Possession / 5507 Obstructing Highways and Passages. / 4914(A) False Identification to Law Enforcement / 602.04 Panhandling and Prohibited Conduct,201,6,6,-79.99203417,40.44165293
2976,148060951,17010311,18,2017-01-17T17:53:00,2017-01-17,17:53:00,"Wylie Ave & Hollace St Pittsburgh, PA 15219",15219,Y,Middle Hill,2,STOLEN PROPERTY,13(a)(31) Marijuana: Possession Small Amount / 3334 Turning Movements and Required Signals.,501,6,3,-79.96739743,40.44991692
3035,148187483,17011212,18,2017-01-19T01:26:00,2017-01-19,01:26:00,"Chartiers Ave & Municipal St Pittsburgh, PA 15204",15204,Y,Sheraden,6,STOLEN PROPERTY,13(a)(31) Marijuana: Possession Small Amount / 4703 Operation of Vehicle without Official Certif. of Inspection / 9501 Bench Warrant / 4706 Prohib. on Expend. for Emission Insp Prog.. / 3802(a)(1) DUI - General Impairment / 3323 Stop Signs and Yield Signs. / 1543 Driving While Operating Privilege is Suspended or Revoked.,2018,2,5,-80.0526479,40.45213396
3106,148539979,17014653,18,2017-01-24T16:00:00,2017-01-24,16:00:00,"200 Block Forbes Ave Pittsburgh, PA 15222",15222,Y,Central Business District,2,STOLEN PROPERTY,13(a)(30) Possession w/ Intent to Del. Controlled Substance,201,6,6,-80.0021799,40.44052406
3206,147841891,17008039,18,2017-01-13T23:31:00,2017-01-13,23:31:00,"E Mc Intyre Ave & Hazelton St Pittsburgh, PA 15214",15214,Y,Perry South,1,STOLEN PROPERTY,13(a)(31) Marijuana: Possession Small Amount / 1301 Registration and Certificate of Title Required.,2614,6,1,-80.00648134,40.46898573
3285,147957324,17009786,18,2017-01-16T21:20:00,2017-01-16,21:20:00,"2400 Block Chauncey Dr Pittsburgh, PA 15219",15219,Y,Bedford Dwellings,2,STOLEN PROPERTY,13(a)(32) Paraphernalia - Use or Possession / 3503.B1I DEF. TRESPASS ACTUAL COMMUNICATION,509,6,3,-79.97459725,40.44992033
3339,147956681,17009758,18,2017-01-16T20:49:00,2017-01-16,20:49:00,"1000 Block Penn Ave Pittsburgh, PA 15222",15222,Y,Central Business District,2,STOLEN PROPERTY,13(a)(32) Paraphernalia - Use or Possession / 5505 Public Drunkenness / 5503 Disorderly Conduct. / 4914 False Identification to Law Enforcement Authorities,201,6,6,-79.99553172,40.44441983
3415,148256438,17011523,18,2017-01-19T14:54:00,2017-01-19,14:54:00,"2700 Block Bergman St Pittsburgh, PA 15204",15204,Y,Sheraden,6,STOLEN PROPERTY,13(a)(31) Marijuana: Possession Small Amount / 1786 Required Financial Responsibility. / 1372 Unauthorized Transfer or Use of Registration. / 1543 Driving While Operating Privilege is Suspended or Revoked.,2018,2,5,-80.05133224,40.45295887
3483,148453547,17013900,18,2017-01-23T10:17:00,2017-01-23,10:17:00,"Jacksonia St & Charlick Way Pittsburgh, PA 15212",15212,Y,Central North Side,1,STOLEN PROPERTY,13(a)(31) Marijuana: Possession Small Amount / 13(a)(32) Paraphernalia - Use or Possession / 1511 Carrying and Exhibiting Driver's License on Demand.,2503,6,1,-80.00805263,40.45817197
62,146832801,16241240,18,2016-12-29T13:08:00,2016-12-29,13:08:00,"Ensign Ave Pittsburgh, PA 15226",15226,Y,Bon Air,3,STOLEN PROPERTY - OTHER,13(a)(16) Possession of Controlled Substance / 13(a)(32) Paraphernalia - Use or Possession / 5123 Contraband.,1806,,,0,0
86,146729163,16240433,18,2016-12-28T02:11:00,2016-12-28,02:11:00,"100 Block Rhine Ct Pittsburgh, PA 15212",15212,Y,Spring Hill-City View,1,STOLEN PROPERTY - OTHER,13(a)(30) Possession w/ Intent to Del. Controlled Substance / 13(a)(16) Possession of Controlled Substance / 13(a)(31) Marijuana: Possession Small Amount / 1501 Drivers Required to be Licensed. / 4107(b)(2) Vehicle Equipment Standards,2620,1,1,-79.99465567,40.46732084
148,146850341,16241362,18,2016-12-29T16:49:00,2016-12-29,16:49:00,"N Highland Ave & Broad St Pittsburgh, PA 15206",15206,Y,East Liberty,5,STOLEN PROPERTY - OTHER,13(a)(31) Marijuana: Possession Small Amount / 13(a)(16) Possession of Controlled Substance / 4303 General Lighting Requirements. / 4703 Operation of Vehicle without Official Certif. of Inspection / 1301 Registration and Certificate of Title Required. / 1543 Driving While Operating Privilege is Suspended or Revoked. / 1372 Unauthorized Transfer or Use of Registration. / 1786 Required Financial Responsibility.,1115,9,2,-79.92434498,40.46249043
157,146793848,16240925,18,2016-12-28T21:25:00,2016-12-28,21:25:00,"Constance St & Spring Garden Ave Pittsburgh, PA 15212",15212,Y,East Allegheny,1,STOLEN PROPERTY - OTHER,13(a)(31) Marijuana: Possession Small Amount / 13(a)(30) Possession w/ Intent to Del. Controlled Substance / 13(a)(16) Possession of Controlled Substance / 13(a)(32) Paraphernalia - Use or Possession / 5503 Disorderly Conduct. / 5123 Contraband. / 3353 Prohibitions in Specified Places.,2304,1,1,-79.99463098,40.45791442
248,147068686,17001174,18,2017-01-02T22:57:00,2017-01-02,22:57:00,"Robinson St & Ellers St Pittsburgh, PA 15213",15213,Y,West Oakland,4,STOLEN PROPERTY - OTHER,13(a)(32) Paraphernalia - Use or Possession / 13(a)(16) Possession of Controlled Substance / 3802(d)(1)(i) DUI - Controlled Substance - Schedule I / 9998 Overdose Other,402,6,3,-79.96564913,40.44166551
255,147017162,17000760,18,2017-01-02T08:57:00,2017-01-02,08:57:00,"10 Block 40th St Pittsburgh, PA 15201",15201,Y,Central Lawrenceville,2,STOLEN PROPERTY - OTHER,13(a)(16) Possession of Controlled Substance / 13(a)(16) Possession of Controlled Substance / 13(a)(32) Paraphernalia - Use or Possession,901,7,2,-79.96487963,40.47022919
265,147305408,17002775,18,2017-01-05T12:58:00,2017-01-05,12:58:00,"2200 Block Carey Way Pittsburgh, PA 15221",15221,Y,Allegheny Center,2,STOLEN PROPERTY - OTHER,13(a)(16) Possession of Controlled Substance / 13(a)(30) Possession w/ Intent to Del. Controlled Substance / 7512 Criminal Use of Communication,2204,3,4,-79.97464449,40.42788667
279,146921749,16242058,18,2016-12-30T20:37:00,2016-12-30,20:37:00,"100 Block Penfort St Pittsburgh, PA 15214",15214,Y,Northview Heights,1,STOLEN PROPERTY - OTHER,13(a)(16) Possession of Controlled Substance,2609,1,1,-80.00282222,40.4733496
323,147226337,17002258,18,2017-01-04T17:25:00,2017-01-04,17:25:00,"4th Ave & Grant St Pittsburgh, PA 15219",15219,Y,Central Business District,2,STOLEN PROPERTY - OTHER,13(a)(32) Paraphernalia - Use or Possession / 13(a)(16) Possession of Controlled Substance / 4303 General Lighting Requirements. / 1543 Driving While Operating Privilege is Suspended or Revoked.,201,6,6,-79.99769917,40.43804256
364,147344434,17003128,18,2017-01-06T01:17:00,2017-01-06,01:17:00,"S 12th St & Bedford Sq Pittsburgh, PA 15203",15203,Y,South Side Flats,3,STOLEN PROPERTY - OTHER,13(a)(16) Possession of Controlled Substance / 13(a)(30) Possession w/ Intent to Del. Controlled Substance / 3802(b) DUI - High Rate of Alchol - BAC >=.10% <.16% / 4303 General Lighting Requirements. / 3802(a)(1) DUI - General Impairment / 3334 Turning Movements and Required Signals.,1702,3,4,-79.98645129,40.42970877
379,147449866,17004629,18,2017-01-08T17:41:00,2017-01-08,17:41:00,"Millbridge St & Industry St Pittsburgh, PA 15210",15210,Y,Allentown,3,STOLEN PROPERTY - OTHER,13(a)(16) Possession of Controlled Substance / 4524 Windshield Obstructions and Wipers. / 1543 Driving While Operating Privilege is Suspended or Revoked.,1803,3,4,-79.99579575,40.42078048
514,147053080,17001008,18,2017-01-02T19:40:00,2017-01-02,19:40:00,"P J Mc Ardle Rdwy & Arlington Ave Pittsburgh, PA 15203",15203,Y,South Side Slopes,3,STOLEN PROPERTY - OTHER,13(a)(30) Possession w/ Intent to Del. Controlled Substance / 13(a)(32) Paraphernalia - Use or Possession / 13(a)(16) Possession of Controlled Substance / 4303 General Lighting Requirements. / 3334 Turning Movements and Required Signals. / 1543 Driving While Operating Privilege is Suspended or Revoked.,1706,3,4,-79.9983606,40.42899024
572,147453408,17004740,18,2017-01-08T21:16:00,2017-01-08,21:16:00,"Centre Ave & Washington Pl Pittsburgh, PA 15219",15219,Y,Central Business District,2,STOLEN PROPERTY - OTHER,13(a)(16) Possession of Controlled Substance / 13(a)(32) Paraphernalia - Use or Possession,201,6,6,-79.99153026,40.440468
576,147389790,17003615,18,2017-01-06T21:09:00,2017-01-06,21:09:00,"1200 Block High St Pittsburgh, PA 15212",15212,Y,Spring Garden,1,STOLEN PROPERTY - OTHER,13(a)(16) Possession of Controlled Substance / 13(a)(32) Paraphernalia - Use or Possession / 4304(a)(1) Endangering Welfare of Children.,2412,1,1,-79.99163613,40.46063328
674,147572021,17005537,18,2017-01-10T14:25:00,2017-01-10,14:25:00,"1000 Block Wexford Plaza  Dr Wexford , PA 15090",15090,Y,Outside City,OSC,STOLEN PROPERTY - OTHER,13(a)(16) Possession of Controlled Substance / 13(a)(16) Possession of Controlled Substance / 13(a)(32) Paraphernalia - Use or Possession / 7512 Criminal Use of Communication,5599,,,-80.0535729,40.61598088
764,147247732,17002443,18,2017-01-04T21:55:00,2017-01-04,21:55:00,"100 Block Hornaday Rd Pittsburgh, PA 15210",15210,Y,Carrick,3,STOLEN PROPERTY - OTHER,13(a)(16) Possession of Controlled Substance / 13(a)(16) Possession of Controlled Substance / 13(a)(32) Paraphernalia - Use or Possession,2902,4,4,-79.98573918,40.3945116
811,147125390,17001673,18,2017-01-03T18:15:00,2017-01-03,18:15:00,"Chartiers Ave & Lorenz Ave Pittsburgh, PA 15220",15220,Y,Elliott,6,STOLEN PROPERTY - OTHER,13(a)(16) Possession of Controlled Substance,2020,2,5,-80.04063013,40.44397301
912,147417342,17003940,18,2017-01-07T13:16:00,2017-01-07,13:16:00,"7000 Block Kedron St Pittsburgh, PA 15208",15208,Y,Homewood North,5,STOLEN PROPERTY - OTHER,13(a)(16) Possession of Controlled Substance,1301,9,2,-79.89962815,40.46174524
937,147685831,17006510,18,2017-01-11T17:44:00,2017-01-11,17:44:00,"Woodland Ave & Plough St Pittsburgh, PA 15212",15212,Y,Marshall-Shadeland,1,STOLEN PROPERTY - OTHER,13(a)(16) Possession of Controlled Substance / 3334 Turning Movements and Required Signals. / 1501 Drivers Required to be Licensed.,2715,1,1,-80.0332499,40.46848074
967,146943604,16242485,18,2016-12-31T16:30:00,2016-12-31,16:30:00,"1600 Block Sandusky Ct Pittsburgh, PA 15212",15212,Y,Fineview,1,STOLEN PROPERTY - OTHER,13(a)(16) Possession of Controlled Substance / 13(a)(16) Possession of Controlled Substance / 13(a)(32) Paraphernalia - Use or Possession,2509,6,1,-80.00544754,40.45893258
975,147662336,17006318,18,2017-01-11T13:48:00,2017-01-11,13:48:00,"5000 Block Butler St Pittsburgh, PA 15201",15201,Y,Central Lawrenceville,2,STOLEN PROPERTY - OTHER,13(a)(16) Possession of Controlled Substance / 13(a)(32) Paraphernalia - Use or Possession / 1543 Driving While Operating Privilege is Suspended or Revoked.,901,7,2,-79.95603688,40.47789217
1046,146841261,16241288,18,2016-12-29T15:20:00,2016-12-29,15:20:00,"Brighton Rd & Ingham St Pittsburgh, PA 15212",15212,Y,Perry South,1,STOLEN PROPERTY - OTHER,"13(a)(16) Possession of Controlled Substance / 13(a)(30) Possession w/ Intent to Del. Controlled Substance / 13(a)(32) Paraphernalia - Use or Possession / 13(a)(16) Possession of Controlled Substance / 13(a)(30) Possession w/ Intent to Del. Controlled Substance / 3111 Obedience to Traffic-Control Devices. / 6105(a)(1) Persons not to possess, use, manufacture, control, sell or transfer firearms: Former Convict enumerated in subsection (b) / 6110.2 Possesion of Firearm with Altered Mfg. Number",2615,6,1,-80.02504567,40.46710753
1071,146852929,16241397,18,2016-12-29T17:51:00,2016-12-29,17:51:00,"Broadway Ave & Neeld Ave Pittsburgh, PA 15216",15216,Y,Beechview,6,STOLEN PROPERTY - OTHER,13(a)(16) Possession of Controlled Substance / 1301 Registration and Certificate of Title Required. / 1543 Driving While Operating Privilege is Suspended or Revoked.,1920,4,5,-80.03095218,40.40262622
1142,147430698,17004214,18,2017-01-07T23:40:00,2017-01-07,23:40:00,"1700 Block Arcena St Pittsburgh, PA 15219",15219,Y,Bedford Dwellings,2,STOLEN PROPERTY - OTHER,13(a)(16) Possession of Controlled Substance / 13(a)(32) Paraphernalia - Use or Possession,509,6,3,-79.98386183,40.44749085
1152,146967572,17000432,18,2017-01-01T16:19:00,2017-01-01,16:19:00,"Lakewood St & Vixen St Pittsburgh, PA 15220",15220,Y,Elliott,6,STOLEN PROPERTY - OTHER,13(a)(30) Possession w/ Intent to Del. Controlled Substance / 13(a)(31) Marijuana: Possession Small Amount / 13(a)(32) Paraphernalia - Use or Possession / 13(a)(16) Possession of Controlled Substance / 4703 Operation of Vehicle without Official Certif. of Inspection / 4914 False Identification to Law Enforcement Authorities / 4706 Prohib. on Expend. for Emission Insp Prog.. / 1501 Drivers Required to be Licensed. / 1301 Registration and Certificate of Title Required.,2020,,,0,0
1164,147053628,17001099,18,2017-01-02T19:35:00,2017-01-02,19:35:00,"6600 Block Frankstown Ave Pittsburgh, PA 15206",15206,Y,Larimer,5,STOLEN PROPERTY - OTHER,13(a)(16) Possession of Controlled Substance / 3334 Turning Movements and Required Signals.,1208,9,2,-79.91088157,40.45922043
1240,147122175,17001549,18,2017-01-03T15:00:00,2017-01-03,15:00:00,"100 Block Rhine Pl Pittsburgh, PA 15212",15212,Y,Spring Hill-City View,1,STOLEN PROPERTY - OTHER,13(a)(16) Possession of Controlled Substance,2620,1,1,-79.99409859,40.4667862
1241,147122972,17001595,18,2017-01-03T16:28:00,2017-01-03,16:28:00,"20 Block Meritt Ave Pittsburgh, PA 15227",15227,Y,Carrick,3,STOLEN PROPERTY - OTHER,13(a)(16) Possession of Controlled Substance / 13(a)(30) Possession w/ Intent to Del. Controlled Substance / 903 Criminal Conspiracy. / 7512 Criminal Use of Communication,2904,4,4,-79.97834109,40.38388712
1270,-2946010175,16240910,18,2016-12-28T21:02:00,2016-12-28,21:02:00,"Chartiers Ave & Municipal St Pittsburgh, PA 15204",15204,Y,Sheraden,6,STOLEN PROPERTY - OTHER,13(a)(16) Possession of Controlled Substance / 13(a)(32) Paraphernalia - Use or Possession / 4303 General Lighting Requirements. / 9501 Bench Warrant,2018,2,5,-80.0526479,40.45213396
1277,146920588,16242041,18,2016-12-30T20:28:00,2016-12-30,20:28:00,"Forbes Ave & Stanwix St Pittsburgh, PA 15222",15222,Y,Central Business District,2,STOLEN PROPERTY - OTHER,13(a)(16) Possession of Controlled Substance / 13(a)(31) Marijuana: Possession Small Amount / 4303 General Lighting Requirements. / 1543 Driving While Operating Privilege is Suspended or Revoked. / 4581 Restraint Systems.,201,6,6,-80.00398189,40.44116171
1334,147327969,17002857,18,2017-01-05T16:00:00,2017-01-05,16:00:00,"600 Block Pressley St Pittsburgh, PA 15212",15212,Y,East Allegheny,1,STOLEN PROPERTY - OTHER,13(a)(16) Possession of Controlled Substance / 13(a)(30) Possession w/ Intent to Del. Controlled Substance / 13(a)(30)* Delivery of Controlled Substance,2304,1,1,-79.99867635,40.45221085
1338,147383016,17003542,18,2017-01-06T18:00:00,2017-01-06,18:00:00,"Bedford Ave & Memory Ln Pittsburgh, PA 15219",15219,Y,Middle Hill,2,STOLEN PROPERTY - OTHER,13(a)(30) Possession w/ Intent to Del. Controlled Substance / 13(a)(16) Possession of Controlled Substance / 4303 General Lighting Requirements. / 3809(a) Restriction on Alcoholic Beverages in Vehicle / 7124 Fraudulent Use or Removal of Registration Plates,501,6,3,-79.97835345,40.44821863
1449,147135442,17241340,18,2016-12-29T17:20:00,2016-12-29,17:20:00,"2000 Block Sarah St Pittsburgh, PA 15210",15210,N,Allentown,3,STOLEN PROPERTY - OTHER,13(a)(16) Possession of Controlled Substance,1803,3,4,-79.97759638,40.42754186
1526,147427476,17004107,18,2017-01-07T19:32:00,2017-01-07,19:32:00,"Covel Way & Rose St Pittsburgh, PA 15219",15219,Y,Crawford-Roberts,2,STOLEN PROPERTY - OTHER,13(a)(16) Possession of Controlled Substance / 13(a)(16) Possession of Controlled Substance / 4303 General Lighting Requirements. / 1543 Driving While Operating Privilege is Suspended or Revoked.,305,6,3,-79.97927301,40.44287254
1541,147415266,16241854,18,2016-12-30T13:59:00,2016-12-30,13:59:00,"Glenwood Brg & Glass Run Rd Ramp Pittsburgh, PA 15207",15207,Y,Hays,4,STOLEN PROPERTY - OTHER,13(a)(16) Possession of Controlled Substance / 13(a)(16) Possession of Controlled Substance / 13(a)(30)* Delivery of Controlled Substance / 13(a)(30)* Delivery of Controlled Substance,3101,,,0,0
1576,147581545,17005759,18,2017-01-10T16:02:00,2017-01-10,16:02:00,"300 Block Sylvania Ave Pittsburgh, PA 15210",15210,Y,Beltzhoover,3,STOLEN PROPERTY - OTHER,13(a)(16) Possession of Controlled Substance / 3334 Turning Movements and Required Signals. / 1501 Drivers Required to be Licensed.,1809,3,4,-80.00220041,40.41720516
1602,147603032,17006091,18,2017-01-11T03:05:00,2017-01-11,03:05:00,"2400 Block Middletown Rd Pittsburgh, PA 15205",15205,Y,Crafton Heights,6,STOLEN PROPERTY - OTHER,13(a)(32) Paraphernalia - Use or Possession / 13(a)(16) Possession of Controlled Substance,2814,2,5,-80.05536082,40.44399081
1613,146629580,16239652,18,2016-12-26T16:30:00,2016-12-26,16:30:00,"6th Ave & Smithfield St Pittsburgh, PA 15222",15222,Y,Central Business District,2,STOLEN PROPERTY - OTHER,13(a)(16) Possession of Controlled Substance / 13(a)(32) Paraphernalia - Use or Possession / 9501 Bench Warrant / 1543 Driving While Operating Privilege is Suspended or Revoked.,201,6,6,-79.99773116,40.44145645
1690,146631959,16239679,18,2016-12-26T17:05:00,2016-12-26,17:05:00,"N Braddock Ave & Mulford St Pittsburgh, PA 15208",15208,Y,Homewood South,5,STOLEN PROPERTY - OTHER,13(a)(16) Possession of Controlled Substance,1303,9,2,-79.89130093,40.4526512
1792,146959305,16242422,18,2016-12-31T14:11:00,2016-12-31,14:11:00,"1100 Block Margray St Pittsburgh, PA 15207",15207,N,Lincoln Place,4,STOLEN PROPERTY - OTHER,13(a)(16) Possession of Controlled Substance,3102,5,3,-79.91683416,40.36709036
1809,147128167,17001618,18,2017-01-03T15:40:00,2017-01-03,15:40:00,"44th St & Calvin St Pittsburgh, PA 15201",15201,Y,Central Lawrenceville,2,STOLEN PROPERTY - OTHER,13(a)(30) Possession w/ Intent to Del. Controlled Substance / 13(a)(32) Paraphernalia - Use or Possession / 13(a)(16) Possession of Controlled Substance,902,7,2,-79.95377627,40.46662299
1834,146910270,16241854,18,2016-12-30T13:59:00,2016-12-30,13:59:00,"Glenwood Brg & Glass Run Rd Ramp Pittsburgh, PA 15207",15207,Y,Hays,4,STOLEN PROPERTY - OTHER,13(a)(32) Paraphernalia - Use or Possession / 13(a)(16) Possession of Controlled Substance / 13(a)(16) Possession of Controlled Substance / 13(a)(19) Purchase from Unauthorized Seller / 13(a)(30)* Delivery of Controlled Substance / 13(a)(19) Purchase from Unauthorized Seller / 13(a)(30)* Delivery of Controlled Substance,3101,,,0,0
1880,146957077,17000199,18,2017-01-01T05:45:00,2017-01-01,05:45:00,"600 Block Brookline Blvd Pittsburgh, PA 15226",15226,Y,Brookline,6,STOLEN PROPERTY - OTHER,13(a)(16) Possession of Controlled Substance / 9998 Overdose Other,1918,4,4,-80.02248557,40.39522082
1941,147234921,17002210,18,2017-01-04T16:06:00,2017-01-04,16:06:00,"100 Block Rhine Pl Pittsburgh, PA 15212",15212,Y,Spring Hill-City View,1,STOLEN PROPERTY - OTHER,13(a)(16) Possession of Controlled Substance / 13(a)(32) Paraphernalia - Use or Possession / 13(a)(30) Possession w/ Intent to Del. Controlled Substance,2620,1,1,-79.99409859,40.4667862
1944,147248516,17002434,18,2017-01-04T21:40:00,2017-01-04,21:40:00,"Pitt St & Hill Ave Pittsburgh, PA 15221",15221,Y,Homewood South,5,STOLEN PROPERTY - OTHER,"13(a)(16) Possession of Controlled Substance / 13(a)(31) Marijuana: Possession Small Amount / 13(a)(30) Possession w/ Intent to Del. Controlled Substance / 13(a)(32) Paraphernalia - Use or Possession / 5123 Contraband. / 9501 Bench Warrant / 1786 Required Financial Responsibility. / 1301 Registration and Certificate of Title Required. / 7122 Altered, Forged or Counterfeit Documents and Plates",1304,,,-79.88592943,40.4469076
1992,147834264,17007788,18,2017-01-13T15:51:00,2017-01-13,15:51:00,"200 Block East Ohio St Pittsburgh, PA 15212",15212,Y,Allegheny Center,1,STOLEN PROPERTY - OTHER,"13(a)(16) Possession of Controlled Substance / 13(a)(30) Possession w/ Intent to Del. Controlled Substance / 13(a)(32) Paraphernalia - Use or Possession / 13(a)(31) Marijuana: Possession Small Amount / 9501 Bench Warrant / 6105(a)(1) Persons not to possess, use, manufacture, control, sell or transfer firearms: Former Convict enumerated in subsection (b)",2204,1,1,-80.00366043,40.45302239
2012,148370559,17013216,18,2017-01-22T02:09:00,2017-01-22,02:09:00,"300 Block E North Ave Pittsburgh, PA 15212",15212,Y,Central North Side,1,STOLEN PROPERTY - OTHER,13(a)(30) Possession w/ Intent to Del. Controlled Substance / 13(a)(16) Possession of Controlled Substance,2206,1,1,-80.00964027,40.45494869
2036,147834036,17007871,18,2017-01-13T18:03:00,2017-01-13,18:03:00,"300 Block Millbridge St Pittsburgh, PA 15210",15210,Y,Allentown,3,STOLEN PROPERTY - OTHER,13(a)(16) Possession of Controlled Substance / 13(a)(32) Paraphernalia - Use or Possession / 9501 Bench Warrant,1803,3,4,-79.9959778,40.41981134
2072,147840475,17007897,18,2017-01-13T19:21:00,2017-01-13,19:21:00,"900 Block South Side Ave Pittsburgh, PA 15212",15212,Y,Spring Hill-City View,1,STOLEN PROPERTY - OTHER,13(a)(16) Possession of Controlled Substance / 13(a)(16) Possession of Controlled Substance / 13(a)(32) Paraphernalia - Use or Possession / 3503(b)(1)(i) Actual Communication,2620,1,1,-79.99930685,40.46954397
2128,148281207,17011811,18,2017-01-19T23:15:00,2017-01-19,23:15:00,"Hamilton Ave & Hale St Pittsburgh, PA 15221",15221,Y,Homewood South,5,STOLEN PROPERTY - OTHER,13(a)(16) Possession of Controlled Substance / 3323 Stop Signs and Yield Signs.,1304,9,2,-79.88753684,40.45235025
2143,148152846,17010898,18,2017-01-18T16:13:00,2017-01-18,16:13:00,"2100 Block Centre Ave Pittsburgh, PA 15219",15219,Y,Middle Hill,2,STOLEN PROPERTY - OTHER,13(a)(16) Possession of Controlled Substance / 13(a)(32) Paraphernalia - Use or Possession,501,6,3,-79.9789234,40.44439518
2240,148364566,17013073,18,2017-01-21T22:36:00,2017-01-21,22:36:00,"Balph Way & Mc Brier Way Pittsburgh, PA 15212",15212,Y,Central North Side,1,STOLEN PROPERTY - OTHER,13(a)(16) Possession of Controlled Substance,2206,1,1,-80.00506275,40.4562128
2245,148156754,17010895,18,2017-01-18T15:55:00,2017-01-18,15:55:00,"Howard St & E North Ave Pittsburgh, PA 15212",15212,Y,Fineview,1,STOLEN PROPERTY - OTHER,13(a)(16) Possession of Controlled Substance / 13(a)(32) Paraphernalia - Use or Possession / 13(a)(32) Paraphernalia - Use or Possession,2509,1,1,-79.99923238,40.4568392
2381,147864994,17008539,18,2017-01-14T17:25:00,2017-01-14,17:25:00,"Letsche St & Belleau St Pittsburgh, PA 15214",15214,Y,Fineview,1,STOLEN PROPERTY - OTHER,13(a)(16) Possession of Controlled Substance,2509,6,1,-80.00808894,40.46204776
2415,147836020,17007860,18,2017-01-13T18:00:00,2017-01-13,18:00:00,"1000 Block Norwich Ave Pittsburgh, PA 15226",15226,Y,Brookline,6,STOLEN PROPERTY - OTHER,13(a)(32) Paraphernalia - Use or Possession / 13(a)(16) Possession of Controlled Substance / 9501 Bench Warrant,1918,4,4,-80.02086926,40.38834085
2474,148046420,17010222,18,2017-01-17T15:35:00,2017-01-17,15:35:00,"100 Block N Millvale Ave Pittsburgh, PA 15224",15224,Y,Garfield,5,STOLEN PROPERTY - OTHER,13(a)(16) Possession of Controlled Substance / 13(a)(16) Possession of Controlled Substance / 13(a)(30) Possession w/ Intent to Del. Controlled Substance / 13(a)(30) Possession w/ Intent to Del. Controlled Substance / 13(a)(32) Paraphernalia - Use or Possession / 7512 Criminal Use of Communication / 13(a)(30)* Delivery of Controlled Substance,1017,9,2,-79.94515796,40.46529784
2507,148170201,17011088,18,2017-01-18T17:30:00,2017-01-18,17:30:00,"1100 Block Brabec St Pittsburgh, PA 15212",15212,Y,Troy Hill,1,STOLEN PROPERTY - OTHER,13(a)(30) Possession w/ Intent to Del. Controlled Substance / 13(a)(16) Possession of Controlled Substance,2406,1,1,-79.99201674,40.45858179
2540,148152028,17010817,18,2017-01-18T14:15:00,2017-01-18,14:15:00,"Lenora St & Meadow St Pittsburgh, PA 15206",15206,Y,Larimer,5,STOLEN PROPERTY - OTHER,13(a)(16) Possession of Controlled Substance / 3111 Obedience to Traffic-Control Devices.,1204,9,2,-79.91545771,40.46613964
2584,148313752,17012259,18,2017-01-20T17:54:00,2017-01-20,17:54:00,"200 Block Mayflower St Pittsburgh, PA 15206",15206,Y,Larimer,5,STOLEN PROPERTY - OTHER,13(a)(30) Possession w/ Intent to Del. Controlled Substance / 13(a)(32) Paraphernalia - Use or Possession / 13(a)(16) Possession of Controlled Substance / 1543 Driving While Operating Privilege is Suspended or Revoked. / 3354 Additional Parking Regulations. / 3323 Stop Signs and Yield Signs. / 4914 False Identification to Law Enforcement Authorities / 3334 Turning Movements and Required Signals.,1208,9,2,-79.91381988,40.4622809
2642,148273965,17011648,18,2017-01-19T17:33:00,2017-01-19,17:33:00,"Kelly St & N Braddock Ave Pittsburgh, PA 15208",15208,Y,Homewood South,5,STOLEN PROPERTY - OTHER,13(a)(32) Paraphernalia - Use or Possession / 13(a)(31) Marijuana: Possession Small Amount / 13(a)(16) Possession of Controlled Substance / 4304(a)(1) Endangering Welfare of Children. / 1543 Driving While Operating Privilege is Suspended or Revoked. / 3323 Stop Signs and Yield Signs.,1303,9,2,-79.89074375,40.45410038
2696,148381830,17013392,18,2017-01-22T12:50:00,2017-01-22,12:50:00,"Bennett St & Oakwood St Pittsburgh, PA 15221",15221,Y,Homewood South,5,STOLEN PROPERTY - OTHER,13(a)(16) Possession of Controlled Substance / 9501 Bench Warrant / 1543 Driving While Operating Privilege is Suspended or Revoked. / 13(a)(31)(i) Marijuana - Possess Small Amt for Personal Use,1304,9,2,-79.88564895,40.45402645
2733,148479571,17013216,18,2017-01-22T02:09:00,2017-01-22,02:09:00,"300 Block E North Ave Pittsburgh, PA 15212",15212,Y,Central North Side,1,STOLEN PROPERTY - OTHER,13(a)(16) Possession of Controlled Substance / 13(a)(30) Possession w/ Intent to Del. Controlled Substance,2206,1,1,-80.00964027,40.45494869
2792,148112257,17010713,18,2017-01-18T09:30:00,2017-01-18,09:30:00,"2600 Block Centre Ave Pittsburgh, PA 15219",15219,Y,Terrace Village,2,STOLEN PROPERTY - OTHER,13(a)(16) Possession of Controlled Substance / 13(a)(30) Possession w/ Intent to Del. Controlled Substance,510,6,3,-79.96841687,40.446533
3025,148328838,17012363,18,2017-01-20T20:50:00,2017-01-20,20:50:00,"1200 Block E Carson St Pittsburgh, PA 15203",15203,Y,South Side Flats,3,STOLEN PROPERTY - OTHER,13(a)(32) Paraphernalia - Use or Possession / 13(a)(16) Possession of Controlled Substance,1702,3,4,-79.98638716,40.42869554
3039,148355240,17012895,18,2017-01-21T16:50:00,2017-01-21,16:50:00,"Bedford Ave & Junilla St Pittsburgh, PA 15219",15219,Y,Middle Hill,2,STOLEN PROPERTY - OTHER,13(a)(16) Possession of Controlled Substance / 13(a)(31) Marijuana: Possession Small Amount / 13(a)(30) Possession w/ Intent to Del. Controlled Substance / 4701 Bribery in Official and Political Matters. / 4914 False Identification to Law Enforcement Authorities,501,6,3,-79.97299751,40.45049306
3245,147829825,17007714,18,2017-01-13T14:30:00,2017-01-13,14:30:00,"Bennett St & Tokay St Pittsburgh, PA 15221",15221,Y,East Hills,5,STOLEN PROPERTY - OTHER,13(a)(16) Possession of Controlled Substance / 4303 General Lighting Requirements. / 1543 Driving While Operating Privilege is Suspended or Revoked.,1306,9,2,-79.88070257,40.45469642
3258,148329148,17012384,18,2017-01-20T21:20:00,2017-01-20,21:20:00,"100 Block Washington Pl Pittsburgh, PA 15219",15219,Y,Central Business District,2,STOLEN PROPERTY - OTHER,13(a)(16) Possession of Controlled Substance / 13(a)(30) Possession w/ Intent to Del. Controlled Substance / 902 Criminal Solicitation. / 7512 Criminal Use of Communication / 5902(e) Patronizing a Prostitute / 13(a)(30)* Delivery of Controlled Substance,201,6,6,-79.99195588,40.44096339
3261,148359041,17012935,18,2017-01-21T17:57:00,2017-01-21,17:57:00,"Lorenz Ave & Crucible St Pittsburgh, PA 15220",15220,Y,Elliott,6,STOLEN PROPERTY - OTHER,"13(a)(16) Possession of Controlled Substance / 13(a)(31) Marijuana: Possession Small Amount / 4703 Operation of Vehicle without Official Certif. of Inspection / 1301 Registration and Certificate of Title Required. / 7122 Altered, Forged or Counterfeit Documents and Plates / 1786 Required Financial Responsibility. / 1543 Driving While Operating Privilege is Suspended or Revoked. / 4706 Prohib. on Expend. for Emission Insp Prog..",2020,2,5,-80.04171342,40.44324926
3277,147868605,17008615,18,2017-01-14T20:35:00,2017-01-14,20:35:00,"1700 Block Broadway Ave Pittsburgh, PA 15216",15216,Y,Beechview,6,STOLEN PROPERTY - OTHER,13(a)(16) Possession of Controlled Substance / 3802(d)(2) DUI - Drug - Impaired Ability,1916,4,5,-80.025281,40.40847144
3321,148075866,17010594,18,2017-01-18T03:06:00,2017-01-18,03:06:00,"Brushton Ave & Stranahan St Pittsburgh, PA 15206",15206,Y,Homewood North,5,STOLEN PROPERTY - OTHER,13(a)(30) Possession w/ Intent to Del. Controlled Substance / 13(a)(16) Possession of Controlled Substance / 4914 False Identification to Law Enforcement Authorities / 1543 Driving While Operating Privilege is Suspended or Revoked.,1301,9,2,-79.88849967,40.46132011
3325,148277878,17011744,18,2017-01-19T22:01:00,2017-01-19,22:01:00,"5th Ave & Diamond St Pittsburgh, PA 15219",15219,Y,Bluff,2,STOLEN PROPERTY - OTHER,13(a)(30) Possession w/ Intent to Del. Controlled Substance / 13(a)(30) Possession w/ Intent to Del. Controlled Substance / 13(a)(30) Possession w/ Intent to Del. Controlled Substance / 13(a)(16) Possession of Controlled Substance / 13(a)(32) Paraphernalia - Use or Possession / 13(a)(16) Possession of Controlled Substance / 13(a)(16) Possession of Controlled Substance / 3308 One-Way Roadways and Rotary Traffic Islands. / 1371 Operation Following Suspension of Registration. / 3714 Careless Driving,103,6,6,-79.992434,40.43886909
3337,147920815,17009452,18,2017-01-16T09:11:00,2017-01-16,09:11:00,"900 Block Steuben St Pittsburgh, PA 15220",15220,Y,Elliott,6,STOLEN PROPERTY - OTHER,"13(a)(30) Possession w/ Intent to Del. Controlled Substance / 13(a)(32) Paraphernalia - Use or Possession / 13(a)(16) Possession of Controlled Substance / 7122 Altered, Forged or Counterfeit Documents and Plates / 1543 Driving While Operating Privilege is Suspended or Revoked.",2020,2,5,-80.04166525,40.44241861
3350,147832307,17007578,18,2017-01-13T10:15:00,2017-01-13,10:15:00,"800 Block East Commons Pittsburgh, PA 15212",15212,Y,Allegheny Center,1,STOLEN PROPERTY - OTHER,13(a)(16) Possession of Controlled Substance / 13(a)(30) Possession w/ Intent to Del. Controlled Substance / 13(a)(30)* Delivery of Controlled Substance,2204,1,1,-79.99806273,40.45483608
3370,148074568,17010585,18,2017-01-18T02:54:00,2017-01-18,02:54:00,"Baum Blvd & S Millvale Ave Pittsburgh, PA 15213",15213,Y,Bloomfield,5,STOLEN PROPERTY - OTHER,13(a)(16) Possession of Controlled Substance / 13(a)(32) Paraphernalia - Use or Possession,804,7,2,-79.94767359,40.4543829
3374,148274226,17011704,18,2017-01-19T20:20:00,2017-01-19,20:20:00,"Irvine St & Greenfield Ave Pittsburgh, PA 15207",15207,Y,Hazelwood,4,STOLEN PROPERTY - OTHER,13(a)(16) Possession of Controlled Substance / 13(a)(32) Paraphernalia - Use or Possession / 13(a)(16) Possession of Controlled Substance,1501,5,3,-79.95203597,40.42491653
3427,148295694,17010594,18,2017-01-18T03:06:00,2017-01-18,03:06:00,"900 Block 2nd Ave Pittsburgh, PA 15219",15219,Y,Homewood North,5,STOLEN PROPERTY - OTHER,13(a)(16) Possession of Controlled Substance / 13(a)(30) Possession w/ Intent to Del. Controlled Substance,1301,6,3,-79.99307769,40.4350955
3434,148246665,17011440,18,2017-01-19T12:13:00,2017-01-19,12:13:00,"3100 Block Allendale St Pittsburgh, PA 15204",15204,Y,Sheraden,6,STOLEN PROPERTY - OTHER,13(a)(30) Possession w/ Intent to Del. Controlled Substance / 13(a)(32) Paraphernalia - Use or Possession / 13(a)(16) Possession of Controlled Substance,2022,2,5,-80.05989421,40.45439171
3539,148438329,17011629,18,2017-01-19T18:46:00,2017-01-19,18:46:00,"600 Block 1st Ave Pittsburgh, PA 15219",15219,Y,Central Business District,N/A,STOLEN PROPERTY - OTHER,13(a)(16) Possession of Controlled Substance / 13(a)(30) Possession w/ Intent to Del. Controlled Substance / 13(a)(32) Paraphernalia - Use or Possession / 13(a)(31) Marijuana: Possession Small Amount / 13(a)(19) Purchase from Unauthorized Seller / 903 Criminal Conspiracy.,,6,6,-79.99630099,40.43469659
3544,148475567,17014218,18,2017-01-23T20:58:00,2017-01-23,20:58:00,"Sherwood Ave & Bergman St Pittsburgh, PA 15204",15204,Y,Sheraden,6,STOLEN PROPERTY - OTHER,13(a)(16) Possession of Controlled Substance,2018,2,5,-80.05367632,40.45535503
670,-2983000341,17005646,99,2017-01-10T13:05:00,2017-01-10,13:05:00,"2300 Block Parklyn St Pittsburgh, PA 15234",15234,N,Overbrook,3,SUICIDE,9495 Suicide,3207,4,4,-80.00284401,40.38519922
89,146779197,16240689,9,2016-12-28T14:36:00,2016-12-28,14:36:00,"400 Block Orchard Pl Pittsburgh, PA 15210",15210,Y,Central Business District,3,TAMPER WITH/FAB PHYS EVIDENCE,"4910 Tampering with or Fabricating Physical Evidence. / 6106 Firearms not to be Carried without a License. / 3503(b)(1)(iii) Fencing or Enclosure / 6105(a)(1) Persons not to possess, use, manufacture, control, sell or transfer firearms: Former Convict enumerated in subsection (b)",3001,3,4,-79.99555662,40.41774013
245,146827387,16240689,9,2016-12-28T14:36:00,2016-12-28,14:36:00,"700 Block Second Ave Pittsburgh, PA 15219",15219,Y,Central Business District,3,TAMPER WITH/FAB PHYS EVIDENCE,"4910 Tampering with or Fabricating Physical Evidence. / 6106 Firearms not to be Carried without a License. / 3503(b)(1)(iii) Fencing or Enclosure / 6105(a)(1) Persons not to possess, use, manufacture, control, sell or transfer firearms: Former Convict enumerated in subsection (b)",3001,6,6,-79.99439768,40.43526818
462,147690538,17006652,9,2017-01-11T22:38:00,2017-01-11,22:38:00,"Boggs Ave & W Warrington Ave Pittsburgh, PA 15226",15226,Y,Mount Washington,3,TAMPER WITH/FAB PHYS EVIDENCE,4910 Tampering with or Fabricating Physical Evidence. / 13(a)(32) Paraphernalia - Use or Possession / 13(a)(16) Possession of Controlled Substance / 3323 Stop Signs and Yield Signs.,1915,4,5,-80.0110922,40.41560949
467,147694528,17006596,9,2017-01-12T00:01:00,2017-01-12,00:01:00,"200 Block Dinwiddie St Pittsburgh, PA 15219",15219,Y,Crawford-Roberts,2,TAMPER WITH/FAB PHYS EVIDENCE,"4910 Tampering with or Fabricating Physical Evidence. / 13(a)(30) Possession w/ Intent to Del. Controlled Substance / 13(a)(16) Possession of Controlled Substance / 13(a)(31) Marijuana: Possession Small Amount / 5126 Flight to Avoid Apprehension, Trial or Punishment. / 903 Criminal Conspiracy. / 4914 False Identification to Law Enforcement Authorities / 6105(a)(1) Persons not to possess, use, manufacture, control, sell or transfer firearms: Former Convict enumerated in subsection (b) / 1543 Driving While Operating Privilege is Suspended or Revoked.",305,6,3,-79.98046032,40.43913488
772,147677388,17006444,9,2017-01-11T16:50:00,2017-01-11,16:50:00,"Walter St & Freeland St Pittsburgh, PA 15210",15210,Y,Allentown,3,TAMPER WITH/FAB PHYS EVIDENCE,4910 Tampering with or Fabricating Physical Evidence. / 13(a)(16) Possession of Controlled Substance / 4914(A) False Identification to Law Enforcement / 3334 Turning Movements and Required Signals. / 3323 Stop Signs and Yield Signs.,1803,3,4,-79.9947079,40.41912937
813,147136396,17001791,9,2017-01-03T21:56:00,2017-01-03,21:56:00,"1600 Block Sandusky Ct Pittsburgh, PA 15212",15212,Y,Fineview,1,TAMPER WITH/FAB PHYS EVIDENCE,4910 Tampering with or Fabricating Physical Evidence. / 6106 Firearms not to be Carried without a License. / 13(a)(16) Possession of Controlled Substance / 13(a)(31) Marijuana: Possession Small Amount,2509,6,1,-80.00544754,40.45893258
829,147656507,17006336,9,2017-01-11T14:36:00,2017-01-11,14:36:00,"1100 Block Goettmann St Pittsburgh, PA 15212",15212,Y,Troy Hill,1,TAMPER WITH/FAB PHYS EVIDENCE,"4910 Tampering with or Fabricating Physical Evidence. / 5104 Resisting Arrest or Other Law Enforcement. / 6106 Firearms not to be Carried without a License. / 5126 Flight to Avoid Apprehension, Trial or Punishment. / 6105(a)(1) Persons not to possess, use, manufacture, control, sell or transfer firearms: Former Convict enumerated in subsection (b) / 6105(a)(1) Persons not to possess, use, manufacture, control, sell or transfer firearms: Former Convict enumerated in subsection (b)",2406,1,1,-79.99195318,40.45818014
875,146805060,16238155,9,2016-12-29T01:26:00,2016-12-29,01:26:00,"Frankstown Ave & Brushton Ave Pittsburgh, PA 15221",15221,Y,Homewood North,5,TAMPER WITH/FAB PHYS EVIDENCE,4910 Tampering with or Fabricating Physical Evidence. / 3925 Receiving Stolen Property. / 13(a)(16) Possession of Controlled Substance,1301,9,2,-79.8880931,40.45552646
1335,147374832,17003444,9,2017-01-06T15:27:00,2017-01-06,15:27:00,"2800 Block Salisbury St Pittsburgh, PA 15210",15210,Y,South Side Slopes,3,TAMPER WITH/FAB PHYS EVIDENCE,4910 Tampering with or Fabricating Physical Evidence. / 13(a)(30) Possession w/ Intent to Del. Controlled Substance / 13(a)(16) Possession of Controlled Substance / 13(a)(32) Paraphernalia - Use or Possession / 5121 Escape. / 13(a)(35)(i)(B) Possession with intent -Lookalike Drugs - Packaging,1608,3,4,-79.96925723,40.41832301
2195,148067850,17010439,9,2017-01-17T21:20:00,2017-01-17,21:20:00,"Irvine St & Tullymet St Pittsburgh, PA 15207",15207,Y,Hazelwood,4,TAMPER WITH/FAB PHYS EVIDENCE,4910 Tampering with or Fabricating Physical Evidence. / 13(a)(16) Possession of Controlled Substance / 9501 Bench Warrant,1501,5,3,-79.94597581,40.41457497
2255,148167305,17010990,9,2017-01-18T18:18:00,2017-01-18,18:18:00,"East St & Tripoli St Pittsburgh, PA 15212",15212,Y,East Allegheny,1,TAMPER WITH/FAB PHYS EVIDENCE,4910 Tampering with or Fabricating Physical Evidence. / 13(a)(32) Paraphernalia - Use or Possession / 13(a)(31) Marijuana: Possession Small Amount / 3323 Stop Signs and Yield Signs.,2304,1,1,-79.99866028,40.45641854
2476,147774769,17007214,9,2017-01-12T19:15:00,2017-01-12,19:15:00,"1800 Block 5th Ave Pittsburgh, PA 15219",15219,Y,Crawford-Roberts,2,TAMPER WITH/FAB PHYS EVIDENCE,4910 Tampering with or Fabricating Physical Evidence. / 13(a)(32) Paraphernalia - Use or Possession / 4914(A) False Identification to Law Enforcement,305,6,3,-79.98068683,40.43813814
2533,148051528,17010238,9,2017-01-17T16:10:00,2017-01-17,16:10:00,"Exchange Way & 9th St Pittsburgh, PA 15222",15222,Y,Central Business District,2,TAMPER WITH/FAB PHYS EVIDENCE,"4910 Tampering with or Fabricating Physical Evidence. / 5104 Resisting Arrest or Other Law Enforcement. / 6106 Firearms not to be Carried without a License. / 6117 Altering or Obliterating Marks of Identification. / 5126 Flight to Avoid Apprehension, Trial or Punishment. / 5121 Escape. / 6105(a)(1) Persons not to possess, use, manufacture, control, sell or transfer firearms: Former Convict enumerated in subsection (b)",201,6,6,-79.99816542,40.44335227
2594,148274748,17011752,9,2017-01-19T21:12:00,2017-01-19,21:12:00,"Bedford Ave & Roberts St Pittsburgh, PA 15219",15219,Y,Crawford-Roberts,2,TAMPER WITH/FAB PHYS EVIDENCE,4910 Tampering with or Fabricating Physical Evidence. / 6106 Firearms not to be Carried without a License. / 13(a)(31) Marijuana: Possession Small Amount,305,6,3,-79.98544976,40.44522039
2675,148147155,17010833,9,2017-01-18T13:50:00,2017-01-18,13:50:00,"Boston St & California Ave Pittsburgh, PA 15212",15212,Y,Marshall-Shadeland,1,TAMPER WITH/FAB PHYS EVIDENCE,4910 Tampering with or Fabricating Physical Evidence. / 13(a)(30) Possession w/ Intent to Del. Controlled Substance / 13(a)(16) Possession of Controlled Substance / 903 Criminal Conspiracy. / 4914 False Identification to Law Enforcement Authorities,2715,1,1,-80.03577784,40.46944677
2678,148553168,17014719,9,2017-01-24T18:05:00,2017-01-24,18:05:00,"Chauncey St & Wylie Ave Pittsburgh, PA 15219",15219,Y,Middle Hill,2,TAMPER WITH/FAB PHYS EVIDENCE,"4910 Tampering with or Fabricating Physical Evidence. / 3925 Receiving Stolen Property. / 6106 Firearms not to be Carried without a License. / 13(a)(16) Possession of Controlled Substance / 13(a)(30) Possession w/ Intent to Del. Controlled Substance / 4303 General Lighting Requirements. / 9501 Bench Warrant / 6105(a)(1) Persons not to possess, use, manufacture, control, sell or transfer firearms: Former Convict enumerated in subsection (b) / 1786 Required Financial Responsibility.",501,6,3,-79.97333432,40.44740779
3223,148165810,17010973,9,2017-01-18T18:00:00,2017-01-18,18:00:00,"Middle St & Foreland St Pittsburgh, PA 15212",15212,Y,East Allegheny,1,TAMPER WITH/FAB PHYS EVIDENCE,4910 Tampering with or Fabricating Physical Evidence. / 5104 Resisting Arrest or Other Law Enforcement. / 13(a)(32) Paraphernalia - Use or Possession / 13(a)(16) Possession of Controlled Substance / 5121 Escape. / 4914 False Identification to Law Enforcement Authorities / 902 Criminal Solicitation. / 5902(e) Patronizing a Prostitute,2304,1,1,-79.99938941,40.45456873
3559,148555440,17003590,9,2017-01-06T19:32:00,2017-01-06,19:32:00,"1200 Block Faulkner St Pittsburgh, PA 15204",15204,Y,Sheraden,6,TAMPER WITH/FAB PHYS EVIDENCE,4910 Tampering with or Fabricating Physical Evidence. / 3925 Receiving Stolen Property. / 6106 Firearms not to be Carried without a License.,2022,2,5,-80.06369552,40.4549373
145,146966248,17000403,10,2017-01-01T15:13:00,2017-01-01,15:13:00,"Allegheny Ave & N Lincoln Ave Pittsburgh, PA 15233",15233,N,Chateau,1,TERRORISTIC THREATS,2706 Terroristic Threats. / 5503(a)(4) DISORDERLY CONDUCT - HAZARDOUS/PHYS. OFF,2108,1,1,-80.01859951,40.45060233
227,146974754,17000532,10,2017-01-01T20:26:00,2017-01-01,20:26:00,"5100 Block Baum Blvd Pittsburgh, PA 15224",15224,N,Bloomfield,5,TERRORISTIC THREATS,2706 Terroristic Threats.,804,7,2,-79.94294344,40.45570974
334,147241847,17002381,10,2017-01-04T20:09:00,2017-01-04,20:09:00,"200 Block Venture St Pittsburgh, PA 15214",15214,Y,Perry North,1,TERRORISTIC THREATS,2706 Terroristic Threats.,2607,1,1,-80.01436966,40.48524843
385,147122596,17001601,10,2017-01-03T16:54:00,2017-01-03,16:54:00,"100 Block Smithfield St Pittsburgh, PA 15222",15222,Y,Central Business District,2,TERRORISTIC THREATS,2706 Terroristic Threats. / 5505 Public Drunkenness / 5503 Disorderly Conduct. / 3503.B1I DEF. TRESPASS ACTUAL COMMUNICATION,201,6,6,-80.00022114,40.43729589
406,147414367,17003906,10,2017-01-07T11:57:00,2017-01-07,11:57:00,"1100 Block Crucible St Pittsburgh, PA 15220",15220,N,Crafton Heights,6,TERRORISTIC THREATS,2709(a) Harassment. / 2706 Terroristic Threats.,2814,2,5,-80.04274208,40.44415492
605,146630992,16239676,10,2016-12-26T17:21:00,2016-12-26,17:21:00,"400 Block Oak Hill Dr Pittsburgh, PA 15213",15213,Y,Terrace Village,2,TERRORISTIC THREATS,2706 Terroristic Threats. / 5505 Public Drunkenness / 5503(a)(3) DISORDERLY CONDUCT - OBSCENE LANG/GEST / 3503.B1I DEF. TRESPASS ACTUAL COMMUNICATION,510,6,3,-79.96966678,40.44210394
608,147444461,17004449,10,2017-01-08T10:35:00,2017-01-08,10:35:00,"4200 Block 5th Ave Pittsburgh, PA 15213",15213,N,North Oakland,4,TERRORISTIC THREATS,2706 Terroristic Threats.,403,8,3,-79.95319334,40.44430229
618,146928433,16241848,10,2016-12-30T13:41:00,2016-12-30,13:41:00,"400 Block Nobles Ln Pittsburgh, PA 15210",15210,N,Carrick,3,TERRORISTIC THREATS,2709(a)(3) Harassment No Legitimate Purpose / 2706 Terroristic Threats. / 2709(a)(6) Harassment Communicates Repeatedly at Extreme Hours / 2709(a)(5) Harassment Communicates Repeatedly in Anonymous Manner,2901,4,4,-79.99618099,40.40181175
857,147701044,17006698,10,2017-01-12T01:33:00,2017-01-12,01:33:00,"1700 Block Belleau Dr Pittsburgh, PA 15212",15212,Y,Fineview,1,TERRORISTIC THREATS,2706 Terroristic Threats. / 5104 Resisting Arrest or Other Law Enforcement. / 5505 Public Drunkenness / 5503(a)(2) DISORDERLY CONDUCT - UNREASONABLE NOISE,2509,6,1,-80.00698007,40.46030258
945,147481809,17004920,10,2017-01-09T08:01:00,2017-01-09,08:01:00,"200 Block East Ohio St Pittsburgh, PA 15212",15212,Y,Allegheny Center,1,TERRORISTIC THREATS,2706 Terroristic Threats. / 2701(b)(1) Simple Assault - Fight or Scuffle Entered by Mutual Consent / 4914 False Identification to Law Enforcement Authorities,2204,1,1,-80.00366043,40.45302239
961,146772257,16240684,10,2016-12-28T14:20:00,2016-12-28,14:20:00,"Forbes Ave & Murray Ave Pittsburgh, PA 15217",15217,N,Squirrel Hill North,4,TERRORISTIC THREATS,"2709(a)(1) Harassment by Physical Contact, or Attempts or Threats / 2706 Terroristic Threats.",1403,5,3,-79.92298427,40.43805623
971,146946130,16242502,10,2016-12-31T16:52:00,2016-12-31,16:52:00,"Bennett St & Brushton Ave Pittsburgh, PA 15221",15221,Y,Homewood North,5,TERRORISTIC THREATS,"2701(a)(3) Simple Assault - Attempts by Physical Menace  / 2706 Terroristic Threats. / 6105(a)(1) Persons not to possess, use, manufacture, control, sell or transfer firearms: Former Convict enumerated in subsection (b) / 1501 Drivers Required to be Licensed.",1304,9,2,-79.88845816,40.45459781
987,147335146,17003025,10,2017-01-05T20:44:00,2017-01-05,20:44:00,"1400 Block Harlow St Pittsburgh, PA 15204",15204,Y,Chartiers City,6,TERRORISTIC THREATS,2706 Terroristic Threats. / 2701(a)(3) Simple Assault - Attempts by Physical Menace ,2021,2,5,-80.07131361,40.45935598
1149,147450883,16242502,10,2016-12-31T16:52:00,2016-12-31,16:52:00,"Frankstown Ave & Neuman Way Pittsburgh, PA 15221",15221,Y,Homewood North,5,TERRORISTIC THREATS,"2701(a)(3) Simple Assault - Attempts by Physical Menace  / 2706 Terroristic Threats. / 6105(a)(1) Persons not to possess, use, manufacture, control, sell or transfer firearms: Former Convict enumerated in subsection (b) / 1501 Drivers Required to be Licensed.",1304,9,2,-79.88753372,40.45539952
1303,147582431,17005869,10,2017-01-10T18:00:00,2017-01-10,18:00:00,"1300 Block Reddour St Pittsburgh, PA 15212",15212,N,Central North Side,1,TERRORISTIC THREATS,"2706 Terroristic Threats. / 2709(a)(1) Harassment by Physical Contact, or Attempts or Threats",2206,1,1,-80.00824182,40.45697438
1305,147585200,17005842,10,2017-01-10T15:10:00,2017-01-10,15:10:00,"1400 Block Woods Run Ave Pittsburgh, PA 15212",15212,Y,Marshall-Shadeland,1,TERRORISTIC THREATS,2706 Terroristic Threats. / 2709(a) Harassment.,2715,1,1,-80.03341516,40.47621674
1307,147585801,17005210,10,2017-01-09T17:30:00,2017-01-09,17:30:00,"3100 Block Landis St Pittsburgh, PA 15204",15204,Y,Sheraden,6,TERRORISTIC THREATS,"2709(a)(1) Harassment by Physical Contact, or Attempts or Threats / 2706 Terroristic Threats. / 6106 Firearms not to be Carried without a License. / 903 Criminal Conspiracy. / 6110.1 Possesion of Firearm by Minor / 2709(a.1)(1)(ii) Cyber Harassment Of A Child Through An Electronic Social Media Service: Threat To Inflict Harm",2018,2,5,-80.05559692,40.45647359
1316,147589150,17005929,10,2017-01-10T20:31:00,2017-01-10,20:31:00,"300 Block N Craig St Pittsburgh, PA 15213",15213,Y,North Oakland,4,TERRORISTIC THREATS,"2706 Terroristic Threats. / 2709(a)(1) Harassment by Physical Contact, or Attempts or Threats / 5505 Public Drunkenness / 3503.B1I DEF. TRESPASS ACTUAL COMMUNICATION",507,8,3,-79.94938724,40.44559065
1326,146951551,16242684,10,2016-12-31T23:30:00,2016-12-31,23:30:00,"300 Block W Station Square Dr Pittsburgh, PA 15201",15201,Y,Crawford-Roberts,3,TERRORISTIC THREATS,2706 Terroristic Threats. / 5505 Public Drunkenness / 5503(a)(3) DISORDERLY CONDUCT - OBSCENE LANG/GEST / 3503.B1I DEF. TRESPASS ACTUAL COMMUNICATION,305,2,5,-80.00625719,40.43444035
1375,147423833,17004040,10,2017-01-07T16:50:00,2017-01-07,16:50:00,"200 Block S 9th St Pittsburgh, PA 15203",15203,N,South Side Flats,3,TERRORISTIC THREATS,2706 Terroristic Threats.,1702,6,6,-79.99840713,40.44371299
1505,147441696,17003945,10,2017-01-07T11:00:00,2017-01-07,11:00:00,"800 Block Lincoln Ave Pittsburgh, PA 15206",15206,N,Homewood West,5,TERRORISTIC THREATS,"2706 Terroristic Threats. / 3304(a)(4) CRIMINAL MISCHIEF- Intentionally Damage Property (By Graffiti, Aerosol Spray Paint, Broad Tip Marker, or Similar) / 2709(a)(4) Harassment Communicates Prohibited Acts",1207,9,2,-79.90445949,40.46313423
1588,147589646,17005907,10,2017-01-10T19:53:00,2017-01-10,19:53:00,"2300 Block East Hills Dr Pittsburgh, PA 15221",15221,Y,East Hills,5,TERRORISTIC THREATS,2706 Terroristic Threats. / 2701(a)(3) Simple Assault - Attempts by Physical Menace  / 3304 Criminal Mischief.,1306,9,2,-79.87136146,40.45656464
1681,146674593,16240088,10,2016-12-27T01:00:00,2016-12-27,01:00:00,"1100 Block St Martin St Pittsburgh, PA 15203",15203,N,South Side Slopes,3,TERRORISTIC THREATS,2706 Terroristic Threats. / 2701(a)(3) Simple Assault - Attempts by Physical Menace ,1706,3,4,-79.98633023,40.42247509
1685,146850513,16241370,10,2016-12-29T17:08:00,2016-12-29,17:08:00,"5600 Block 5th Ave Pittsburgh, PA 15232",15232,Y,Shadyside,4,TERRORISTIC THREATS,2706 Terroristic Threats. / 2709 Harassment (Non-Specific),703,8,3,-79.93043113,40.44916137
1701,146899348,16241789,10,2016-12-30T11:30:00,2016-12-30,11:30:00,"1400 Block Forbes Ave Pittsburgh, PA 15219",15219,Y,Bluff,2,TERRORISTIC THREATS,2706 Terroristic Threats. / 2709(a)(4) Harassment Communicates Prohibited Acts,103,6,3,-79.98649704,40.43767406
1773,146974827,17000568,10,2017-01-01T16:00:00,2017-01-01,16:00:00,"200 Block Steuben St Pittsburgh, PA 15220",15220,N,Elliott,6,TERRORISTIC THREATS,"2709(a)(1) Harassment by Physical Contact, or Attempts or Threats / 2706 Terroristic Threats.",2020,2,5,-80.03615436,40.44150025
1775,146981815,17000571,10,2017-01-01T21:10:00,2017-01-01,21:10:00,"300 Block North Shore Dr Pittsburgh, PA 15212",15212,Y,North Shore,1,TERRORISTIC THREATS,2706 Terroristic Threats. / 5505 Public Drunkenness / 5503 Disorderly Conduct. / 3503(b)(1)(i) Actual Communication,2205,1,1,-80.00964027,40.45494869
1856,147226112,17002249,10,2017-01-04T13:00:00,2017-01-04,13:00:00,"1000 Block Premier St Pittsburgh, PA 15201",15201,N,Stanton Heights,5,TERRORISTIC THREATS,2706 Terroristic Threats. / 2709(a)(3) Harassment No Legitimate Purpose,1018,7,2,-79.94221379,40.48407071
1857,147238678,17002395,10,2017-01-04T20:29:00,2017-01-04,20:29:00,"800 Block E Warrington Ave Pittsburgh, PA 15210",15210,N,Allentown,3,TERRORISTIC THREATS,2706 Terroristic Threats. / 2701(a)(3) Simple Assault - Attempts by Physical Menace  / 3304 Criminal Mischief.,1803,3,4,-79.99357756,40.42153188
2041,147824126,17007729,10,2017-01-13T02:00:00,2017-01-13,02:00:00,"2300 Block Mannheim St Pittsburgh, PA 15212",15212,N,Marshall-Shadeland,1,TERRORISTIC THREATS,2706 Terroristic Threats.,2704,1,1,-80.02984362,40.46278172
2152,148343751,17003955,10,2017-01-07T13:00:00,2017-01-07,13:00:00,"1500 Block Crucible St Pittsburgh, PA 15220",15220,Y,Crafton Heights,6,TERRORISTIC THREATS,2706 Terroristic Threats. / 2709(a)(4) Harassment Communicates Prohibited Acts,2814,2,5,-80.05111326,40.44716839
2194,148058251,17007100,10,2017-01-12T15:39:00,2017-01-12,15:39:00,"2500 Block Library Rd Pittsburgh, PA 15234",15234,Y,Overbrook,3,TERRORISTIC THREATS,2706 Terroristic Threats.,3207,4,4,-79.99611824,40.38224159
2336,148495736,17014417,10,2017-01-24T07:34:00,2017-01-24,07:34:00,"4000 Block Franklin Rd Pittsburgh, PA 15214",15214,N,Perry North,1,TERRORISTIC THREATS,2709(a) Harassment. / 2706 Terroristic Threats.,2602,1,1,-80.01884949,40.49129286
2359,147891598,17009046,10,2017-01-15T06:30:00,2017-01-15,06:30:00,"2100 Block Rhine St Pittsburgh, PA 15212",15212,N,Spring Hill-City View,1,TERRORISTIC THREATS,4952 Intimidation of Witnesses or Victims / 2706 Terroristic Threats. / 2709(a) Harassment.,2620,1,1,-79.99367687,40.46661676
2482,147870490,17008641,10,2017-01-14T21:26:00,2017-01-14,21:26:00,"10 Block Curtin Ave Pittsburgh, PA 15210",15210,Y,Beltzhoover,3,TERRORISTIC THREATS,2706 Terroristic Threats. / 4952 Intimidation of Witnesses or Victims,1809,3,4,-79.99866833,40.42057426
2510,148283761,17011878,10,2017-01-20T02:45:00,2017-01-20,02:45:00,"2900 Block Brighton Rd Pittsburgh, PA 15212",15212,N,Marshall-Shadeland,1,TERRORISTIC THREATS,2701(a)(3) Simple Assault - Attempts by Physical Menace  / 2706 Terroristic Threats.,2715,1,1,-80.02702529,40.47184609
2590,148164624,17007749,10,2017-01-09T10:01:00,2017-01-09,10:01:00,"10 Block Terminal Way Pittsburgh, PA 15219",15219,Y,South Side Flats,3,TERRORISTIC THREATS,2706 Terroristic Threats. / 2709(a)(4) Harassment Communicates Prohibited Acts,1702,3,4,-79.99681744,40.42984265
2662,147976578,17009968,10,2017-01-17T07:00:00,2017-01-17,07:00:00,"300 Block 3rd Ave Pittsburgh, PA 15222",15222,N,Central Business District,2,TERRORISTIC THREATS,2706 Terroristic Threats. / 2709(a)(3) Harassment No Legitimate Purpose,201,6,6,-80.00161855,40.43880878
2714,148391329,17013494,10,2017-01-22T15:32:00,2017-01-22,15:32:00,"1400 Block Chicago St Pittsburgh, PA 15214",15214,N,Northview Heights,1,TERRORISTIC THREATS,2701(a)(3) Simple Assault - Attempts by Physical Menace  / 2706 Terroristic Threats. / 3304(a)(5) CRIMINAL MISCHIEF - Intentionally Damages Real Or Personal Property Of Another / 907 Possessing Instruments of Crime.,2609,1,1,-79.99971774,40.47907639
2799,148301502,17011955,10,2017-01-20T08:22:00,2017-01-20,08:22:00,"2000 Block Frankella Ave Pittsburgh, PA 15221",15221,N,East Hills,5,TERRORISTIC THREATS,2706 Terroristic Threats. / 2709(a)(4) Harassment Communicates Prohibited Acts / 2709.2 Stalking Conduct or Repeatedly Communicates / 2709.1 Stalking Conduct or Repeatedly Acts Including Follows,1306,9,2,-79.87044733,40.45167021
2801,147739267,17007002,10,2017-01-12T12:58:00,2017-01-12,12:58:00,"600 Block Hillsboro St Pittsburgh, PA 15204",15204,N,Sheraden,6,TERRORISTIC THREATS,"2709(a)(1) Harassment by Physical Contact, or Attempts or Threats / 2706 Terroristic Threats.",2018,2,5,-80.05278859,40.45382839
2828,147862888,16241789,10,2016-12-30T11:30:00,2016-12-30,11:30:00,"900 Block 2nd Ave Pittsburgh, PA 15219",15219,Y,Bluff,2,TERRORISTIC THREATS,2706 Terroristic Threats. / 2709(a)(4) Harassment Communicates Prohibited Acts,103,6,3,-79.99307769,40.4350955
2832,147829797,17007749,10,2017-01-09T10:01:00,2017-01-09,10:01:00,"10 Block Terminal Way Pittsburgh, PA 15219",15219,Y,South Side Flats,3,TERRORISTIC THREATS,2706 Terroristic Threats. / 2709(a)(4) Harassment Communicates Prohibited Acts,1702,3,4,-79.99681744,40.42984265
2853,147870827,17008684,10,2017-01-14T22:04:00,2017-01-14,22:04:00,"Brownsville Rd & Bausman St Pittsburgh, PA 15210",15210,N,Knoxville,3,TERRORISTIC THREATS,2706 Terroristic Threats.,3001,,,-79.9880386,40.41443424
2857,147901676,17009283,10,2017-01-16T00:16:00,2017-01-16,00:16:00,"5400 Block Walnut St Pittsburgh, PA 15232",15232,N,Shadyside,4,TERRORISTIC THREATS,2706 Terroristic Threats. / 5505 Public Drunkenness / 5503(a)(4) DISORDERLY CONDUCT - HAZARDOUS/PHYS. OFF,703,8,2,-79.93546217,40.45058849
2907,147950437,17003955,10,2017-01-07T13:00:00,2017-01-07,13:00:00,"1500 Block Crucible St Pittsburgh, PA 15220",15220,Y,Crafton Heights,6,TERRORISTIC THREATS,2706 Terroristic Threats. / 2709(a)(4) Harassment Communicates Prohibited Acts,2814,2,5,-80.05111326,40.44716839
2913,147944252,17009612,10,2017-01-16T14:45:00,2017-01-16,14:45:00,"1100 Block Brownsville Rd Pittsburgh, PA 15210",15210,N,Carrick,3,TERRORISTIC THREATS,2706 Terroristic Threats.,2901,4,4,-79.99089923,40.40493936
3018,148172156,17011094,10,2017-01-18T17:12:00,2017-01-18,17:12:00,"1000 Block Woodlow St Pittsburgh, PA 15205",15205,N,Crafton Heights,6,TERRORISTIC THREATS,2706 Terroristic Threats.,2814,2,5,-80.05235169,40.44592617
3061,147766659,17007100,10,2017-01-12T15:39:00,2017-01-12,15:39:00,"2500 Block Library Rd Pittsburgh, PA 15234",15234,Y,Overbrook,3,TERRORISTIC THREATS,2706 Terroristic Threats.,3207,4,4,-79.99611824,40.38224159
3124,148350279,17012756,10,2017-01-21T13:20:00,2017-01-21,13:20:00,"100 Block Penfort St Pittsburgh, PA 15214",15214,Y,Northview Heights,1,TERRORISTIC THREATS,2706 Terroristic Threats. / 2709(a) Harassment.,2609,1,1,-80.00282222,40.4733496
3230,148164742,17010920,10,2017-01-18T16:30:00,2017-01-18,16:30:00,"100 Block Grasmere St Pittsburgh, PA 15205",15205,N,Oakwood,6,TERRORISTIC THREATS,2709 Harassment (Non-Specific) / 2706 Terroristic Threats.,2812,2,5,-80.06551194,40.42795905
3246,147896279,17009168,10,2017-01-15T18:44:00,2017-01-15,18:44:00,"900 Block Manton Way Pittsburgh, PA 15210",15210,N,Allentown,3,TERRORISTIC THREATS,2706 Terroristic Threats.,1803,3,4,-79.99200501,40.42127288
3,147201002,17002116,6,2017-01-04T13:03:00,2017-01-04,13:03:00,"1200 Block Sunday Way Pittsburgh, PA 15212",15212,N,California-Kirkbride,1,THEFT,3921 Theft by Unlawful Taking or Disposition.,2507,6,1,-80.02532894,40.46040756
22,147449680,17004653,6,2017-01-08T12:00:00,2017-01-08,12:00:00,"5600 Block Broad St Pittsburgh, PA 15206",15206,N,Garfield,5,THEFT,3921 Theft by Unlawful Taking or Disposition. / 4106 Access Device Fraud,1114,9,2,-79.93016071,40.46447547
25,147451247,17004673,6,2017-01-08T18:00:00,2017-01-08,18:00:00,"30 Block S 10th St Pittsburgh, PA 15203",15203,N,South Side Flats,3,THEFT,3921 Theft by Unlawful Taking or Disposition.,1702,3,4,-79.98870153,40.42975134
39,146603204,16239475,6,2016-12-26T08:25:00,2016-12-26,08:25:00,"1600 Block Sandusky Ct Pittsburgh, PA 15212",15212,N,Fineview,1,THEFT,3921 Theft by Unlawful Taking or Disposition.,2509,6,1,-80.00544754,40.45893258
48,146746674,16240564,6,2016-12-28T09:00:00,2016-12-28,09:00:00,"30 Block Boggs Ave Pittsburgh, PA 15211",15211,N,Mount Washington,3,THEFT,3921 Theft by Unlawful Taking or Disposition.,1915,2,5,-80.00645085,40.42686919
63,146840287,16241307,6,2016-12-29T11:10:00,2016-12-29,11:10:00,"500 Block Boggs Ave Pittsburgh, PA 15211",15211,N,Mount Washington,3,THEFT,3921 Theft by Unlawful Taking or Disposition.,1915,2,5,-80.01011088,40.42295134
64,146840500,16241314,6,2016-12-29T11:43:00,2016-12-29,11:43:00,"3000 Block Brighton Rd Pittsburgh, PA 15212",15212,N,Marshall-Shadeland,1,THEFT,3921 Theft by Unlawful Taking or Disposition. / 4106 Access Device Fraud,2715,1,1,-80.02857761,40.47348361
67,-2860003743,16240019,6,2016-12-27T09:30:00,2016-12-27,09:30:00,"5700 Block Beacon St Pittsburgh, PA 15217",15217,N,Squirrel Hill South,4,THEFT,3921 Theft by Unlawful Taking or Disposition.,1413,5,3,-79.92469773,40.4345673
68,146701344,16240133,6,2016-12-27T14:30:00,2016-12-27,14:30:00,"1300 Block Western Ave Pittsburgh, PA 15233",15233,Y,Manchester,1,THEFT,3921 Theft by Unlawful Taking or Disposition.,2107,6,1,-80.02375971,40.45082302
76,146867475,16241518,6,2016-12-29T21:56:00,2016-12-29,21:56:00,"1700 Block Belleau Dr Pittsburgh, PA 15212",15212,N,Fineview,1,THEFT,3921 Theft by Unlawful Taking or Disposition.,2509,6,1,-80.00698007,40.46030258
97,146671877,16240061,6,2016-12-27T12:21:00,2016-12-27,12:21:00,"7100 Block Frankstown Ave Pittsburgh, PA 15208",15208,N,Homewood North,5,THEFT,3921(a) Theft by Unlawful Taking or Disposition - Movable item,1302,9,2,-79.89848267,40.45783765
114,-2742022167,16242314,6,2016-12-31T01:26:00,2016-12-31,01:26:00,"90 Block Westwood St Pittsburgh, PA 15211",15211,N,Mount Washington,3,THEFT,3921 Theft by Unlawful Taking or Disposition.,1915,2,5,-80.00614915,40.42325805
117,146942922,16240133,6,2016-12-31T17:55:00,2016-12-31,17:55:00,"600 Block 1st Ave Pittsburgh, PA 15219",15219,Y,Manchester,1,THEFT,3921 Theft by Unlawful Taking or Disposition.,2107,6,6,-79.99630099,40.43469659
119,146783510,16240850,6,2016-12-28T19:00:00,2016-12-28,19:00:00,"6000 Block Penn Ave Pittsburgh, PA 15206",15206,N,East Liberty,5,THEFT,3921 Theft by Unlawful Taking or Disposition.,1115,9,2,-79.92457748,40.46107732
135,146774549,16240737,6,2016-12-28T12:00:00,2016-12-28,12:00:00,"6500 Block Meadow St Pittsburgh, PA 15206",15206,N,Larimer,5,THEFT,3921 Theft by Unlawful Taking or Disposition.,1204,9,2,-79.91120303,40.46197149
149,146860741,16241457,6,2016-12-29T20:06:00,2016-12-29,20:06:00,"S Braddock Ave & Waverly St Pittsburgh, PA 15221",15221,N,Point Breeze,4,THEFT,3921(a) Theft by Unlawful Taking or Disposition - Movable item,1406,9,3,-79.89615254,40.44464032
154,146778725,16240798,6,2016-12-28T17:32:00,2016-12-28,17:32:00,"2000 Block Wharton St Pittsburgh, PA 15203",15203,N,South Side Flats,3,THEFT,3921(a) Theft by Unlawful Taking or Disposition - Movable item,1702,3,4,-79.97681333,40.43002082
192,146942565,16242490,6,2016-12-31T16:30:00,2016-12-31,16:30:00,"Progress St & River Ave Pittsburgh, PA 15212",15212,N,North Shore,1,THEFT,3921(a) Theft by Unlawful Taking or Disposition - Movable item,2205,1,1,-79.99545295,40.45004604
198,147038570,17000901,6,2017-01-02T14:00:00,2017-01-02,14:00:00,"Brushton Ave & Kelly St Pittsburgh, PA 15221",15221,N,Homewood South,5,THEFT,3921(a) Theft by Unlawful Taking or Disposition - Movable item,1304,9,2,-79.88882121,40.45366301
203,147069041,17001200,6,2017-01-03T00:32:00,2017-01-03,00:32:00,"Centre Ave & Chatham St Pittsburgh, PA 15219",15219,N,Central Business District,2,THEFT,3921(a) Theft by Unlawful Taking or Disposition - Movable item,201,6,6,-79.99337716,40.44024089
235,147279528,17002654,6,2017-01-05T08:40:00,2017-01-05,08:40:00,"400 Block N Graham St Pittsburgh, PA 15206",15206,N,Garfield,5,THEFT,3921 Theft by Unlawful Taking or Disposition.,1114,7,2,-79.93705213,40.45931694
238,146789414,16240820,6,2016-12-28T17:58:00,2016-12-28,17:58:00,"Shetland St & Vanilla Way Pittsburgh, PA 15206",15206,Y,Larimer,5,THEFT,3921(a) Theft by Unlawful Taking or Disposition - Movable item / 3921 Theft by Unlawful Taking or Disposition. / 3925 Receiving Stolen Property. / 607.06 Carrying of Operable Firearms Prohibited / 6110.2 Possesion of Firearm with Altered Mfg. Number,1204,9,2,-79.91009724,40.46428354
260,-2952000983,17000969,6,2017-01-01T19:00:00,2017-01-01,19:00:00,"3100 Block Chartiers Ave Pittsburgh, PA 15204",15204,Y,Sheraden,6,THEFT,3921 Theft by Unlawful Taking or Disposition.,2022,2,5,-80.06110096,40.45386432
266,147343157,17002611,6,2017-01-05T06:30:00,2017-01-05,06:30:00,"4400 Block Centre Ave Pittsburgh, PA 15213",15213,N,North Oakland,4,THEFT,3921(a) Theft by Unlawful Taking or Disposition - Movable item,403,8,3,-79.95357931,40.45117795
294,147212078,17002173,6,2016-12-28T00:01:00,2016-12-28,00:01:00,"1000 Block 5th Ave Pittsburgh, PA 15219",15219,N,Central Business District,2,THEFT,3921 Theft by Unlawful Taking or Disposition.,201,6,3,-79.99083635,40.43856481
298,147122650,17001654,6,2017-01-03T15:00:00,2017-01-03,15:00:00,"1800 Block St Paul St Pittsburgh, PA 15203",15203,N,South Side Slopes,3,THEFT,3921 Theft by Unlawful Taking or Disposition.,1706,3,4,-79.98172238,40.42179883
310,147374819,17003478,6,2017-01-05T09:00:00,2017-01-05,09:00:00,"200 Block Paul St Pittsburgh, PA 15211",15211,N,Mount Washington,3,THEFT,3921 Theft by Unlawful Taking or Disposition. / 4105(a)(1) Bad Checks,1915,2,5,-80.01003506,40.4224154
327,147234978,17002383,6,2016-12-30T17:00:00,2016-12-30,17:00:00,"1400 Block Buena Vista St Pittsburgh, PA 15212",15212,N,Central North Side,1,THEFT,"3924 Theft of Property Lost, Mislaid or Delivered by Mistake.",2503,6,1,-80.01429958,40.45645094
340,147423754,17004058,6,2017-01-07T15:15:00,2017-01-07,15:15:00,"1900 Block Centre Ave Pittsburgh, PA 15219",15219,N,Central Business District,2,THEFT,3921 Theft by Unlawful Taking or Disposition.,201,6,3,-79.98082794,40.44316841
365,147295270,17002730,6,2017-01-05T11:24:00,2017-01-05,11:24:00,"7200 Block Kedron St Pittsburgh, PA 15208",15208,N,Homewood North,5,THEFT,"3921 Theft by Unlawful Taking or Disposition. / 2709(a)(1) Harassment by Physical Contact, or Attempts or Threats",1302,9,2,-79.8949238,40.46075333
373,147439518,17004407,6,2017-01-08T07:50:00,2017-01-08,07:50:00,"1900 Block Arlington Ave Pittsburgh, PA 15210",15210,N,Mount Washington,3,THEFT,3921(a) Theft by Unlawful Taking or Disposition - Movable item,1903,3,4,-79.9805088,40.41750412
387,147127795,17001708,6,2017-01-03T17:30:00,2017-01-03,17:30:00,"300 Block 6th Ave Pittsburgh, PA 15222",15222,Y,Central Business District,2,THEFT,3921 Theft by Unlawful Taking or Disposition.,201,6,6,-79.99945175,40.44165074
396,147360757,17003327,6,2017-01-05T18:00:00,2017-01-05,18:00:00,"1400 Block Kenberma Ave Pittsburgh, PA 15216",15216,N,Beechview,6,THEFT,3921 Theft by Unlawful Taking or Disposition.,1916,4,5,-80.02222455,40.41293496
427,147459765,17004856,6,2017-01-09T02:15:00,2017-01-09,02:15:00,"6900 Block Mt Vernon St Pittsburgh, PA 15208",15208,Y,Homewood West,5,THEFT,3921 Theft by Unlawful Taking or Disposition.,1207,9,2,-79.90110716,40.46284449
451,146929410,16242312,6,2016-12-30T16:00:00,2016-12-30,16:00:00,"200 Block Curranhill Ave Pittsburgh, PA 15216",15216,N,Beechview,6,THEFT,3921 Theft by Unlawful Taking or Disposition. / 4106 Access Device Fraud,1920,4,5,-80.01885289,40.4053953
470,147502071,17005197,6,2017-01-09T17:24:00,2017-01-09,17:24:00,"600 Block East Ohio St Pittsburgh, PA 15212",15212,N,East Allegheny,1,THEFT,3921 Theft by Unlawful Taking or Disposition.,2304,1,1,-79.99897476,40.45396982
490,146962469,17000239,6,2017-01-01T09:15:00,2017-01-01,09:15:00,"Penn Ave & 32nd St Pittsburgh, PA 15201",15201,N,Strip District,2,THEFT,"3924 Theft of Property Lost, Mislaid or Delivered by Mistake.",203,7,6,-79.96994903,40.46077174
493,146963123,17000343,6,2017-01-01T06:35:00,2017-01-01,06:35:00,"6800 Block Forward Ave Pittsburgh, PA 15221",15221,Y,Lincoln-Lemington-Belmar,4,THEFT,3921 Theft by Unlawful Taking or Disposition. / 2701 Simple Assault.,1201,5,3,-79.90643565,40.42736141
522,147089338,17001358,6,2017-01-03T08:00:00,2017-01-03,08:00:00,"900 Block Brookline Blvd Pittsburgh, PA 15226",15226,N,Brookline,6,THEFT,3921(a) Theft by Unlawful Taking or Disposition - Movable item,1918,4,4,-80.01918649,40.39287148
527,147124638,17001635,6,2017-01-03T17:00:00,2017-01-03,17:00:00,"100 Block S 17th St Pittsburgh, PA 15203",15203,N,South Side Flats,3,THEFT,3921 Theft by Unlawful Taking or Disposition.,1702,3,4,-79.98215432,40.42852531
536,147304917,17000807,6,2017-01-02T10:54:00,2017-01-02,10:54:00,"700 Block Liberty Ave Pittsburgh, PA 15222",15222,Y,Central Business District,2,THEFT,3921 Theft by Unlawful Taking or Disposition. / 2705 Recklessly Endangering Another Person. / 2701 Simple Assault. / 2709(a) Harassment. / 3304 Criminal Mischief.,201,6,6,-79.99984634,40.44239042
550,147410808,17003835,6,2017-01-07T08:25:00,2017-01-07,08:25:00,"1200 Block Dickson St Pittsburgh, PA 15212",15212,N,Marshall-Shadeland,1,THEFT,3921(a) Theft by Unlawful Taking or Disposition - Movable item,2715,1,1,-80.02806931,40.47025566
551,-2991010239,17003868,6,2017-01-07T10:00:00,2017-01-07,10:00:00,"300 Block Fingal St Pittsburgh, PA 15211",15211,N,Duquesne Heights,3,THEFT,3921(a) Theft by Unlawful Taking or Disposition - Movable item,1911,2,5,-80.02744887,40.43891233
552,-2685000467,17003880,6,2017-01-07T10:34:00,2017-01-07,10:34:00,"400 Block Ormsby St Pittsburgh, PA 15210",15210,N,Mount Oliver,3,THEFT,3921(a) Theft by Unlawful Taking or Disposition - Movable item,1607,3,4,-79.98161993,40.41262408
553,147413369,17003895,6,2017-01-07T08:00:00,2017-01-07,08:00:00,"90 Block S 15th St Pittsburgh, PA 15203",15203,N,South Side Flats,3,THEFT,3921 Theft by Unlawful Taking or Disposition.,1702,3,4,-79.98364425,40.4282332
558,147351799,17003205,6,2017-01-06T06:46:00,2017-01-06,06:46:00,"4900 Block Gertrude St Pittsburgh, PA 15207",15207,N,Hazelwood,4,THEFT,3921(a) Theft by Unlawful Taking or Disposition - Movable item,1515,5,3,-79.94267127,40.41028476
559,147359361,17003175,6,2017-01-06T04:08:00,2017-01-06,04:08:00,"1100 Block Liberty Ave Pittsburgh, PA 15222",15222,N,Central Business District,2,THEFT,3921(a) Theft by Unlawful Taking or Disposition - Movable item,201,7,6,-79.99237413,40.44415497
593,147495299,17005083,6,2017-01-09T14:00:00,2017-01-09,14:00:00,"1100 Block Center  St Wilkinsburg, PA 15221",15221,Y,Outside City,1,THEFT,3921 Theft by Unlawful Taking or Disposition.,5599,,,-79.85594867,40.41870936
609,147445354,17004511,6,2017-01-08T12:40:00,2017-01-08,12:40:00,"200 Block 9th St Pittsburgh, PA 15222",15222,N,Central Business District,2,THEFT,"3924 Theft of Property Lost, Mislaid or Delivered by Mistake.",201,6,6,-79.99840713,40.44371299
610,-2983000311,17004544,6,2017-01-08T12:30:00,2017-01-08,12:30:00,"2100 Block Sidney St Pittsburgh, PA 15203",15203,N,South Side Flats,3,THEFT,3921 Theft by Unlawful Taking or Disposition.,1609,3,4,-79.97599895,40.42923225
613,147484617,16240764,6,2017-01-09T12:00:00,2017-01-09,12:00:00,"2000 Block Centre Ave Pittsburgh, PA 15219",15219,Y,Crawford-Roberts,2,THEFT,3921 Theft by Unlawful Taking or Disposition. / 3925 Receiving Stolen Property.,305,6,3,-79.9799791,40.44358094
614,147496702,17005072,6,2017-01-09T13:38:00,2017-01-09,13:38:00,"1000 Block Washington Blvd Pittsburgh, PA 15206",15206,N,Lincoln-Lemington-Belmar,5,THEFT,3921(a) Theft by Unlawful Taking or Disposition - Movable item,1203,9,2,-79.90573359,40.46274004
619,146938775,16242434,6,2016-12-31T06:00:00,2016-12-31,06:00:00,"1200 Block Resaca Pl Pittsburgh, PA 15212",15212,N,Central North Side,1,THEFT,3921 Theft by Unlawful Taking or Disposition.,2206,1,1,-80.01162026,40.45518526
680,147030470,17000847,6,2017-01-02T11:03:00,2017-01-02,11:03:00,"3000 Block Zephyr Ave Pittsburgh, PA 15204",15204,N,Sheraden,6,THEFT,3921(a) Theft by Unlawful Taking or Disposition - Movable item / 3503 Criminal Trespass,2018,2,5,-80.05342412,40.45636931
692,146852727,16241430,6,2016-12-29T18:55:00,2016-12-29,18:55:00,"2400 Block Bedford Ave Pittsburgh, PA 15219",15219,N,Bedford Dwellings,2,THEFT,3921 Theft by Unlawful Taking or Disposition.,509,6,3,-79.97427068,40.44960637
693,146857647,16241470,6,2016-12-28T06:30:00,2016-12-28,06:30:00,"1300 Block Colescott St Pittsburgh, PA 15205",15205,N,Westwood,6,THEFT,3921 Theft by Unlawful Taking or Disposition. / 4106 Access Device Fraud,2811,2,5,-80.04878747,40.434924
702,146913747,16241951,6,2016-12-30T17:17:00,2016-12-30,17:17:00,"1500 Block E Carson St Pittsburgh, PA 15203",15203,N,South Side Flats,3,THEFT,"3924 Theft of Property Lost, Mislaid or Delivered by Mistake.",1702,3,4,-79.98330671,40.42868483
713,147588485,17005839,6,2017-01-10T17:40:00,2017-01-10,17:40:00,"S 19th St & E Carson St Pittsburgh, PA 15203",15203,N,South Side Flats,3,THEFT,3921(a) Theft by Unlawful Taking or Disposition - Movable item / 3928 Unauthorized Use of Automobile and Other Vehicles.,1702,3,4,-79.97913523,40.42867011
719,147134226,17001731,6,2017-01-03T19:48:00,2017-01-03,19:48:00,"5100 Block Carnegie St Pittsburgh, PA 15201",15201,N,Upper Lawrenceville,2,THEFT,3921(a) Theft by Unlawful Taking or Disposition - Movable item,1011,7,2,-79.95464984,40.4778375
762,147233643,17002311,6,2017-01-04T18:06:00,2017-01-04,18:06:00,"400 Block N Graham St Pittsburgh, PA 15206",15206,N,Garfield,5,THEFT,3921(a) Theft by Unlawful Taking or Disposition - Movable item,1114,7,2,-79.93705213,40.45931694
768,147669971,17005822,6,2017-01-11T15:40:00,2017-01-11,15:40:00,"Middle St & E North Ave Pittsburgh, PA 15212",15212,Y,East Allegheny,1,THEFT,3921(a) Theft by Unlawful Taking or Disposition - Movable item / 3925 Receiving Stolen Property. / 13(a)(16) Possession of Controlled Substance / 13(a)(32) Paraphernalia - Use or Possession / 13(a)(16) Possession of Controlled Substance / 13(a)(16) Possession of Controlled Substance / 5123 Contraband. / 1501 Drivers Required to be Licensed. / 1543 Driving While Operating Privilege is Suspended or Revoked.,2304,1,1,-80.00007116,40.45668695
777,146974676,17000575,6,2017-01-01T21:30:00,2017-01-01,21:30:00,"900 Block Liberty Ave Pittsburgh, PA 15222",15222,Y,Central Business District,2,THEFT,3921(a) Theft by Unlawful Taking or Disposition - Movable item,201,6,6,-79.99793652,40.44288811
778,147018499,17000798,6,2017-01-02T10:15:00,2017-01-02,10:15:00,"4800 Block Penn Ave Pittsburgh, PA 15224",15224,N,Bloomfield,5,THEFT,3921(a) Theft by Unlawful Taking or Disposition - Movable item,809,7,2,-79.94624886,40.46520537
779,147043413,17000978,6,2017-01-01T04:00:00,2017-01-01,04:00:00,"1900 Block Brownsville Rd Pittsburgh, PA 15210",15210,N,Carrick,3,THEFT,3921 Theft by Unlawful Taking or Disposition.,2901,4,4,-79.9875055,40.39605243
781,147048273,17000994,6,2017-01-02T16:36:00,2017-01-02,16:36:00,"4700 Block Liberty Ave Pittsburgh, PA 15224",15224,N,Bloomfield,5,THEFT,"3924 Theft of Property Lost, Mislaid or Delivered by Mistake.",809,7,2,-79.94990411,40.46203965
782,147057560,17001109,6,2017-01-02T20:15:00,2017-01-02,20:15:00,"23rd St & Penn Ave Pittsburgh, PA 15222",15222,N,Strip District,2,THEFT,3921 Theft by Unlawful Taking or Disposition.,203,7,6,-79.98147015,40.45282372
799,147332292,17003031,6,2017-01-04T23:00:00,2017-01-04,23:00:00,"500 Block N Euclid Ave Pittsburgh, PA 15206",15206,N,East Liberty,5,THEFT,3921 Theft by Unlawful Taking or Disposition.,1113,9,2,-79.92520513,40.46676
814,147223590,17002193,6,2017-01-04T12:05:00,2017-01-04,12:05:00,"3000 Block Landis St Pittsburgh, PA 15204",15204,N,Sheraden,6,THEFT,3921 Theft by Unlawful Taking or Disposition.,2018,2,5,-80.05455091,40.45516378
821,146699483,16240195,6,2016-12-27T09:10:00,2016-12-27,09:10:00,"900 Block E Carson St Pittsburgh, PA 15203",15203,N,South Side Flats,3,THEFT,3921 Theft by Unlawful Taking or Disposition.,1702,3,4,-79.98976989,40.42861965
823,146709683,16240302,6,2016-12-27T19:40:00,2016-12-27,19:40:00,"80 Block Knox Ave Pittsburgh, PA 15210",15210,N,Knoxville,3,THEFT,3921 Theft by Unlawful Taking or Disposition.,3001,3,4,-79.99069137,40.41657199
825,146711295,16240308,6,2016-12-27T09:40:00,2016-12-27,09:40:00,"500 Block Liberty Ave Pittsburgh, PA 15222",15222,N,Central Business District,2,THEFT,3921 Theft by Unlawful Taking or Disposition.,201,6,6,-80.00347705,40.44123457
830,147657364,17006393,6,2017-01-11T02:10:00,2017-01-11,02:10:00,"1100 Block Penn Ave Pittsburgh, PA 15222",15222,N,Strip District,2,THEFT,3921 Theft by Unlawful Taking or Disposition.,203,7,6,-79.99377796,40.44490519
833,147662053,17006421,6,2017-01-11T00:01:00,2017-01-11,00:01:00,"2500 Block Chauncey Dr Pittsburgh, PA 15219",15219,N,Bedford Dwellings,2,THEFT,3921 Theft by Unlawful Taking or Disposition. / 4106 Access Device Fraud,509,6,3,-79.97380739,40.45093426
843,147412526,17003866,6,2017-01-07T09:50:00,2017-01-07,09:50:00,"200 Block Meadow St Pittsburgh, PA 15206",15206,N,Larimer,5,THEFT,3921 Theft by Unlawful Taking or Disposition.,1208,9,2,-79.91233825,40.46327483
864,147361927,17003314,6,2017-01-06T11:14:00,2017-01-06,11:14:00,"5500 Block Liberty Ave Pittsburgh, PA 15222",15222,N,Central Business District,2,THEFT,3921(a) Theft by Unlawful Taking or Disposition - Movable item,201,7,6,-79.97352624,40.4572039
865,147363485,17002817,6,2017-01-05T13:10:00,2017-01-05,13:10:00,"2600 Block E Carson St Pittsburgh, PA 15203",15203,N,South Side Flats,3,THEFT,3921 Theft by Unlawful Taking or Disposition.,1609,3,4,-79.96825881,40.42693811
873,146793329,16240920,6,2016-12-28T21:30:00,2016-12-28,21:30:00,"5100 Block Kincaid St Pittsburgh, PA 15224",15224,N,Garfield,5,THEFT,3921(a) Theft by Unlawful Taking or Disposition - Movable item,1017,9,2,-79.94222763,40.46706045
880,147664951,17006476,6,2017-01-11T00:01:00,2017-01-11,00:01:00,"600 Block Wentworth Ave Pittsburgh, PA 15216",15216,N,Beechview,6,THEFT,3921 Theft by Unlawful Taking or Disposition.,1916,4,5,-80.02592565,40.4162504
919,147446253,17004549,6,2017-01-08T02:00:00,2017-01-08,02:00:00,"3600 Block Mexico St Pittsburgh, PA 15212",15212,N,Brighton Heights,1,THEFT,3921 Theft by Unlawful Taking or Disposition.,2701,1,1,-80.04173917,40.47991862
930,147679741,17006548,6,2017-01-11T12:00:00,2017-01-11,12:00:00,"2700 Block Bergman St Pittsburgh, PA 15204",15204,N,Sheraden,6,THEFT,3921 Theft by Unlawful Taking or Disposition.,2018,2,5,-80.05133224,40.45295887
934,147682604,17006528,6,2016-12-26T16:00:00,2016-12-26,16:00:00,"3400 Block Clearfield St Pittsburgh, PA 15204",15204,N,Windgap,6,THEFT,3921 Theft by Unlawful Taking or Disposition.,2807,2,5,-80.07128221,40.45184939
935,147683203,17006584,6,2017-01-11T19:00:00,2017-01-11,19:00:00,"1100 Block Liberty Ave Pittsburgh, PA 15222",15222,Y,Central Business District,2,THEFT,3921 Theft by Unlawful Taking or Disposition.,201,7,6,-79.99237413,40.44415497
943,147461378,17004856,6,2017-01-09T05:16:00,2017-01-09,05:16:00,"Frankstown Ave & N Braddock Ave Pittsburgh, PA 15208",15208,Y,Homewood West,5,THEFT,3921 Theft by Unlawful Taking or Disposition. / 1501 Drivers Required to be Licensed.,1207,9,2,-79.89002088,40.45595757
957,146751511,16240630,6,2016-12-27T15:50:00,2016-12-27,15:50:00,"1700 Block E Carson St Pittsburgh, PA 15203",15203,N,South Side Flats,3,THEFT,"3924 Theft of Property Lost, Mislaid or Delivered by Mistake. / 4106 Access Device Fraud",1702,3,4,-79.98186901,40.4285852
960,146766501,16240663,6,2016-12-28T09:45:00,2016-12-28,09:45:00,"200 Block 5th Ave Pittsburgh, PA 15222",15222,N,Central Business District,2,THEFT,3921 Theft by Unlawful Taking or Disposition.,201,6,6,-80.00207379,40.44122843
983,147314844,17002824,6,2016-12-28T22:30:00,2016-12-28,22:30:00,"5200 Block Centre Ave Pittsburgh, PA 15224",15224,N,Shadyside,4,THEFT,3921 Theft by Unlawful Taking or Disposition.,709,8,2,-79.9405853,40.45494018
994,147522718,17005457,6,2017-01-10T06:13:00,2017-01-10,06:13:00,"5700 Block Baum Blvd Pittsburgh, PA 15206",15206,N,East Liberty,5,THEFT,3921(a) Theft by Unlawful Taking or Disposition - Movable item,1115,7,2,-79.93376984,40.45830746
1012,-2860003729,16239977,6,2016-12-26T14:30:00,2016-12-26,14:30:00,"400 Block N Lexington St Pittsburgh, PA 15208",15208,N,Point Breeze North,4,THEFT,3921(a) Theft by Unlawful Taking or Disposition - Movable item,1405,9,2,-79.89708846,40.45108931
1016,147035102,17000816,6,2017-01-02T10:00:00,2017-01-02,10:00:00,"5900 Block Station St Pittsburgh, PA 15206",15206,Y,East Liberty,5,THEFT,3921 Theft by Unlawful Taking or Disposition.,1113,9,2,-79.92550036,40.46419035
1033,146628395,16239619,6,2016-12-26T15:15:00,2016-12-26,15:15:00,"200 Block East Ohio St Pittsburgh, PA 15212",15212,N,Allegheny Center,1,THEFT,3921 Theft by Unlawful Taking or Disposition.,2204,1,1,-80.00366043,40.45302239
1055,146681620,16240134,6,2016-12-27T12:00:00,2016-12-27,12:00:00,"3600 Block Swinburne St Pittsburgh, PA 15213",15213,N,South Oakland,4,THEFT,3921 Theft by Unlawful Taking or Disposition.,409,3,3,-79.95373274,40.43183575
1057,146703812,16240203,6,2016-12-27T16:50:00,2016-12-27,16:50:00,"1900 Block Josephine St Pittsburgh, PA 15203",15203,N,South Side Slopes,3,THEFT,3921(a) Theft by Unlawful Taking or Disposition - Movable item,1706,3,4,-79.9787515,40.42498574
1061,146711416,16240277,6,2016-12-27T18:00:00,2016-12-27,18:00:00,"1200 Block Paulson Ave Pittsburgh, PA 15206",15206,N,Lincoln-Lemington-Belmar,5,THEFT,3921 Theft by Unlawful Taking or Disposition.,1203,9,2,-79.90323672,40.46792725
1160,147023520,17000807,6,2017-01-02T10:54:00,2017-01-02,10:54:00,"20 Block Bedford Sq Pittsburgh, PA 15203",15203,Y,Central Business District,2,THEFT,3921 Theft by Unlawful Taking or Disposition. / 2705 Recklessly Endangering Another Person. / 2701 Simple Assault. / 2709(a) Harassment. / 3304 Criminal Mischief.,201,3,4,-79.98645781,40.42920482
1174,147092625,17001433,6,2017-01-03T11:10:00,2017-01-03,11:10:00,"5200 Block Centre Ave Pittsburgh, PA 15224",15224,N,Shadyside,4,THEFT,3921 Theft by Unlawful Taking or Disposition.,709,8,2,-79.9405853,40.45494018
1182,147483845,17005031,6,2017-01-09T12:14:00,2017-01-09,12:14:00,"2600 Block Perrysville Ave Pittsburgh, PA 15214",15214,N,Perry South,1,THEFT,3921 Theft by Unlawful Taking or Disposition. / 4106 Access Device Fraud,2615,6,1,-80.00844781,40.47117479
1186,147490428,17004993,6,2017-01-09T10:43:00,2017-01-09,10:43:00,"Rochelle St & Georgia Ave Pittsburgh, PA 15210",15210,N,Knoxville,3,THEFT,3921 Theft by Unlawful Taking or Disposition. / 3745 Accidents Involving Damage to Unattended Veh.or Prop. / 3743 Accidents Involving Damage to Attended Veh. or Property,3001,3,4,-79.99507382,40.41498282
1228,146634276,16239742,6,2016-12-26T19:15:00,2016-12-26,19:15:00,"4400 Block Browns Hill Rd Pittsburgh, PA 15217",15217,N,Squirrel Hill South,4,THEFT,3921(a) Theft by Unlawful Taking or Disposition - Movable item,1414,5,3,-79.92703317,40.41949053
1232,146699704,16240162,6,2016-12-27T16:17:00,2016-12-27,16:17:00,"2400 Block Allequippa St Pittsburgh, PA 15213",15213,Y,Terrace Village,2,THEFT,3921(a) Theft by Unlawful Taking or Disposition - Movable item / 4106 Access Device Fraud,510,6,3,-79.96568994,40.44279175
1234,146748542,16240563,6,2016-12-28T10:45:00,2016-12-28,10:45:00,"300 Block Oak Hill Dr Pittsburgh, PA 15213",15213,N,Terrace Village,2,THEFT,3921(a) Theft by Unlawful Taking or Disposition - Movable item,510,6,3,-79.96994413,40.44126676
1244,147128790,17001699,6,2017-01-03T16:00:00,2017-01-03,16:00:00,"7500 Block Bennett St Pittsburgh, PA 15208",15208,N,Homewood South,5,THEFT,3921 Theft by Unlawful Taking or Disposition. / 2709 Harassment (Non-Specific),1304,9,2,-79.89220413,40.45527585
1245,147131525,17001718,6,2017-01-03T16:30:00,2017-01-03,16:30:00,"700 Block E Warrington Ave Pittsburgh, PA 15210",15210,N,Allentown,3,THEFT,"3924 Theft of Property Lost, Mislaid or Delivered by Mistake.",1803,3,4,-79.99548539,40.42151101
1251,147198374,17002105,6,2017-01-04T10:00:00,2017-01-04,10:00:00,"1600 Block Sophia St Pittsburgh, PA 15212",15212,N,Spring Hill-City View,1,THEFT,3921 Theft by Unlawful Taking or Disposition.,2620,1,1,-79.99397806,40.46305908
1255,147247998,17002440,6,2017-01-03T04:30:00,2017-01-03,04:30:00,"800 Block Chartiers St Pittsburgh, PA 15220",15220,N,Central Business District,6,THEFT,3921 Theft by Unlawful Taking or Disposition.,201,2,5,-80.03903801,40.44258739
1266,147578864,17005826,6,2017-01-10T16:00:00,2017-01-10,16:00:00,"6300 Block Shakespeare St Pittsburgh, PA 15206",15206,N,Shadyside,4,THEFT,"3924 Theft of Property Lost, Mislaid or Delivered by Mistake.",708,8,2,-79.92146083,40.45888145
1271,146848311,16241396,6,2016-12-29T12:00:00,2016-12-29,12:00:00,"Miller St & Colwell St Pittsburgh, PA 15219",15219,N,Crawford-Roberts,2,THEFT,3921 Theft by Unlawful Taking or Disposition.,305,6,3,-79.98206592,40.43911032
1290,147237964,17002394,6,2017-01-04T20:00:00,2017-01-04,20:00:00,"3400 Block Bates St Pittsburgh, PA 15213",15213,N,Central Oakland,4,THEFT,3921 Theft by Unlawful Taking or Disposition.,406,3,3,-79.95632907,40.4351332
1280,147195639,17002099,6,2017-01-04T12:20:00,2017-01-04,12:20:00,"2500 Block Library Rd Pittsburgh, PA 15234",15234,N,Overbrook,3,THEFT,3921 Theft by Unlawful Taking or Disposition. / 3304 Criminal Mischief.,3207,4,4,-79.99611824,40.38224159
1292,147309345,16201626,6,2017-01-05T13:30:00,2017-01-05,13:30:00,"100 Block 43rd St Pittsburgh, PA 15201",15201,N,Central Lawrenceville,2,THEFT,3921(a) Theft by Unlawful Taking or Disposition - Movable item,901,7,2,-79.96392019,40.47286639
1294,147335264,17003057,6,2017-01-05T22:00:00,2017-01-05,22:00:00,"100 Block Meridan St Pittsburgh, PA 15211",15211,N,Mount Washington,3,THEFT,3921(a) Theft by Unlawful Taking or Disposition - Movable item,1903,2,5,-80.01777042,40.43747645
1297,147344153,17003069,6,2017-01-04T12:00:00,2017-01-04,12:00:00,"100 Block Bigham St Pittsburgh, PA 15211",15211,N,Mount Washington,3,THEFT,3921 Theft by Unlawful Taking or Disposition.,1903,2,5,-80.01468345,40.43585709
1298,147344341,17003082,6,2017-01-04T12:00:00,2017-01-04,12:00:00,"100 Block Bigham St Pittsburgh, PA 15211",15211,N,Mount Washington,3,THEFT,3921 Theft by Unlawful Taking or Disposition.,1903,2,5,-80.01468345,40.43585709
1302,147582210,17005822,6,2017-01-10T14:00:00,2017-01-10,14:00:00,"Middle St & E North Ave Pittsburgh, PA 15212",15212,Y,East Allegheny,1,THEFT,3921(a) Theft by Unlawful Taking or Disposition - Movable item,2304,1,1,-80.00007116,40.45668695
1341,147399261,17003643,6,2017-01-06T23:15:00,2017-01-06,23:15:00,"1000 Block Woodbourne Ave Pittsburgh, PA 15226",15226,N,Brookline,6,THEFT,3921 Theft by Unlawful Taking or Disposition.,1918,4,4,-80.01859621,40.39030101
1359,146991850,17000652,6,2017-01-02T00:15:00,2017-01-02,00:15:00,"1200 Block Banksville Rd Pittsburgh, PA 15216",15216,N,Banksville,6,THEFT,3921(a) Theft by Unlawful Taking or Disposition - Movable item,2023,4,5,-80.02972821,40.42466724
1372,-2742022303,17003923,6,2017-01-07T11:00:00,2017-01-07,11:00:00,"400 Block Kingsboro St Pittsburgh, PA 15211",15211,N,Mount Washington,3,THEFT,3921(a) Theft by Unlawful Taking or Disposition - Movable item / 3921 Theft by Unlawful Taking or Disposition.,1807,3,4,-80.00053849,40.42161176
1362,147033442,17000879,6,2016-12-31T12:00:00,2016-12-31,12:00:00,"2000 Block Jacob St Pittsburgh, PA 15210",15210,N,Brookline,6,THEFT,3921(a) Theft by Unlawful Taking or Disposition - Movable item,3206,4,4,-79.99934807,40.39260813
1374,147422382,17003728,6,2017-01-07T01:30:00,2017-01-07,01:30:00,"900 Block Rothpletz St Pittsburgh, PA 15212",15212,N,Marshall-Shadeland,1,THEFT,3921 Theft by Unlawful Taking or Disposition.,2715,1,1,-80.02333376,40.47646277
1378,147448014,17004543,6,2017-01-08T13:30:00,2017-01-08,13:30:00,"700 Block Hargrove St Pittsburgh, PA 15226",15226,Y,Central Business District,3,THEFT,3921(a) Theft by Unlawful Taking or Disposition - Movable item,1915,4,5,-80.01292164,40.41447709
1411,147378810,17003519,6,2017-01-06T17:35:00,2017-01-06,17:35:00,"3200 Block California Ave Pittsburgh, PA 15212",15212,N,Brighton Heights,1,THEFT,3921(a) Theft by Unlawful Taking or Disposition - Movable item,2703,1,1,-80.03783915,40.47293548
1419,147400849,17003735,6,2017-01-07T00:45:00,2017-01-07,00:45:00,"4900 Block Hatfield St Pittsburgh, PA 15201",15201,Y,Central Lawrenceville,2,THEFT,3921 Theft by Unlawful Taking or Disposition.,901,7,2,-79.95748061,40.47750204
1427,147460647,17004876,6,2017-01-08T06:30:00,2017-01-08,06:30:00,"900 Block Watson St Pittsburgh, PA 15219",15219,Y,Bluff,2,THEFT,3921(a) Theft by Unlawful Taking or Disposition - Movable item,103,6,6,-79.99155821,40.43824766
1444,147644642,17006289,6,2017-01-10T09:00:00,2017-01-10,09:00:00,"300 Block Eutaw St Pittsburgh, PA 15211",15211,N,Mount Washington,3,THEFT,3921 Theft by Unlawful Taking or Disposition. / 4120 Identity Theft / 2709(a)(5) Harassment Communicates Repeatedly in Anonymous Manner,1915,2,5,-80.00780735,40.42323008
1461,147427973,17004122,6,2017-01-07T19:37:00,2017-01-07,19:37:00,"2300 Block Broadway Ave Pittsburgh, PA 15216",15216,N,Beechview,6,THEFT,3921(a) Theft by Unlawful Taking or Disposition - Movable item,1920,4,5,-80.03099642,40.40268622
1462,147428333,17004117,6,2017-01-07T18:30:00,2017-01-07,18:30:00,"30 Block S 10th St Pittsburgh, PA 15203",15203,N,South Side Flats,3,THEFT,3921(a) Theft by Unlawful Taking or Disposition - Movable item,1702,3,4,-79.98870153,40.42975134
1475,147507272,17005220,6,2016-12-26T00:01:00,2016-12-26,00:01:00,"6300 Block Centre Ave Pittsburgh, PA 15206",15206,N,East Liberty,5,THEFT,3921 Theft by Unlawful Taking or Disposition. / 4106 Access Device Fraud,1115,9,2,-79.921633,40.46225231
1485,147651412,17006326,6,2017-01-09T18:23:00,2017-01-09,18:23:00,"200 Block 40th St Pittsburgh, PA 15201",15201,N,Lower Lawrenceville,2,THEFT,3921 Theft by Unlawful Taking or Disposition.,603,7,2,-79.96232968,40.4686585
1487,147650979,17006324,6,2017-01-10T18:30:00,2017-01-10,18:30:00,"200 Block Wade St Pittsburgh, PA 15211",15211,N,Mount Washington,3,THEFT,3921 Theft by Unlawful Taking or Disposition.,1914,2,5,-80.01222655,40.424418
1498,147432142,17004076,6,2017-01-07T16:00:00,2017-01-07,16:00:00,"700 Block Crawford St Pittsburgh, PA 15219",15219,N,Central Business District,2,THEFT,3921(a) Theft by Unlawful Taking or Disposition - Movable item / 3304 Criminal Mischief.,201,6,3,-79.98753147,40.44325214
1500,147437625,17004372,6,2017-01-08T05:07:00,2017-01-08,05:07:00,"4900 Block Liberty Ave Pittsburgh, PA 15224",15224,N,Bloomfield,5,THEFT,3921 Theft by Unlawful Taking or Disposition.,804,7,2,-79.94584514,40.45970737
1521,147626330,17006213,6,2017-01-06T23:00:00,2017-01-06,23:00:00,"1300 Block E Carson  (Rowdy Bucks) St Pittsburgh, PA 15203",15203,N,South Side Flats,3,THEFT,3921(a) Theft by Unlawful Taking or Disposition - Movable item,1702,3,4,-79.98517511,40.42860697
1545,147429650,17004189,6,2017-01-07T22:25:00,2017-01-07,22:25:00,"1500 Block E Carson St Pittsburgh, PA 15203",15203,N,South Side Flats,3,THEFT,3921(a) Theft by Unlawful Taking or Disposition - Movable item,1702,3,4,-79.98330671,40.42868483
1552,147541877,17005541,6,2017-01-10T08:30:00,2017-01-10,08:30:00,"3400 Block Fleming Ave Pittsburgh, PA 15212",15212,N,Brighton Heights,1,THEFT,3921 Theft by Unlawful Taking or Disposition.,2703,1,1,-80.03815717,40.47698002
1564,147566748,17005680,6,2017-01-10T13:00:00,2017-01-10,13:00:00,"4700 Block Centre Ave Pittsburgh, PA 15213",15213,N,Shadyside,4,THEFT,3921 Theft by Unlawful Taking or Disposition.,709,8,2,-79.94927741,40.45255125
1565,147570180,17005722,6,2017-01-10T15:20:00,2017-01-10,15:20:00,"3700 Block Butler St Pittsburgh, PA 15201",15201,N,Lower Lawrenceville,2,THEFT,3921(a) Theft by Unlawful Taking or Disposition - Movable item,603,7,2,-79.96440072,40.46620401
1566,147571963,17005691,6,2017-01-10T13:30:00,2017-01-10,13:30:00,"5300 Block Cornwall St Pittsburgh, PA 15224",15224,N,Garfield,5,THEFT,3921 Theft by Unlawful Taking or Disposition.,1016,9,2,-79.93766455,40.47006222
1583,147587633,17005834,6,2017-01-10T17:41:00,2017-01-10,17:41:00,"5300 Block Jordan Way Pittsburgh, PA 15224",15224,N,Garfield,5,THEFT,3921 Theft by Unlawful Taking or Disposition. / 2701 Simple Assault.,1017,9,2,-79.93811375,40.46618079
1586,147588492,17005900,6,2017-01-10T19:20:00,2017-01-10,19:20:00,"20 Block Telescope St Pittsburgh, PA 15203",15203,N,South Side Slopes,3,THEFT,3921 Theft by Unlawful Taking or Disposition.,1608,3,4,-79.96743143,40.42260728
1604,147447799,17004342,6,2017-01-08T02:30:00,2017-01-08,02:30:00,"1700 Block E Carson St Pittsburgh, PA 15203",15203,N,South Side Flats,3,THEFT,3921(a) Theft by Unlawful Taking or Disposition - Movable item,1702,3,4,-79.98186901,40.4285852
1631,146630595,16239695,6,2016-12-26T17:30:00,2016-12-26,17:30:00,"400 Block S 27th St Pittsburgh, PA 15203",15203,N,South Side Flats,3,THEFT,"3924 Theft of Property Lost, Mislaid or Delivered by Mistake.",1609,3,4,-79.96544643,40.42859109
1633,146634117,16239765,6,2016-12-26T20:17:00,2016-12-26,20:17:00,"100 Block S Negley Ave Pittsburgh, PA 15206",15206,N,Friendship,5,THEFT,3921 Theft by Unlawful Taking or Disposition.,807,9,2,-79.93060249,40.46346931
1639,146715469,16240363,6,2016-12-27T21:08:00,2016-12-27,21:08:00,"2100 Block Wharton St Pittsburgh, PA 15203",15203,N,South Side Flats,3,THEFT,"3924 Theft of Property Lost, Mislaid or Delivered by Mistake.",1609,3,4,-79.97539547,40.43002233
1646,146794346,16240868,6,2016-12-28T19:39:00,2016-12-28,19:39:00,"1800 Block Dagmar Ave Pittsburgh, PA 15216",15216,Y,Beechview,6,THEFT,3921(a) Theft by Unlawful Taking or Disposition - Movable item / 2701 Simple Assault. / 5104 Resisting Arrest or Other Law Enforcement. / 2703.1 Aggravated Harassment by Prisoner,1920,4,5,-80.02278562,40.40739693
1655,-2751001619,16239983,6,2016-12-27T06:00:00,2016-12-27,06:00:00,"2300 Block Valera St Pittsburgh, PA 15210",15210,N,Carrick,3,THEFT,3921 Theft by Unlawful Taking or Disposition.,2904,4,4,-79.98740665,40.3879339
1659,146779343,16240776,6,2016-12-28T16:40:00,2016-12-28,16:40:00,"1000 Block Norwich Ave Pittsburgh, PA 15226",15226,Y,Brookline,6,THEFT,3921(a) Theft by Unlawful Taking or Disposition - Movable item / 3925 Receiving Stolen Property.,1918,4,4,-80.02086926,40.38834085
1680,146663669,16239634,6,2016-12-26T15:00:00,2016-12-26,15:00:00,"200 Block S Highland Ave Pittsburgh, PA 15232",15232,N,Shadyside,4,THEFT,3921(a) Theft by Unlawful Taking or Disposition - Movable item,705,8,2,-79.92543474,40.45853284
1689,146622903,16239618,6,2016-12-26T15:00:00,2016-12-26,15:00:00,"300 Block Cedar Ave Pittsburgh, PA 15212",15212,N,East Allegheny,1,THEFT,"3924 Theft of Property Lost, Mislaid or Delivered by Mistake.",2304,1,1,-80.00084389,40.45089272
1719,146878583,16241686,6,2016-12-30T07:25:00,2016-12-30,07:25:00,"7500 Block Bennett St Pittsburgh, PA 15208",15208,N,Homewood South,5,THEFT,3921 Theft by Unlawful Taking or Disposition.,1304,9,2,-79.89220413,40.45527585
1722,146886025,16241741,6,2016-12-28T09:00:00,2016-12-28,09:00:00,"N Atlantic Ave & Jordan Way Pittsburgh, PA 15224",15224,N,Garfield,5,THEFT,3921 Theft by Unlawful Taking or Disposition.,1017,9,2,-79.93815993,40.46624347
1740,146749396,16240570,6,2016-12-27T17:00:00,2016-12-27,17:00:00,"N Homewood Ave & Bennett St Pittsburgh, PA 15221",15221,N,Homewood South,5,THEFT,3921(a) Theft by Unlawful Taking or Disposition - Movable item,1304,9,2,-79.89665999,40.45646393
1742,146979873,16240646,6,2016-12-28T12:30:00,2016-12-28,12:30:00,"2300 Block East Hills Dr Pittsburgh, PA 15221",15221,Y,East Hills,5,THEFT,3921(a) Theft by Unlawful Taking or Disposition - Movable item / 9012 Non-Violent Domestic,1306,9,2,-79.87136146,40.45656464
1788,146942948,16242501,6,2016-12-31T16:52:00,2016-12-31,16:52:00,"1100 Block E Carson St Pittsburgh, PA 15203",15203,N,South Side Flats,3,THEFT,3921(a) Theft by Unlawful Taking or Disposition - Movable item,1702,3,4,-79.98731788,40.42856797
1795,146660038,16239971,6,2016-12-27T08:00:00,2016-12-27,08:00:00,"20 Block Lawn St Pittsburgh, PA 15213",15213,N,South Oakland,4,THEFT,3921 Theft by Unlawful Taking or Disposition.,409,6,3,-79.96573181,40.4355471
1797,146824152,16241142,6,2016-12-28T16:00:00,2016-12-28,16:00:00,"400 Block pearl St Pittsburgh, PA 15224",15224,N,Bloomfield,5,THEFT,3921(a) Theft by Unlawful Taking or Disposition - Movable item / 4106 Access Device Fraud,802,7,2,-79.95099725,40.46091942
1814,147131698,17001677,6,2017-01-03T18:00:00,2017-01-03,18:00:00,"3200 Block Kennett Sq Pittsburgh, PA 15213",15213,N,South Oakland,4,THEFT,"3921(a) Theft by Unlawful Taking or Disposition - Movable item / 2701(a)(1) Simple Assault - Intent., Know., Reckless.Cause Bod. Injury / 2902 Unlawful Restraint.",409,3,3,-79.96117302,40.43429968
1816,147147696,17001787,6,2017-01-03T21:50:00,2017-01-03,21:50:00,"300 Block 4th Ave Pittsburgh, PA 15222",15222,N,Central Business District,2,THEFT,3921(a) Theft by Unlawful Taking or Disposition - Movable item,201,6,6,-80.00116998,40.43914077
1818,147191107,17002055,6,2017-01-04T10:00:00,2017-01-04,10:00:00,"90 Block S 24th St Pittsburgh, PA 15203",15203,N,South Side Flats,3,THEFT,3921 Theft by Unlawful Taking or Disposition.,1609,3,4,-79.97117559,40.42886706
1831,147046993,17000968,6,2017-01-02T03:30:00,2017-01-02,03:30:00,"Gregory St Pittsburgh, PA 15203",15203,N,South Side Slopes,3,THEFT,3921(a) Theft by Unlawful Taking or Disposition - Movable item / 3304 Criminal Mischief.,1706,3,4,-79.97963814,40.42402661
1847,-2914000011,17000737,6,2017-01-02T06:45:00,2017-01-02,06:45:00,"1300 Block Barr Ave Pittsburgh, PA 15205",15205,N,Westwood,6,THEFT,3921 Theft by Unlawful Taking 